[1F[0J[?25h[0;39;49mBench Clock Reset Complete
ATE0-->ATE0
OK
AT+BLEINIT=0-->OK
AT+CWMODE=0-->OK
Cycle counts:          245540,   8236,   8214,   8206,   8212,   8207,   8205,   8204,   8194,   8204,   8194,   8204,   8194,   8204,   8194,   8204,   8194,   8204,   8194,   8204,   8194,   8204,   8194,   8204,   8194,   8204,   8194,   8204,   8194,   8204,   8194,   8204,   8194,   8204,   8194,   8204,   8194,   8204,   8194,   8204,   8194,   8204,   8194,   8204,   8194,   8204,   8194,   8204,   8194, 
Branch mispredictions:            25,     20,     14,     11,     14,     12,     12,     11,      8,     11,      8,     11,      8,     11,      8,     11,      8,     11,      8,     11,      8,     11,      8,     11,      8,     11,      8,     11,      8,     11,      8,     11,      8,     11,      8,     11,      8,     11,      8,     11,      8,     11,      8,     11,      8,     11,      8,     11,      8, 
ICache misses:       108,      0,      0,      0,      0,      0,      0,      0,      0,      0,      0,      0,      0,      0,      0,      0,      0,      0,      0,      0,      0,      0,      0,      0,      0,      0,      0,      0,      0,      0,      0,      0,      0,      0,      0,      0,      0,      0,      0,      0,      0,      0,      0,      0,      0,      0,      0,      0,      0, 
Result: 58ac7b52f8d1e1b5e43bb6109e9f4083
Expected result: [58, ac, 7b, 52, f8, d1, e1, b5, e4, 3b, b6, 10, 9e, 9f, 40, 83]
[1F[0J[?25h[0;39;49mBench Clock Reset Complete
ATE0-->OK
AT+BLEINIT=0-->OK
AT+CWMODE=0-->OK
Cycle counts:          245556,   8240,   8222,   8216,   8223,   8210,   8215,   8208,   8212,   8205,   8212,   8205,   8212,   8205,   8212,   8205,   8212,   8205,   8212,   8205,   8212,   8205,   8212,   8205,   8212,   8205,   8212,   8205,   8212,   8205,   8212,   8205,   8212,   8205,   8212,   8205,   8212,   8205,   8212,   8205,   8212,   8205,   8212,   8205,   8212,   8205,   8212,   8205,   8212, 
Branch mispredictions:            31,     23,     17,     15,     17,     14,     15,     13,     14,     12,     14,     12,     14,     12,     14,     12,     14,     12,     14,     12,     14,     12,     14,     12,     14,     12,     14,     12,     14,     12,     14,     12,     14,     12,     14,     12,     14,     12,     14,     12,     14,     12,     14,     12,     14,     12,     14,     12,     14, 
ICache misses:       108,      0,      0,      0,      0,      0,      0,      0,      0,      0,      0,      0,      0,      0,      0,      0,      0,      0,      0,      0,      0,      0,      0,      0,      0,      0,      0,      0,      0,      0,      0,      0,      0,      0,      0,      0,      0,      0,      0,      0,      0,      0,      0,      0,      0,      0,      0,      0,      0, 
Result: 86c1ac0ae5cd9d3ac75d12b0f1eaca6d
Expected result: [86, c1, ac, a, e5, cd, 9d, 3a, c7, 5d, 12, b0, f1, ea, ca, 6d]
[1F[0J[?25h[0;39;49mBench Clock Reset Complete
ATE0-->ATE0
OK
AT+BLEINIT=0--> Send sync error AT+CWMODE=0-->OK
Cycle counts:          245555,   8254,   8220,   8223,   8208,   8212,   8199,   8203,   8199,   8203,   8199,   8203,   8199,   8203,   8199,   8203,   8199,   8203,   8199,   8203,   8199,   8203,   8199,   8203,   8199,   8203,   8199,   8203,   8199,   8203,   8199,   8203,   8199,   8203,   8199,   8203,   8199,   8203,   8199,   8203,   8199,   8203,   8199,   8203,   8199,   8203,   8199,   8203,   8199, 
Branch mispredictions:            31,     26,     17,     17,     13,     14,     10,     11,     10,     11,     10,     11,     10,     11,     10,     11,     10,     11,     10,     11,     10,     11,     10,     11,     10,     11,     10,     11,     10,     11,     10,     11,     10,     11,     10,     11,     10,     11,     10,     11,     10,     11,     10,     11,     10,     11,     10,     11,     10, 
ICache misses:       108,      0,      0,      0,      0,      0,      0,      0,      0,      0,      0,      0,      0,      0,      0,      0,      0,      0,      0,      0,      0,      0,      0,      0,      0,      0,      0,      0,      0,      0,      0,      0,      0,      0,      0,      0,      0,      0,      0,      0,      0,      0,      0,      0,      0,      0,      0,      0,      0, 
Result: 5caefe340f4948197033e925f42f19f2
Expected result: [5c, ae, fe, 34, f, 49, 48, 19, 70, 33, e9, 25, f4, 2f, 19, f2]
[1F[0J[?25h[0;39;49mBench Clock Reset Complete
ATE0-->OK
AT+BLEINIT=0-->OK
AT+CWMODE=0-->OK
Cycle counts:          245554,   8248,   8218,   8219,   8208,   8202,   8205,   8202,   8205,   8202,   8205,   8202,   8205,   8202,   8205,   8202,   8205,   8202,   8205,   8202,   8205,   8202,   8205,   8202,   8205,   8202,   8205,   8202,   8205,   8202,   8205,   8202,   8205,   8202,   8205,   8202,   8205,   8202,   8205,   8202,   8205,   8202,   8205,   8202,   8205,   8202,   8205,   8202,   8205, 
Branch mispredictions:            31,     25,     15,     16,     12,     11,     11,     11,     11,     11,     11,     11,     11,     11,     11,     11,     11,     11,     11,     11,     11,     11,     11,     11,     11,     11,     11,     11,     11,     11,     11,     11,     11,     11,     11,     11,     11,     11,     11,     11,     11,     11,     11,     11,     11,     11,     11,     11,     11, 
ICache misses:       108,      0,      0,      0,      0,      0,      0,      0,      0,      0,      0,      0,      0,      0,      0,      0,      0,      0,      0,      0,      0,      0,      0,      0,      0,      0,      0,      0,      0,      0,      0,      0,      0,      0,      0,      0,      0,      0,      0,      0,      0,      0,      0,      0,      0,      0,      0,      0,      0, 
Result: a9a8e03942db256b824d2e49ff4b969d
Expected result: [a9, a8, e0, 39, 42, db, 25, 6b, 82, 4d, 2e, 49, ff, 4b, 96, 9d]
[1F[0J[?25h[0;39;49mBench Clock Reset Complete
ATE0-->ATE0
OK
AT+BLEINIT=0--> Send sync error AT+CWMODE=0-->OK
Cycle counts:          245558,   8254,   8221,   8219,   8215,   8229,   8209,   8225,   8208,   8218,   8205,   8218,   8205,   8218,   8205,   8218,   8205,   8218,   8205,   8218,   8205,   8218,   8205,   8218,   8205,   8218,   8205,   8218,   8205,   8218,   8205,   8218,   8205,   8218,   8205,   8218,   8205,   8218,   8205,   8218,   8205,   8218,   8205,   8218,   8205,   8218,   8205,   8218,   8205, 
Branch mispredictions:            32,     27,     17,     16,     15,     19,     13,     18,     13,     16,     12,     16,     12,     16,     12,     16,     12,     16,     12,     16,     12,     16,     12,     16,     12,     16,     12,     16,     12,     16,     12,     16,     12,     16,     12,     16,     12,     16,     12,     16,     12,     16,     12,     16,     12,     16,     12,     16,     12, 
ICache misses:       108,      0,      0,      0,      0,      0,      0,      0,      0,      0,      0,      0,      0,      0,      0,      0,      0,      0,      0,      0,      0,      0,      0,      0,      0,      0,      0,      0,      0,      0,      0,      0,      0,      0,      0,      0,      0,      0,      0,      0,      0,      0,      0,      0,      0,      0,      0,      0,      0, 
Result: 1abfb13dd1e4961419cde6fce1d33d0a
Expected result: [1a, bf, b1, 3d, d1, e4, 96, 14, 19, cd, e6, fc, e1, d3, 3d, a]
[1F[0J[?25h[0;39;49mBench Clock Reset Complete
ATE0-->OK
AT+BLEINIT=0-->OK
AT+CWMODE=0-->OK
Cycle counts:          245548,   8226,   8219,   8209,   8206,   8199,   8203,   8199,   8203,   8199,   8203,   8199,   8203,   8199,   8203,   8199,   8203,   8199,   8203,   8199,   8203,   8199,   8203,   8199,   8203,   8199,   8203,   8199,   8203,   8199,   8203,   8199,   8203,   8199,   8203,   8199,   8203,   8199,   8203,   8199,   8203,   8199,   8203,   8199,   8203,   8199,   8203,   8199,   8203, 
Branch mispredictions:            28,     19,     15,     13,     12,     10,     11,     10,     11,     10,     11,     10,     11,     10,     11,     10,     11,     10,     11,     10,     11,     10,     11,     10,     11,     10,     11,     10,     11,     10,     11,     10,     11,     10,     11,     10,     11,     10,     11,     10,     11,     10,     11,     10,     11,     10,     11,     10,     11, 
ICache misses:       108,      0,      0,      0,      0,      0,      0,      0,      0,      0,      0,      0,      0,      0,      0,      0,      0,      0,      0,      0,      0,      0,      0,      0,      0,      0,      0,      0,      0,      0,      0,      0,      0,      0,      0,      0,      0,      0,      0,      0,      0,      0,      0,      0,      0,      0,      0,      0,      0, 
Result: bd6f80c88f03128a1698c0a502e0e7f2
Expected result: [bd, 6f, 80, c8, 8f, 3, 12, 8a, 16, 98, c0, a5, 2, e0, e7, f2]
[1F[0J[?25h[0;39;49mBench Clock Reset Complete
ATE0-->ATE0
OK
AT+BLEINIT=0-->OK
AT+CWMODE=0-->OK
Cycle counts:          245552,   8242,   8226,   8213,   8218,   8221,   8208,   8206,   8196,   8206,   8196,   8206,   8196,   8206,   8196,   8206,   8196,   8206,   8196,   8206,   8196,   8206,   8196,   8206,   8196,   8206,   8196,   8206,   8196,   8206,   8196,   8206,   8196,   8206,   8196,   8206,   8196,   8206,   8196,   8206,   8196,   8206,   8196,   8206,   8196,   8206,   8196,   8206,   8196, 
Branch mispredictions:            30,     23,     18,     14,     15,     16,     13,     12,      9,     12,      9,     12,      9,     12,      9,     12,      9,     12,      9,     12,      9,     12,      9,     12,      9,     12,      9,     12,      9,     12,      9,     12,      9,     12,      9,     12,      9,     12,      9,     12,      9,     12,      9,     12,      9,     12,      9,     12,      9, 
ICache misses:       108,      0,      0,      0,      0,      0,      0,      0,      0,      0,      0,      0,      0,      0,      0,      0,      0,      0,      0,      0,      0,      0,      0,      0,      0,      0,      0,      0,      0,      0,      0,      0,      0,      0,      0,      0,      0,      0,      0,      0,      0,      0,      0,      0,      0,      0,      0,      0,      0, 
Result: 81c492567d8cbf3f2975c9d30804b80c
Expected result: [81, c4, 92, 56, 7d, 8c, bf, 3f, 29, 75, c9, d3, 8, 4, b8, c]
[1F[0J[?25h[0;39;49mBench Clock Reset Complete
ATE0-->OK
AT+BLEINIT=0-->OK
AT+CWMODE=0-->OK
Cycle counts:          245546,   8236,   8224,   8203,   8217,   8191,   8214,   8191,   8214,   8191,   8214,   8191,   8214,   8191,   8214,   8191,   8214,   8191,   8214,   8191,   8214,   8191,   8214,   8191,   8214,   8191,   8214,   8191,   8214,   8191,   8214,   8191,   8214,   8191,   8214,   8191,   8214,   8191,   8214,   8191,   8214,   8191,   8214,   8191,   8214,   8191,   8214,   8191,   8214, 
Branch mispredictions:            28,     21,     17,     11,     15,      7,     14,      7,     14,      7,     14,      7,     14,      7,     14,      7,     14,      7,     14,      7,     14,      7,     14,      7,     14,      7,     14,      7,     14,      7,     14,      7,     14,      7,     14,      7,     14,      7,     14,      7,     14,      7,     14,      7,     14,      7,     14,      7,     14, 
ICache misses:       108,      0,      0,      0,      0,      0,      0,      0,      0,      0,      0,      0,      0,      0,      0,      0,      0,      0,      0,      0,      0,      0,      0,      0,      0,      0,      0,      0,      0,      0,      0,      0,      0,      0,      0,      0,      0,      0,      0,      0,      0,      0,      0,      0,      0,      0,      0,      0,      0, 
Result: d49b3be3ab51a52bccd334569cc87c35
Expected result: [d4, 9b, 3b, e3, ab, 51, a5, 2b, cc, d3, 34, 56, 9c, c8, 7c, 35]
[1F[0J[?25h[0;39;49mBench Clock Reset Complete
ATE0-->ATE0
OK
AT+BLEINIT=0-->OK
AT+CWMODE=0-->OK
Cycle counts:          245552,   8253,   8230,   8215,   8216,   8214,   8224,   8206,   8203,   8216,   8206,   8213,   8206,   8213,   8206,   8213,   8206,   8213,   8206,   8213,   8206,   8213,   8206,   8213,   8206,   8213,   8206,   8213,   8206,   8213,   8206,   8213,   8206,   8213,   8206,   8213,   8206,   8213,   8206,   8213,   8206,   8213,   8206,   8213,   8206,   8213,   8206,   8213,   8206, 
Branch mispredictions:            30,     26,     19,     14,     15,     14,     17,     12,     11,     15,     12,     14,     12,     14,     12,     14,     12,     14,     12,     14,     12,     14,     12,     14,     12,     14,     12,     14,     12,     14,     12,     14,     12,     14,     12,     14,     12,     14,     12,     14,     12,     14,     12,     14,     12,     14,     12,     14,     12, 
ICache misses:       108,      0,      0,      0,      0,      0,      0,      0,      0,      0,      0,      0,      0,      0,      0,      0,      0,      0,      0,      0,      0,      0,      0,      0,      0,      0,      0,      0,      0,      0,      0,      0,      0,      0,      0,      0,      0,      0,      0,      0,      0,      0,      0,      0,      0,      0,      0,      0,      0, 
Result: 3575b0dec139e5e822177c9f07db371b
Expected result: [35, 75, b0, de, c1, 39, e5, e8, 22, 17, 7c, 9f, 7, db, 37, 1b]
[1F[0J[?25h[0;39;49mBench Clock Reset Complete
ATE0-->OK
AT+BLEINIT=0-->OK
AT+CWMODE=0-->OK
Cycle counts:          245555,   8255,   8217,   8220,   8215,   8205,   8209,   8205,   8209,   8205,   8209,   8205,   8209,   8205,   8209,   8205,   8209,   8205,   8209,   8205,   8209,   8205,   8209,   8205,   8209,   8205,   8209,   8205,   8209,   8205,   8209,   8205,   8209,   8205,   8209,   8205,   8209,   8205,   8209,   8205,   8209,   8205,   8209,   8205,   8209,   8205,   8209,   8205,   8209, 
Branch mispredictions:            31,     27,     15,     16,     14,     11,     12,     11,     12,     11,     12,     11,     12,     11,     12,     11,     12,     11,     12,     11,     12,     11,     12,     11,     12,     11,     12,     11,     12,     11,     12,     11,     12,     11,     12,     11,     12,     11,     12,     11,     12,     11,     12,     11,     12,     11,     12,     11,     12, 
ICache misses:       108,      0,      0,      0,      0,      0,      0,      0,      0,      0,      0,      0,      0,      0,      0,      0,      0,      0,      0,      0,      0,      0,      0,      0,      0,      0,      0,      0,      0,      0,      0,      0,      0,      0,      0,      0,      0,      0,      0,      0,      0,      0,      0,      0,      0,      0,      0,      0,      0, 
Result: e13ae9a590c4f7b5fed17b2a87a39b22
Expected result: [e1, 3a, e9, a5, 90, c4, f7, b5, fe, d1, 7b, 2a, 87, a3, 9b, 22]
[1F[0J[?25h[0;39;49mBench Clock Reset Complete
ATE0-->ATE0
OK
AT+BLEINIT=0-->OK
AT+CWMODE=0-->OK
Cycle counts:          245554,   8229,   8229,   8221,   8208,   8215,   8208,   8215,   8208,   8215,   8208,   8215,   8208,   8215,   8208,   8215,   8208,   8215,   8208,   8215,   8208,   8215,   8208,   8215,   8208,   8215,   8208,   8215,   8208,   8215,   8208,   8215,   8208,   8215,   8208,   8215,   8208,   8215,   8208,   8215,   8208,   8215,   8208,   8215,   8208,   8215,   8208,   8215,   8208, 
Branch mispredictions:            30,     19,     20,     17,     13,     15,     13,     15,     13,     15,     13,     15,     13,     15,     13,     15,     13,     15,     13,     15,     13,     15,     13,     15,     13,     15,     13,     15,     13,     15,     13,     15,     13,     15,     13,     15,     13,     15,     13,     15,     13,     15,     13,     15,     13,     15,     13,     15,     13, 
ICache misses:       108,      0,      0,      0,      0,      0,      0,      0,      0,      0,      0,      0,      0,      0,      0,      0,      0,      0,      0,      0,      0,      0,      0,      0,      0,      0,      0,      0,      0,      0,      0,      0,      0,      0,      0,      0,      0,      0,      0,      0,      0,      0,      0,      0,      0,      0,      0,      0,      0, 
Result: b7fef7b291ac3ce17cffb431349a3a2a
Expected result: [b7, fe, f7, b2, 91, ac, 3c, e1, 7c, ff, b4, 31, 34, 9a, 3a, 2a]
[1F[0J[?25h[0;39;49mBench Clock Reset Complete
ATE0-->OK
AT+BLEINIT=0-->OK
AT+CWMODE=0-->OK
Cycle counts:          245547,   8243,   8218,   8216,   8228,   8223,   8213,   8202,   8210,   8202,   8210,   8202,   8210,   8202,   8210,   8202,   8210,   8202,   8210,   8202,   8210,   8202,   8210,   8202,   8210,   8202,   8210,   8202,   8210,   8202,   8210,   8202,   8210,   8202,   8210,   8202,   8210,   8202,   8210,   8202,   8210,   8202,   8210,   8202,   8210,   8202,   8210,   8202,   8210, 
Branch mispredictions:            28,     23,     16,     15,     18,     17,     14,     11,     13,     11,     13,     11,     13,     11,     13,     11,     13,     11,     13,     11,     13,     11,     13,     11,     13,     11,     13,     11,     13,     11,     13,     11,     13,     11,     13,     11,     13,     11,     13,     11,     13,     11,     13,     11,     13,     11,     13,     11,     13, 
ICache misses:       108,      0,      0,      0,      0,      0,      0,      0,      0,      0,      0,      0,      0,      0,      0,      0,      0,      0,      0,      0,      0,      0,      0,      0,      0,      0,      0,      0,      0,      0,      0,      0,      0,      0,      0,      0,      0,      0,      0,      0,      0,      0,      0,      0,      0,      0,      0,      0,      0, 
Result: a0500b6e2aa0726f2b9777769c5bcd83
Expected result: [a0, 50, b, 6e, 2a, a0, 72, 6f, 2b, 97, 77, 76, 9c, 5b, cd, 83]
[1F[0J[?25h[0;39;49mBench Clock Reset Complete
ATE0-->ATE0
OK
AT+BLEINIT=0-->OK
AT+CWMODE=0-->OK
Cycle counts:          245545,   8228,   8229,   8212,   8219,   8212,   8219,   8212,   8219,   8212,   8219,   8212,   8219,   8212,   8219,   8212,   8219,   8212,   8219,   8212,   8219,   8212,   8219,   8212,   8219,   8212,   8219,   8212,   8219,   8212,   8219,   8212,   8219,   8212,   8219,   8212,   8219,   8212,   8219,   8212,   8219,   8212,   8219,   8212,   8219,   8212,   8219,   8212,   8219, 
Branch mispredictions:            27,     19,     19,     14,     16,     14,     16,     14,     16,     14,     16,     14,     16,     14,     16,     14,     16,     14,     16,     14,     16,     14,     16,     14,     16,     14,     16,     14,     16,     14,     16,     14,     16,     14,     16,     14,     16,     14,     16,     14,     16,     14,     16,     14,     16,     14,     16,     14,     16, 
ICache misses:       108,      0,      0,      0,      0,      0,      0,      0,      0,      0,      0,      0,      0,      0,      0,      0,      0,      0,      0,      0,      0,      0,      0,      0,      0,      0,      0,      0,      0,      0,      0,      0,      0,      0,      0,      0,      0,      0,      0,      0,      0,      0,      0,      0,      0,      0,      0,      0,      0, 
Result: b7a104ac8150cfcc4b2bbadbf7bb96ae
Expected result: [b7, a1, 4, ac, 81, 50, cf, cc, 4b, 2b, ba, db, f7, bb, 96, ae]
[1F[0J[?25h[0;39;49mBench Clock Reset Complete
ATE0-->OK
AT+BLEINIT=0-->OK
AT+CWMODE=0-->OK
Cycle counts:          245552,   8249,   8222,   8209,   8208,   8210,   8209,   8217,   8207,   8217,   8207,   8217,   8207,   8217,   8207,   8217,   8207,   8217,   8207,   8217,   8207,   8217,   8207,   8217,   8207,   8217,   8207,   8217,   8207,   8217,   8207,   8217,   8207,   8217,   8207,   8217,   8207,   8217,   8207,   8217,   8207,   8217,   8207,   8217,   8207,   8217,   8207,   8217,   8207, 
Branch mispredictions:            30,     25,     17,     13,     12,     13,     13,     16,     13,     16,     13,     16,     13,     16,     13,     16,     13,     16,     13,     16,     13,     16,     13,     16,     13,     16,     13,     16,     13,     16,     13,     16,     13,     16,     13,     16,     13,     16,     13,     16,     13,     16,     13,     16,     13,     16,     13,     16,     13, 
ICache misses:       108,      0,      0,      0,      0,      0,      0,      0,      0,      0,      0,      0,      0,      0,      0,      0,      0,      0,      0,      0,      0,      0,      0,      0,      0,      0,      0,      0,      0,      0,      0,      0,      0,      0,      0,      0,      0,      0,      0,      0,      0,      0,      0,      0,      0,      0,      0,      0,      0, 
Result: 4adb02626b4fd0afc1d1d050c97c9406
Expected result: [4a, db, 2, 62, 6b, 4f, d0, af, c1, d1, d0, 50, c9, 7c, 94, 6]
[1F[0J[?25h[0;39;49mBench Clock Reset Complete
ATE0-->ATE0
OK
AT+BLEINIT=0-->OK
AT+CWMODE=0-->OK
Cycle counts:          245559,   8233,   8230,   8210,   8210,   8203,   8212,   8200,   8211,   8200,   8211,   8200,   8211,   8200,   8211,   8200,   8211,   8200,   8211,   8200,   8211,   8200,   8211,   8200,   8211,   8200,   8211,   8200,   8211,   8200,   8211,   8200,   8211,   8200,   8211,   8200,   8211,   8200,   8211,   8200,   8211,   8200,   8211,   8200,   8211,   8200,   8211,   8200,   8211, 
Branch mispredictions:            33,     20,     19,     13,     13,     11,     13,     10,     13,     10,     13,     10,     13,     10,     13,     10,     13,     10,     13,     10,     13,     10,     13,     10,     13,     10,     13,     10,     13,     10,     13,     10,     13,     10,     13,     10,     13,     10,     13,     10,     13,     10,     13,     10,     13,     10,     13,     10,     13, 
ICache misses:       108,      0,      0,      0,      0,      0,      0,      0,      0,      0,      0,      0,      0,      0,      0,      0,      0,      0,      0,      0,      0,      0,      0,      0,      0,      0,      0,      0,      0,      0,      0,      0,      0,      0,      0,      0,      0,      0,      0,      0,      0,      0,      0,      0,      0,      0,      0,      0,      0, 
Result: e419375627cf18ea0f14d06a1add9596
Expected result: [e4, 19, 37, 56, 27, cf, 18, ea, f, 14, d0, 6a, 1a, dd, 95, 96]
[1F[0J[?25h[0;39;49mBench Clock Reset Complete
ATE0-->OK
AT+BLEINIT=0-->OK
AT+CWMODE=0-->OK
Cycle counts:          245560,   8258,   8219,   8214,   8206,   8216,   8218,   8229,   8209,   8206,   8217,   8200,   8210,   8200,   8210,   8200,   8210,   8200,   8210,   8200,   8210,   8200,   8210,   8200,   8210,   8200,   8210,   8200,   8210,   8200,   8210,   8200,   8210,   8200,   8210,   8200,   8210,   8200,   8210,   8200,   8210,   8200,   8210,   8200,   8210,   8200,   8210,   8200,   8210, 
Branch mispredictions:            33,     28,     16,     14,     12,     15,     15,     18,     13,     12,     15,     10,     13,     10,     13,     10,     13,     10,     13,     10,     13,     10,     13,     10,     13,     10,     13,     10,     13,     10,     13,     10,     13,     10,     13,     10,     13,     10,     13,     10,     13,     10,     13,     10,     13,     10,     13,     10,     13, 
ICache misses:       108,      0,      0,      0,      0,      0,      0,      0,      0,      0,      0,      0,      0,      0,      0,      0,      0,      0,      0,      0,      0,      0,      0,      0,      0,      0,      0,      0,      0,      0,      0,      0,      0,      0,      0,      0,      0,      0,      0,      0,      0,      0,      0,      0,      0,      0,      0,      0,      0, 
Result: 1354169e7d3b8c5d17ff4ff512b60bd1
Expected result: [13, 54, 16, 9e, 7d, 3b, 8c, 5d, 17, ff, 4f, f5, 12, b6, b, d1]
[1F[0J[?25h[0;39;49mBench Clock Reset Complete
ATE0-->ATE0
OK
AT+BLEINIT=0-->OK
AT+CWMODE=0-->OK
Cycle counts:          245552,   8253,   8230,   8215,   8216,   8214,   8221,   8206,   8203,   8212,   8202,   8212,   8202,   8212,   8202,   8212,   8202,   8212,   8202,   8212,   8202,   8212,   8202,   8212,   8202,   8212,   8202,   8212,   8202,   8212,   8202,   8212,   8202,   8212,   8202,   8212,   8202,   8212,   8202,   8212,   8202,   8212,   8202,   8212,   8202,   8212,   8202,   8212,   8202, 
Branch mispredictions:            30,     26,     19,     14,     15,     14,     16,     12,     11,     14,     11,     14,     11,     14,     11,     14,     11,     14,     11,     14,     11,     14,     11,     14,     11,     14,     11,     14,     11,     14,     11,     14,     11,     14,     11,     14,     11,     14,     11,     14,     11,     14,     11,     14,     11,     14,     11,     14,     11, 
ICache misses:       108,      0,      0,      0,      0,      0,      0,      0,      0,      0,      0,      0,      0,      0,      0,      0,      0,      0,      0,      0,      0,      0,      0,      0,      0,      0,      0,      0,      0,      0,      0,      0,      0,      0,      0,      0,      0,      0,      0,      0,      0,      0,      0,      0,      0,      0,      0,      0,      0, 
Result: 721ccabb0cfb0b69a47036d50aef91f5
Expected result: [72, 1c, ca, bb, c, fb, b, 69, a4, 70, 36, d5, a, ef, 91, f5]
[1F[0J[?25h[0;39;49mBench Clock Reset Complete
ATE0-->OK
AT+BLEINIT=0-->OK
AT+CWMODE=0-->OK
Cycle counts:          245554,   8230,   8218,   8216,   8212,   8216,   8212,   8216,   8212,   8216,   8212,   8216,   8212,   8216,   8212,   8216,   8212,   8216,   8212,   8216,   8212,   8216,   8212,   8216,   8212,   8216,   8212,   8216,   8212,   8216,   8212,   8216,   8212,   8216,   8212,   8216,   8212,   8216,   8212,   8216,   8212,   8216,   8212,   8216,   8212,   8216,   8212,   8216,   8212, 
Branch mispredictions:            31,     19,     16,     15,     14,     15,     14,     15,     14,     15,     14,     15,     14,     15,     14,     15,     14,     15,     14,     15,     14,     15,     14,     15,     14,     15,     14,     15,     14,     15,     14,     15,     14,     15,     14,     15,     14,     15,     14,     15,     14,     15,     14,     15,     14,     15,     14,     15,     14, 
ICache misses:       108,      0,      0,      0,      0,      0,      0,      0,      0,      0,      0,      0,      0,      0,      0,      0,      0,      0,      0,      0,      0,      0,      0,      0,      0,      0,      0,      0,      0,      0,      0,      0,      0,      0,      0,      0,      0,      0,      0,      0,      0,      0,      0,      0,      0,      0,      0,      0,      0, 
Result: e9a08a8ac3bdd03d908c29c8070c9f6f
Expected result: [e9, a0, 8a, 8a, c3, bd, d0, 3d, 90, 8c, 29, c8, 7, c, 9f, 6f]
[1F[0J[?25h[0;39;49mBench Clock Reset Complete
ATE0-->ATE0
OK
AT+BLEINIT=0-->OK
AT+CWMODE=0-->OK
Cycle counts:          245553,   8234,   8214,   8212,   8222,   8205,   8212,   8205,   8212,   8205,   8212,   8205,   8212,   8205,   8212,   8205,   8212,   8205,   8212,   8205,   8212,   8205,   8212,   8205,   8212,   8205,   8212,   8205,   8212,   8205,   8212,   8205,   8212,   8205,   8212,   8205,   8212,   8205,   8212,   8205,   8212,   8205,   8212,   8205,   8212,   8205,   8212,   8205,   8212, 
Branch mispredictions:            30,     21,     14,     14,     17,     12,     14,     12,     14,     12,     14,     12,     14,     12,     14,     12,     14,     12,     14,     12,     14,     12,     14,     12,     14,     12,     14,     12,     14,     12,     14,     12,     14,     12,     14,     12,     14,     12,     14,     12,     14,     12,     14,     12,     14,     12,     14,     12,     14, 
ICache misses:       108,      0,      0,      0,      0,      0,      0,      0,      0,      0,      0,      0,      0,      0,      0,      0,      0,      0,      0,      0,      0,      0,      0,      0,      0,      0,      0,      0,      0,      0,      0,      0,      0,      0,      0,      0,      0,      0,      0,      0,      0,      0,      0,      0,      0,      0,      0,      0,      0, 
Result: 8c166c76aefaf772d96b887e7ca4c74d
Expected result: [8c, 16, 6c, 76, ae, fa, f7, 72, d9, 6b, 88, 7e, 7c, a4, c7, 4d]
[1F[0J[?25h[0;39;49mBench Clock Reset Complete
ATE0-->OK
AT+BLEINIT=0-->OK
AT+CWMODE=0-->OK
Cycle counts:          245553,   8238,   8220,   8220,   8205,   8212,   8205,   8212,   8205,   8212,   8205,   8212,   8205,   8212,   8205,   8212,   8205,   8212,   8205,   8212,   8205,   8212,   8205,   8212,   8205,   8212,   8205,   8212,   8205,   8212,   8205,   8212,   8205,   8212,   8205,   8212,   8205,   8212,   8205,   8212,   8205,   8212,   8205,   8212,   8205,   8212,   8205,   8212,   8205, 
Branch mispredictions:            30,     22,     17,     17,     12,     14,     12,     14,     12,     14,     12,     14,     12,     14,     12,     14,     12,     14,     12,     14,     12,     14,     12,     14,     12,     14,     12,     14,     12,     14,     12,     14,     12,     14,     12,     14,     12,     14,     12,     14,     12,     14,     12,     14,     12,     14,     12,     14,     12, 
ICache misses:       108,      0,      0,      0,      0,      0,      0,      0,      0,      0,      0,      0,      0,      0,      0,      0,      0,      0,      0,      0,      0,      0,      0,      0,      0,      0,      0,      0,      0,      0,      0,      0,      0,      0,      0,      0,      0,      0,      0,      0,      0,      0,      0,      0,      0,      0,      0,      0,      0, 
Result: 120967d3b1b9b8e9b38cedfb6c66109f
Expected result: [12, 9, 67, d3, b1, b9, b8, e9, b3, 8c, ed, fb, 6c, 66, 10, 9f]
[1F[0J[?25h[0;39;49mBench Clock Reset Complete
ATE0-->ATE0
OK
AT+BLEINIT=0-->OK
AT+CWMODE=0-->OK
Cycle counts:          245550,   8256,   8219,   8217,   8202,   8207,   8199,   8203,   8199,   8203,   8199,   8203,   8199,   8203,   8199,   8203,   8199,   8203,   8199,   8203,   8199,   8203,   8199,   8203,   8199,   8203,   8199,   8203,   8199,   8203,   8199,   8203,   8199,   8203,   8199,   8203,   8199,   8203,   8199,   8203,   8199,   8203,   8199,   8203,   8199,   8203,   8199,   8203,   8199, 
Branch mispredictions:            29,     27,     16,     15,     11,     12,     10,     11,     10,     11,     10,     11,     10,     11,     10,     11,     10,     11,     10,     11,     10,     11,     10,     11,     10,     11,     10,     11,     10,     11,     10,     11,     10,     11,     10,     11,     10,     11,     10,     11,     10,     11,     10,     11,     10,     11,     10,     11,     10, 
ICache misses:       108,      0,      0,      0,      0,      0,      0,      0,      0,      0,      0,      0,      0,      0,      0,      0,      0,      0,      0,      0,      0,      0,      0,      0,      0,      0,      0,      0,      0,      0,      0,      0,      0,      0,      0,      0,      0,      0,      0,      0,      0,      0,      0,      0,      0,      0,      0,      0,      0, 
Result: c301521f4d6176d76ca73b3c3419c303
Expected result: [c3, 1, 52, 1f, 4d, 61, 76, d7, 6c, a7, 3b, 3c, 34, 19, c3, 3]
[1F[0J[?25h[0;39;49mBench Clock Reset Complete
ATE0-->OK
AT+BLEINIT=0-->OK
AT+CWMODE=0-->OK
Cycle counts:          245551,   8238,   8223,   8210,   8209,   8199,   8209,   8199,   8209,   8199,   8209,   8199,   8209,   8199,   8209,   8199,   8209,   8199,   8209,   8199,   8209,   8199,   8209,   8199,   8209,   8199,   8209,   8199,   8209,   8199,   8209,   8199,   8209,   8199,   8209,   8199,   8209,   8199,   8209,   8199,   8209,   8199,   8209,   8199,   8209,   8199,   8209,   8199,   8209, 
Branch mispredictions:            30,     22,     17,     14,     13,     10,     13,     10,     13,     10,     13,     10,     13,     10,     13,     10,     13,     10,     13,     10,     13,     10,     13,     10,     13,     10,     13,     10,     13,     10,     13,     10,     13,     10,     13,     10,     13,     10,     13,     10,     13,     10,     13,     10,     13,     10,     13,     10,     13, 
ICache misses:       108,      0,      0,      0,      0,      0,      0,      0,      0,      0,      0,      0,      0,      0,      0,      0,      0,      0,      0,      0,      0,      0,      0,      0,      0,      0,      0,      0,      0,      0,      0,      0,      0,      0,      0,      0,      0,      0,      0,      0,      0,      0,      0,      0,      0,      0,      0,      0,      0, 
Result: 73370d08e45f07c5b8dd46337c21c418
Expected result: [73, 37, d, 8, e4, 5f, 7, c5, b8, dd, 46, 33, 7c, 21, c4, 18]
[1F[0J[?25h[0;39;49mBench Clock Reset Complete
ATE0--> Send Flag error: #0 #0 #0 #0 AT+BLEINIT=0-->AT+BLEINIT=0
OK
AT+CWMODE=0-->AT+CWMODE=0
OK
Cycle counts:          245552,   8245,   8221,   8219,   8215,   8212,   8223,   8202,   8219,   8208,   8218,   8205,   8218,   8205,   8218,   8205,   8218,   8205,   8218,   8205,   8218,   8205,   8218,   8205,   8218,   8205,   8218,   8205,   8218,   8205,   8218,   8205,   8218,   8205,   8218,   8205,   8218,   8205,   8218,   8205,   8218,   8205,   8218,   8205,   8218,   8205,   8218,   8205,   8218, 
Branch mispredictions:            30,     24,     17,     16,     15,     14,     17,     11,     16,     13,     16,     12,     16,     12,     16,     12,     16,     12,     16,     12,     16,     12,     16,     12,     16,     12,     16,     12,     16,     12,     16,     12,     16,     12,     16,     12,     16,     12,     16,     12,     16,     12,     16,     12,     16,     12,     16,     12,     16, 
ICache misses:       108,      0,      0,      0,      0,      0,      0,      0,      0,      0,      0,      0,      0,      0,      0,      0,      0,      0,      0,      0,      0,      0,      0,      0,      0,      0,      0,      0,      0,      0,      0,      0,      0,      0,      0,      0,      0,      0,      0,      0,      0,      0,      0,      0,      0,      0,      0,      0,      0, 
Result: 559d79b9cca8a8e695a925ffc9dfeba0
Expected result: [55, 9d, 79, b9, cc, a8, a8, e6, 95, a9, 25, ff, c9, df, eb, a0]
[1F[0J[?25h[0;39;49mBench Clock Reset Complete
ATE0-->ATE0
OK
AT+BLEINIT=0-->OK
AT+CWMODE=0-->OK
Cycle counts:          245554,   8231,   8216,   8212,   8201,   8212,   8201,   8212,   8201,   8212,   8201,   8212,   8201,   8212,   8201,   8212,   8201,   8212,   8201,   8212,   8201,   8212,   8201,   8212,   8201,   8212,   8201,   8212,   8201,   8212,   8201,   8212,   8201,   8212,   8201,   8212,   8201,   8212,   8201,   8212,   8201,   8212,   8201,   8212,   8201,   8212,   8201,   8212,   8201, 
Branch mispredictions:            30,     20,     16,     14,     11,     14,     11,     14,     11,     14,     11,     14,     11,     14,     11,     14,     11,     14,     11,     14,     11,     14,     11,     14,     11,     14,     11,     14,     11,     14,     11,     14,     11,     14,     11,     14,     11,     14,     11,     14,     11,     14,     11,     14,     11,     14,     11,     14,     11, 
ICache misses:       108,      0,      0,      0,      0,      0,      0,      0,      0,      0,      0,      0,      0,      0,      0,      0,      0,      0,      0,      0,      0,      0,      0,      0,      0,      0,      0,      0,      0,      0,      0,      0,      0,      0,      0,      0,      0,      0,      0,      0,      0,      0,      0,      0,      0,      0,      0,      0,      0, 
Result: 6e454701c5324bfe6ed0a99702e92239
Expected result: [6e, 45, 47, 1, c5, 32, 4b, fe, 6e, d0, a9, 97, 2, e9, 22, 39]
[1F[0J[?25h[0;39;49mBench Clock Reset Complete
ATE0-->ATE0
OK
AT+BLEINIT=0-->OK
AT+CWMODE=0-->OK
Cycle counts:          245556,   8227,   8214,   8220,   8203,   8210,   8197,   8212,   8197,   8212,   8197,   8212,   8197,   8212,   8197,   8212,   8197,   8212,   8197,   8212,   8197,   8212,   8197,   8212,   8197,   8212,   8197,   8212,   8197,   8212,   8197,   8212,   8197,   8212,   8197,   8212,   8197,   8212,   8197,   8212,   8197,   8212,   8197,   8212,   8197,   8212,   8197,   8212,   8197, 
Branch mispredictions:            31,     18,     14,     16,     11,     13,      9,     14,      9,     14,      9,     14,      9,     14,      9,     14,      9,     14,      9,     14,      9,     14,      9,     14,      9,     14,      9,     14,      9,     14,      9,     14,      9,     14,      9,     14,      9,     14,      9,     14,      9,     14,      9,     14,      9,     14,      9,     14,      9, 
ICache misses:       108,      0,      0,      0,      0,      0,      0,      0,      0,      0,      0,      0,      0,      0,      0,      0,      0,      0,      0,      0,      0,      0,      0,      0,      0,      0,      0,      0,      0,      0,      0,      0,      0,      0,      0,      0,      0,      0,      0,      0,      0,      0,      0,      0,      0,      0,      0,      0,      0, 
Result: ded26a36bf549eabf31918a6eccc8ca4
Expected result: [de, d2, 6a, 36, bf, 54, 9e, ab, f3, 19, 18, a6, ec, cc, 8c, a4]
[1F[0J[?25h[0;39;49mBench Clock Reset Complete
ATE0-->OK
AT+BLEINIT=0-->OK
AT+CWMODE=0-->OK
Cycle counts:          245553,   8234,   8215,   8213,   8212,   8213,   8212,   8213,   8212,   8213,   8212,   8213,   8212,   8213,   8212,   8213,   8212,   8213,   8212,   8213,   8212,   8213,   8212,   8213,   8212,   8213,   8212,   8213,   8212,   8213,   8212,   8213,   8212,   8213,   8212,   8213,   8212,   8213,   8212,   8213,   8212,   8213,   8212,   8213,   8212,   8213,   8212,   8213,   8212, 
Branch mispredictions:            30,     20,     15,     14,     14,     14,     14,     14,     14,     14,     14,     14,     14,     14,     14,     14,     14,     14,     14,     14,     14,     14,     14,     14,     14,     14,     14,     14,     14,     14,     14,     14,     14,     14,     14,     14,     14,     14,     14,     14,     14,     14,     14,     14,     14,     14,     14,     14,     14, 
ICache misses:       108,      0,      0,      0,      0,      0,      0,      0,      0,      0,      0,      0,      0,      0,      0,      0,      0,      0,      0,      0,      0,      0,      0,      0,      0,      0,      0,      0,      0,      0,      0,      0,      0,      0,      0,      0,      0,      0,      0,      0,      0,      0,      0,      0,      0,      0,      0,      0,      0, 
Result: cb3411d8524915115ca0edf068cc597c
Expected result: [cb, 34, 11, d8, 52, 49, 15, 11, 5c, a0, ed, f0, 68, cc, 59, 7c]
[1F[0J[?25h[0;39;49mBench Clock Reset Complete
ATE0-->ATE0
OK
AT+BLEINIT=0-->OK
AT+CWMODE=0-->OK
Cycle counts:          245554,   8220,   8228,   8204,   8212,   8201,   8212,   8201,   8212,   8201,   8212,   8201,   8212,   8201,   8212,   8201,   8212,   8201,   8212,   8201,   8212,   8201,   8212,   8201,   8212,   8201,   8212,   8201,   8212,   8201,   8212,   8201,   8212,   8201,   8212,   8201,   8212,   8201,   8212,   8201,   8212,   8201,   8212,   8201,   8212,   8201,   8212,   8201,   8212, 
Branch mispredictions:            30,     17,     19,     12,     14,     11,     14,     11,     14,     11,     14,     11,     14,     11,     14,     11,     14,     11,     14,     11,     14,     11,     14,     11,     14,     11,     14,     11,     14,     11,     14,     11,     14,     11,     14,     11,     14,     11,     14,     11,     14,     11,     14,     11,     14,     11,     14,     11,     14, 
ICache misses:       108,      0,      0,      0,      0,      0,      0,      0,      0,      0,      0,      0,      0,      0,      0,      0,      0,      0,      0,      0,      0,      0,      0,      0,      0,      0,      0,      0,      0,      0,      0,      0,      0,      0,      0,      0,      0,      0,      0,      0,      0,      0,      0,      0,      0,      0,      0,      0,      0, 
Result: 895a5768e0c48640102f101d1abd79ac
Expected result: [89, 5a, 57, 68, e0, c4, 86, 40, 10, 2f, 10, 1d, 1a, bd, 79, ac]
[1F[0J[?25h[0;39;49mBench Clock Reset Complete
ATE0-->OK
AT+BLEINIT=0-->OK
AT+CWMODE=0-->OK
Cycle counts:          245542,   8238,   8219,   8209,   8210,   8206,   8210,   8206,   8210,   8206,   8210,   8206,   8210,   8206,   8210,   8206,   8210,   8206,   8210,   8206,   8210,   8206,   8210,   8206,   8210,   8206,   8210,   8206,   8210,   8206,   8210,   8206,   8210,   8206,   8210,   8206,   8210,   8206,   8210,   8206,   8210,   8206,   8210,   8206,   8210,   8206,   8210,   8206,   8210, 
Branch mispredictions:            26,     22,     16,     13,     13,     12,     13,     12,     13,     12,     13,     12,     13,     12,     13,     12,     13,     12,     13,     12,     13,     12,     13,     12,     13,     12,     13,     12,     13,     12,     13,     12,     13,     12,     13,     12,     13,     12,     13,     12,     13,     12,     13,     12,     13,     12,     13,     12,     13, 
ICache misses:       108,      0,      0,      0,      0,      0,      0,      0,      0,      0,      0,      0,      0,      0,      0,      0,      0,      0,      0,      0,      0,      0,      0,      0,      0,      0,      0,      0,      0,      0,      0,      0,      0,      0,      0,      0,      0,      0,      0,      0,      0,      0,      0,      0,      0,      0,      0,      0,      0, 
Result: 30246efe1f5bf9972a77332850712248
Expected result: [30, 24, 6e, fe, 1f, 5b, f9, 97, 2a, 77, 33, 28, 50, 71, 22, 48]
[1F[0J[?25h[0;39;49mBench Clock Reset Complete
ATE0-->ATE0
OK
AT+BLEINIT=0-->OK
AT+CWMODE=0-->OK
Cycle counts:          245558,   8237,   8221,   8226,   8206,   8210,   8209,   8213,   8206,   8213,   8206,   8213,   8206,   8213,   8206,   8213,   8206,   8213,   8206,   8213,   8206,   8213,   8206,   8213,   8206,   8213,   8206,   8213,   8206,   8213,   8206,   8213,   8206,   8213,   8206,   8213,   8206,   8213,   8206,   8213,   8206,   8213,   8206,   8213,   8206,   8213,   8206,   8213,   8206, 
Branch mispredictions:            32,     22,     17,     18,     12,     13,     13,     14,     12,     14,     12,     14,     12,     14,     12,     14,     12,     14,     12,     14,     12,     14,     12,     14,     12,     14,     12,     14,     12,     14,     12,     14,     12,     14,     12,     14,     12,     14,     12,     14,     12,     14,     12,     14,     12,     14,     12,     14,     12, 
ICache misses:       108,      0,      0,      0,      0,      0,      0,      0,      0,      0,      0,      0,      0,      0,      0,      0,      0,      0,      0,      0,      0,      0,      0,      0,      0,      0,      0,      0,      0,      0,      0,      0,      0,      0,      0,      0,      0,      0,      0,      0,      0,      0,      0,      0,      0,      0,      0,      0,      0, 
Result: 5a697a76da7888c647c31a5b3733fba0
Expected result: [5a, 69, 7a, 76, da, 78, 88, c6, 47, c3, 1a, 5b, 37, 33, fb, a0]
[1F[0J[?25h[0;39;49mBench Clock Reset Complete
ATE0-->OK
AT+BLEINIT=0-->OK
AT+CWMODE=0-->OK
Cycle counts:          245553,   8234,   8218,   8213,   8212,   8213,   8212,   8213,   8212,   8213,   8212,   8213,   8212,   8213,   8212,   8213,   8212,   8213,   8212,   8213,   8212,   8213,   8212,   8213,   8212,   8213,   8212,   8213,   8212,   8213,   8212,   8213,   8212,   8213,   8212,   8213,   8212,   8213,   8212,   8213,   8212,   8213,   8212,   8213,   8212,   8213,   8212,   8213,   8212, 
Branch mispredictions:            30,     20,     16,     14,     14,     14,     14,     14,     14,     14,     14,     14,     14,     14,     14,     14,     14,     14,     14,     14,     14,     14,     14,     14,     14,     14,     14,     14,     14,     14,     14,     14,     14,     14,     14,     14,     14,     14,     14,     14,     14,     14,     14,     14,     14,     14,     14,     14,     14, 
ICache misses:       108,      0,      0,      0,      0,      0,      0,      0,      0,      0,      0,      0,      0,      0,      0,      0,      0,      0,      0,      0,      0,      0,      0,      0,      0,      0,      0,      0,      0,      0,      0,      0,      0,      0,      0,      0,      0,      0,      0,      0,      0,      0,      0,      0,      0,      0,      0,      0,      0, 
Result: 282cec140f4bc5b2a6ba50364cb0f7db
Expected result: [28, 2c, ec, 14, f, 4b, c5, b2, a6, ba, 50, 36, 4c, b0, f7, db]
[1F[0J[?25h[0;39;49mBench Clock Reset Complete
ATE0-->ATE0
OK
AT+BLEINIT=0-->OK
AT+CWMODE=0-->OK
Cycle counts:          245551,   8240,   8221,   8205,   8218,   8202,   8215,   8201,   8217,   8201,   8217,   8201,   8217,   8201,   8217,   8201,   8217,   8201,   8217,   8201,   8217,   8201,   8217,   8201,   8217,   8201,   8217,   8201,   8217,   8201,   8217,   8201,   8217,   8201,   8217,   8201,   8217,   8201,   8217,   8201,   8217,   8201,   8217,   8201,   8217,   8201,   8217,   8201,   8217, 
Branch mispredictions:            29,     23,     16,     12,     16,     11,     15,     11,     16,     11,     16,     11,     16,     11,     16,     11,     16,     11,     16,     11,     16,     11,     16,     11,     16,     11,     16,     11,     16,     11,     16,     11,     16,     11,     16,     11,     16,     11,     16,     11,     16,     11,     16,     11,     16,     11,     16,     11,     16, 
ICache misses:       108,      0,      0,      0,      0,      0,      0,      0,      0,      0,      0,      0,      0,      0,      0,      0,      0,      0,      0,      0,      0,      0,      0,      0,      0,      0,      0,      0,      0,      0,      0,      0,      0,      0,      0,      0,      0,      0,      0,      0,      0,      0,      0,      0,      0,      0,      0,      0,      0, 
Result: e53fbacdb8c9c707c95a0ddc996758fe
Expected result: [e5, 3f, ba, cd, b8, c9, c7, 7, c9, 5a, d, dc, 99, 67, 58, fe]
[1F[0J[?25h[0;39;49mBench Clock Reset Complete
ATE0-->OK
AT+BLEINIT=0-->OK
AT+CWMODE=0-->OK
Cycle counts:          245549,   8241,   8223,   8216,   8205,   8201,   8205,   8201,   8205,   8201,   8205,   8201,   8205,   8201,   8205,   8201,   8205,   8201,   8205,   8201,   8205,   8201,   8205,   8201,   8205,   8201,   8205,   8201,   8205,   8201,   8205,   8201,   8205,   8201,   8205,   8201,   8205,   8201,   8205,   8201,   8205,   8201,   8205,   8201,   8205,   8201,   8205,   8201,   8205, 
Branch mispredictions:            29,     22,     17,     15,     11,     10,     11,     10,     11,     10,     11,     10,     11,     10,     11,     10,     11,     10,     11,     10,     11,     10,     11,     10,     11,     10,     11,     10,     11,     10,     11,     10,     11,     10,     11,     10,     11,     10,     11,     10,     11,     10,     11,     10,     11,     10,     11,     10,     11, 
ICache misses:       108,      0,      0,      0,      0,      0,      0,      0,      0,      0,      0,      0,      0,      0,      0,      0,      0,      0,      0,      0,      0,      0,      0,      0,      0,      0,      0,      0,      0,      0,      0,      0,      0,      0,      0,      0,      0,      0,      0,      0,      0,      0,      0,      0,      0,      0,      0,      0,      0, 
Result: 7afb73544ba7cd69d989f21ba196e5c1
Expected result: [7a, fb, 73, 54, 4b, a7, cd, 69, d9, 89, f2, 1b, a1, 96, e5, c1]
[1F[0J[?25h[0;39;49mBench Clock Reset Complete
ATE0-->ATE0
OK
AT+BLEINIT=0-->OK
AT+CWMODE=0-->OK
Cycle counts:          245553,   8246,   8221,   8216,   8198,   8205,   8198,   8205,   8198,   8205,   8198,   8205,   8198,   8205,   8198,   8205,   8198,   8205,   8198,   8205,   8198,   8205,   8198,   8205,   8198,   8205,   8198,   8205,   8198,   8205,   8198,   8205,   8198,   8205,   8198,   8205,   8198,   8205,   8198,   8205,   8198,   8205,   8198,   8205,   8198,   8205,   8198,   8205,   8198, 
Branch mispredictions:            30,     24,     17,     15,     10,     12,     10,     12,     10,     12,     10,     12,     10,     12,     10,     12,     10,     12,     10,     12,     10,     12,     10,     12,     10,     12,     10,     12,     10,     12,     10,     12,     10,     12,     10,     12,     10,     12,     10,     12,     10,     12,     10,     12,     10,     12,     10,     12,     10, 
ICache misses:       108,      0,      0,      0,      0,      0,      0,      0,      0,      0,      0,      0,      0,      0,      0,      0,      0,      0,      0,      0,      0,      0,      0,      0,      0,      0,      0,      0,      0,      0,      0,      0,      0,      0,      0,      0,      0,      0,      0,      0,      0,      0,      0,      0,      0,      0,      0,      0,      0, 
Result: 23352530a5125fd2f1ab29eb51a2fc6c
Expected result: [23, 35, 25, 30, a5, 12, 5f, d2, f1, ab, 29, eb, 51, a2, fc, 6c]
[1F[0J[?25h[0;39;49mBench Clock Reset Complete
ATE0-->OK
AT+BLEINIT=0-->OK
AT+CWMODE=0-->OK
Cycle counts:          245554,   8228,   8209,   8208,   8211,   8200,   8208,   8200,   8208,   8200,   8208,   8200,   8208,   8200,   8208,   8200,   8208,   8200,   8208,   8200,   8208,   8200,   8208,   8200,   8208,   8200,   8208,   8200,   8208,   8200,   8208,   8200,   8208,   8200,   8208,   8200,   8208,   8200,   8208,   8200,   8208,   8200,   8208,   8200,   8208,   8200,   8208,   8200,   8208, 
Branch mispredictions:            30,     18,     13,     12,     13,     10,     12,     10,     12,     10,     12,     10,     12,     10,     12,     10,     12,     10,     12,     10,     12,     10,     12,     10,     12,     10,     12,     10,     12,     10,     12,     10,     12,     10,     12,     10,     12,     10,     12,     10,     12,     10,     12,     10,     12,     10,     12,     10,     12, 
ICache misses:       108,      0,      0,      0,      0,      0,      0,      0,      0,      0,      0,      0,      0,      0,      0,      0,      0,      0,      0,      0,      0,      0,      0,      0,      0,      0,      0,      0,      0,      0,      0,      0,      0,      0,      0,      0,      0,      0,      0,      0,      0,      0,      0,      0,      0,      0,      0,      0,      0, 
Result: 8bc2d08abf605394c4c6d220f92fb44d
Expected result: [8b, c2, d0, 8a, bf, 60, 53, 94, c4, c6, d2, 20, f9, 2f, b4, 4d]
[1F[0J[?25h[0;39;49mBench Clock Reset Complete
ATE0-->ATE0
OK
AT+BLEINIT=0-->OK
AT+CWMODE=0-->OK
Cycle counts:          245548,   8240,   8235,   8221,   8222,   8205,   8215,   8205,   8215,   8205,   8215,   8205,   8215,   8205,   8215,   8205,   8215,   8205,   8215,   8205,   8215,   8205,   8215,   8205,   8215,   8205,   8215,   8205,   8215,   8205,   8215,   8205,   8215,   8205,   8215,   8205,   8215,   8205,   8215,   8205,   8215,   8205,   8215,   8205,   8215,   8205,   8215,   8205,   8215, 
Branch mispredictions:            28,     23,     21,     17,     17,     12,     15,     12,     15,     12,     15,     12,     15,     12,     15,     12,     15,     12,     15,     12,     15,     12,     15,     12,     15,     12,     15,     12,     15,     12,     15,     12,     15,     12,     15,     12,     15,     12,     15,     12,     15,     12,     15,     12,     15,     12,     15,     12,     15, 
ICache misses:       108,      0,      0,      0,      0,      0,      0,      0,      0,      0,      0,      0,      0,      0,      0,      0,      0,      0,      0,      0,      0,      0,      0,      0,      0,      0,      0,      0,      0,      0,      0,      0,      0,      0,      0,      0,      0,      0,      0,      0,      0,      0,      0,      0,      0,      0,      0,      0,      0, 
Result: 1f9728414d98cf231f8c3019c86d8b11
Expected result: [1f, 97, 28, 41, 4d, 98, cf, 23, 1f, 8c, 30, 19, c8, 6d, 8b, 11]
[1F[0J[?25h[0;39;49mBench Clock Reset Complete
ATE0-->OK
AT+BLEINIT=0-->OK
AT+CWMODE=0-->OK
Cycle counts:          245543,   8236,   8243,   8214,   8211,   8203,   8207,   8203,   8207,   8203,   8207,   8203,   8207,   8203,   8207,   8203,   8207,   8203,   8207,   8203,   8207,   8203,   8207,   8203,   8207,   8203,   8207,   8203,   8207,   8203,   8207,   8203,   8207,   8203,   8207,   8203,   8207,   8203,   8207,   8203,   8207,   8203,   8207,   8203,   8207,   8203,   8207,   8203,   8207, 
Branch mispredictions:            27,     20,     24,     15,     13,     11,     12,     11,     12,     11,     12,     11,     12,     11,     12,     11,     12,     11,     12,     11,     12,     11,     12,     11,     12,     11,     12,     11,     12,     11,     12,     11,     12,     11,     12,     11,     12,     11,     12,     11,     12,     11,     12,     11,     12,     11,     12,     11,     12, 
ICache misses:       108,      0,      0,      0,      0,      0,      0,      0,      0,      0,      0,      0,      0,      0,      0,      0,      0,      0,      0,      0,      0,      0,      0,      0,      0,      0,      0,      0,      0,      0,      0,      0,      0,      0,      0,      0,      0,      0,      0,      0,      0,      0,      0,      0,      0,      0,      0,      0,      0, 
Result: b4fd39a023e8c9fa52b6af042ff11f5f
Expected result: [b4, fd, 39, a0, 23, e8, c9, fa, 52, b6, af, 4, 2f, f1, 1f, 5f]
[1F[0J[?25h[0;39;49mBench Clock Reset Complete
ATE0-->ATE0
OK
AT+BLEINIT=0-->OK
AT+CWMODE=0-->OK
Cycle counts:          245549,   8223,   8223,   8211,   8212,   8196,   8206,   8196,   8206,   8196,   8206,   8196,   8206,   8196,   8206,   8196,   8206,   8196,   8206,   8196,   8206,   8196,   8206,   8196,   8206,   8196,   8206,   8196,   8206,   8196,   8206,   8196,   8206,   8196,   8206,   8196,   8206,   8196,   8206,   8196,   8206,   8196,   8206,   8196,   8206,   8196,   8206,   8196,   8206, 
Branch mispredictions:            28,     18,     17,     13,     13,      9,     12,      9,     12,      9,     12,      9,     12,      9,     12,      9,     12,      9,     12,      9,     12,      9,     12,      9,     12,      9,     12,      9,     12,      9,     12,      9,     12,      9,     12,      9,     12,      9,     12,      9,     12,      9,     12,      9,     12,      9,     12,      9,     12, 
ICache misses:       108,      0,      0,      0,      0,      0,      0,      0,      0,      0,      0,      0,      0,      0,      0,      0,      0,      0,      0,      0,      0,      0,      0,      0,      0,      0,      0,      0,      0,      0,      0,      0,      0,      0,      0,      0,      0,      0,      0,      0,      0,      0,      0,      0,      0,      0,      0,      0,      0, 
Result: c45cc849539c740b9a697935ced5908d
Expected result: [c4, 5c, c8, 49, 53, 9c, 74, b, 9a, 69, 79, 35, ce, d5, 90, 8d]
[1F[0J[?25h[0;39;49mBench Clock Reset Complete
ATE0-->OK
AT+BLEINIT=0-->OK
AT+CWMODE=0-->OK
Cycle counts:          245549,   8235,   8227,   8217,   8200,   8203,   8203,   8200,   8203,   8200,   8203,   8200,   8203,   8200,   8203,   8200,   8203,   8200,   8203,   8200,   8203,   8200,   8203,   8200,   8203,   8200,   8203,   8200,   8203,   8200,   8203,   8200,   8203,   8200,   8203,   8200,   8203,   8200,   8203,   8200,   8203,   8200,   8203,   8200,   8203,   8200,   8203,   8200,   8203, 
Branch mispredictions:            29,     20,     18,     15,      9,     11,     10,     10,     10,     10,     10,     10,     10,     10,     10,     10,     10,     10,     10,     10,     10,     10,     10,     10,     10,     10,     10,     10,     10,     10,     10,     10,     10,     10,     10,     10,     10,     10,     10,     10,     10,     10,     10,     10,     10,     10,     10,     10,     10, 
ICache misses:       108,      0,      0,      0,      0,      0,      0,      0,      0,      0,      0,      0,      0,      0,      0,      0,      0,      0,      0,      0,      0,      0,      0,      0,      0,      0,      0,      0,      0,      0,      0,      0,      0,      0,      0,      0,      0,      0,      0,      0,      0,      0,      0,      0,      0,      0,      0,      0,      0, 
Result: 740c97d6f246bf0b2892609f928d8d8e
Expected result: [74, c, 97, d6, f2, 46, bf, b, 28, 92, 60, 9f, 92, 8d, 8d, 8e]
[1F[0J[?25h[0;39;49mBench Clock Reset Complete
ATE0-->ATE0
OK
AT+BLEINIT=0-->OK
AT+CWMODE=0-->OK
Cycle counts:          245555,   8235,   8219,   8222,   8223,   8202,   8210,   8202,   8210,   8202,   8210,   8202,   8210,   8202,   8210,   8202,   8210,   8202,   8210,   8202,   8210,   8202,   8210,   8202,   8210,   8202,   8210,   8202,   8210,   8202,   8210,   8202,   8210,   8202,   8210,   8202,   8210,   8202,   8210,   8202,   8210,   8202,   8210,   8202,   8210,   8202,   8210,   8202,   8210, 
Branch mispredictions:            31,     20,     15,     17,     17,     11,     13,     11,     13,     11,     13,     11,     13,     11,     13,     11,     13,     11,     13,     11,     13,     11,     13,     11,     13,     11,     13,     11,     13,     11,     13,     11,     13,     11,     13,     11,     13,     11,     13,     11,     13,     11,     13,     11,     13,     11,     13,     11,     13, 
ICache misses:       108,      0,      0,      0,      0,      0,      0,      0,      0,      0,      0,      0,      0,      0,      0,      0,      0,      0,      0,      0,      0,      0,      0,      0,      0,      0,      0,      0,      0,      0,      0,      0,      0,      0,      0,      0,      0,      0,      0,      0,      0,      0,      0,      0,      0,      0,      0,      0,      0, 
Result: 10c2dbd447ae07adea00af57b8e1e227
Expected result: [10, c2, db, d4, 47, ae, 7, ad, ea, 0, af, 57, b8, e1, e2, 27]
[1F[0J[?25h[0;39;49mBench Clock Reset Complete
ATE0-->OK
AT+BLEINIT=0-->OK
AT+CWMODE=0-->OK
Cycle counts:          245549,   8247,   8219,   8224,   8207,   8215,   8210,   8213,   8200,   8210,   8200,   8210,   8200,   8210,   8200,   8210,   8200,   8210,   8200,   8210,   8200,   8210,   8200,   8210,   8200,   8210,   8200,   8210,   8200,   8210,   8200,   8210,   8200,   8210,   8200,   8210,   8200,   8210,   8200,   8210,   8200,   8210,   8200,   8210,   8200,   8210,   8200,   8210,   8200, 
Branch mispredictions:            29,     24,     16,     17,     12,     14,     13,     14,     10,     13,     10,     13,     10,     13,     10,     13,     10,     13,     10,     13,     10,     13,     10,     13,     10,     13,     10,     13,     10,     13,     10,     13,     10,     13,     10,     13,     10,     13,     10,     13,     10,     13,     10,     13,     10,     13,     10,     13,     10, 
ICache misses:       108,      0,      0,      0,      0,      0,      0,      0,      0,      0,      0,      0,      0,      0,      0,      0,      0,      0,      0,      0,      0,      0,      0,      0,      0,      0,      0,      0,      0,      0,      0,      0,      0,      0,      0,      0,      0,      0,      0,      0,      0,      0,      0,      0,      0,      0,      0,      0,      0, 
Result: 9de34bd0f42b62c9934741e944533d66
Expected result: [9d, e3, 4b, d0, f4, 2b, 62, c9, 93, 47, 41, e9, 44, 53, 3d, 66]
[1F[0J[?25h[0;39;49mBench Clock Reset Complete
ATE0-->ATE0
OK
AT+BLEINIT=0-->OK
AT+CWMODE=0-->OK
Cycle counts:          245549,   8243,   8220,   8220,   8208,   8201,   8205,   8201,   8205,   8201,   8205,   8201,   8205,   8201,   8205,   8201,   8205,   8201,   8205,   8201,   8205,   8201,   8205,   8201,   8205,   8201,   8205,   8201,   8205,   8201,   8205,   8201,   8205,   8201,   8205,   8201,   8205,   8201,   8205,   8201,   8205,   8201,   8205,   8201,   8205,   8201,   8205,   8201,   8205, 
Branch mispredictions:            29,     23,     16,     16,     12,     10,     11,     10,     11,     10,     11,     10,     11,     10,     11,     10,     11,     10,     11,     10,     11,     10,     11,     10,     11,     10,     11,     10,     11,     10,     11,     10,     11,     10,     11,     10,     11,     10,     11,     10,     11,     10,     11,     10,     11,     10,     11,     10,     11, 
ICache misses:       108,      0,      0,      0,      0,      0,      0,      0,      0,      0,      0,      0,      0,      0,      0,      0,      0,      0,      0,      0,      0,      0,      0,      0,      0,      0,      0,      0,      0,      0,      0,      0,      0,      0,      0,      0,      0,      0,      0,      0,      0,      0,      0,      0,      0,      0,      0,      0,      0, 
Result: 9e5d17e3c45085e79e1d1eb2a8fe8599
Expected result: [9e, 5d, 17, e3, c4, 50, 85, e7, 9e, 1d, 1e, b2, a8, fe, 85, 99]
[1F[0J[?25h[0;39;49mBench Clock Reset Complete
ATE0-->OK
AT+BLEINIT=0-->OK
AT+CWMODE=0-->OK
Cycle counts:          245559,   8240,   8217,   8213,   8213,   8209,   8213,   8209,   8213,   8209,   8213,   8209,   8213,   8209,   8213,   8209,   8213,   8209,   8213,   8209,   8213,   8209,   8213,   8209,   8213,   8209,   8213,   8209,   8213,   8209,   8213,   8209,   8213,   8209,   8213,   8209,   8213,   8209,   8213,   8209,   8213,   8209,   8213,   8209,   8213,   8209,   8213,   8209,   8213, 
Branch mispredictions:            32,     23,     15,     14,     14,     13,     14,     13,     14,     13,     14,     13,     14,     13,     14,     13,     14,     13,     14,     13,     14,     13,     14,     13,     14,     13,     14,     13,     14,     13,     14,     13,     14,     13,     14,     13,     14,     13,     14,     13,     14,     13,     14,     13,     14,     13,     14,     13,     14, 
ICache misses:       108,      0,      0,      0,      0,      0,      0,      0,      0,      0,      0,      0,      0,      0,      0,      0,      0,      0,      0,      0,      0,      0,      0,      0,      0,      0,      0,      0,      0,      0,      0,      0,      0,      0,      0,      0,      0,      0,      0,      0,      0,      0,      0,      0,      0,      0,      0,      0,      0, 
Result: 6827c852cc1d2587400c0c9a6fc304f3
Expected result: [68, 27, c8, 52, cc, 1d, 25, 87, 40, c, c, 9a, 6f, c3, 4, f3]
[1F[0J[?25h[0;39;49mBench Clock Reset Complete
ATE0-->ATE0
OK
AT+BLEINIT=0-->OK
AT+CWMODE=0-->OK
Cycle counts:          245547,   8243,   8220,   8220,   8224,   8202,   8201,   8205,   8195,   8205,   8195,   8205,   8195,   8205,   8195,   8205,   8195,   8205,   8195,   8205,   8195,   8205,   8195,   8205,   8195,   8205,   8195,   8205,   8195,   8205,   8195,   8205,   8195,   8205,   8195,   8205,   8195,   8205,   8195,   8205,   8195,   8205,   8195,   8205,   8195,   8205,   8195,   8205,   8195, 
Branch mispredictions:            28,     23,     16,     16,     17,     11,     11,     12,      9,     12,      9,     12,      9,     12,      9,     12,      9,     12,      9,     12,      9,     12,      9,     12,      9,     12,      9,     12,      9,     12,      9,     12,      9,     12,      9,     12,      9,     12,      9,     12,      9,     12,      9,     12,      9,     12,      9,     12,      9, 
ICache misses:       108,      0,      0,      0,      0,      0,      0,      0,      0,      0,      0,      0,      0,      0,      0,      0,      0,      0,      0,      0,      0,      0,      0,      0,      0,      0,      0,      0,      0,      0,      0,      0,      0,      0,      0,      0,      0,      0,      0,      0,      0,      0,      0,      0,      0,      0,      0,      0,      0, 
Result: 90200c69153e5e5860b2a82d54221669
Expected result: [90, 20, c, 69, 15, 3e, 5e, 58, 60, b2, a8, 2d, 54, 22, 16, 69]
[1F[0J[?25h[0;39;49mBench Clock Reset Complete
ATE0-->OK
AT+BLEINIT=0-->OK
AT+CWMODE=0-->OK
Cycle counts:          245550,   8229,   8218,   8213,   8201,   8211,   8201,   8211,   8201,   8211,   8201,   8211,   8201,   8211,   8201,   8211,   8201,   8211,   8201,   8211,   8201,   8211,   8201,   8211,   8201,   8211,   8201,   8211,   8201,   8211,   8201,   8211,   8201,   8211,   8201,   8211,   8201,   8211,   8201,   8211,   8201,   8211,   8201,   8211,   8201,   8211,   8201,   8211,   8201, 
Branch mispredictions:            29,     19,     16,     14,     11,     14,     11,     14,     11,     14,     11,     14,     11,     14,     11,     14,     11,     14,     11,     14,     11,     14,     11,     14,     11,     14,     11,     14,     11,     14,     11,     14,     11,     14,     11,     14,     11,     14,     11,     14,     11,     14,     11,     14,     11,     14,     11,     14,     11, 
ICache misses:       108,      0,      0,      0,      0,      0,      0,      0,      0,      0,      0,      0,      0,      0,      0,      0,      0,      0,      0,      0,      0,      0,      0,      0,      0,      0,      0,      0,      0,      0,      0,      0,      0,      0,      0,      0,      0,      0,      0,      0,      0,      0,      0,      0,      0,      0,      0,      0,      0, 
Result: 379b3a8d431b2fbefd1aeafd446db7c8
Expected result: [37, 9b, 3a, 8d, 43, 1b, 2f, be, fd, 1a, ea, fd, 44, 6d, b7, c8]
[1F[0J[?25h[0;39;49mBench Clock Reset Complete
ATE0-->ATE0
OK
AT+BLEINIT=0-->OK
AT+CWMODE=0-->OK
Cycle counts:          245551,   8224,   8217,   8205,   8216,   8205,   8207,   8201,   8208,   8198,   8208,   8198,   8208,   8198,   8208,   8198,   8208,   8198,   8208,   8198,   8208,   8198,   8208,   8198,   8208,   8198,   8208,   8198,   8208,   8198,   8208,   8198,   8208,   8198,   8208,   8198,   8208,   8198,   8208,   8198,   8208,   8198,   8208,   8198,   8208,   8198,   8208,   8198,   8208, 
Branch mispredictions:            29,     18,     15,     12,     15,     12,     12,     11,     13,     10,     13,     10,     13,     10,     13,     10,     13,     10,     13,     10,     13,     10,     13,     10,     13,     10,     13,     10,     13,     10,     13,     10,     13,     10,     13,     10,     13,     10,     13,     10,     13,     10,     13,     10,     13,     10,     13,     10,     13, 
ICache misses:       108,      0,      0,      0,      0,      0,      0,      0,      0,      0,      0,      0,      0,      0,      0,      0,      0,      0,      0,      0,      0,      0,      0,      0,      0,      0,      0,      0,      0,      0,      0,      0,      0,      0,      0,      0,      0,      0,      0,      0,      0,      0,      0,      0,      0,      0,      0,      0,      0, 
Result: 6980ad8bcc73baad2b7650d3fa98b4ae
Expected result: [69, 80, ad, 8b, cc, 73, ba, ad, 2b, 76, 50, d3, fa, 98, b4, ae]
[1F[0J[?25h[0;39;49mBench Clock Reset Complete
ATE0-->OK
AT+BLEINIT=0-->OK
AT+CWMODE=0-->OK
Cycle counts:          245542,   8238,   8216,   8206,   8210,   8206,   8210,   8206,   8210,   8206,   8210,   8206,   8210,   8206,   8210,   8206,   8210,   8206,   8210,   8206,   8210,   8206,   8210,   8206,   8210,   8206,   8210,   8206,   8210,   8206,   8210,   8206,   8210,   8206,   8210,   8206,   8210,   8206,   8210,   8206,   8210,   8206,   8210,   8206,   8210,   8206,   8210,   8206,   8210, 
Branch mispredictions:            26,     22,     15,     12,     13,     12,     13,     12,     13,     12,     13,     12,     13,     12,     13,     12,     13,     12,     13,     12,     13,     12,     13,     12,     13,     12,     13,     12,     13,     12,     13,     12,     13,     12,     13,     12,     13,     12,     13,     12,     13,     12,     13,     12,     13,     12,     13,     12,     13, 
ICache misses:       108,      0,      0,      0,      0,      0,      0,      0,      0,      0,      0,      0,      0,      0,      0,      0,      0,      0,      0,      0,      0,      0,      0,      0,      0,      0,      0,      0,      0,      0,      0,      0,      0,      0,      0,      0,      0,      0,      0,      0,      0,      0,      0,      0,      0,      0,      0,      0,      0, 
Result: f771be7c4c2ef1fb00ce6f0780bf33bf
Expected result: [f7, 71, be, 7c, 4c, 2e, f1, fb, 0, ce, 6f, 7, 80, bf, 33, bf]
[1F[0J[?25h[0;39;49mBench Clock Reset Complete
ATE0-->ATE0
OK
AT+BLEINIT=0-->OK
AT+CWMODE=0-->OK
Cycle counts:          245551,   8234,   8225,   8230,   8228,   8217,   8221,   8205,   8212,   8205,   8212,   8205,   8212,   8205,   8212,   8205,   8212,   8205,   8212,   8205,   8212,   8205,   8212,   8205,   8212,   8205,   8212,   8205,   8212,   8205,   8212,   8205,   8212,   8205,   8212,   8205,   8212,   8205,   8212,   8205,   8212,   8205,   8212,   8205,   8212,   8205,   8212,   8205,   8212, 
Branch mispredictions:            29,     21,     18,     20,     19,     16,     17,     12,     14,     12,     14,     12,     14,     12,     14,     12,     14,     12,     14,     12,     14,     12,     14,     12,     14,     12,     14,     12,     14,     12,     14,     12,     14,     12,     14,     12,     14,     12,     14,     12,     14,     12,     14,     12,     14,     12,     14,     12,     14, 
ICache misses:       108,      0,      0,      0,      0,      0,      0,      0,      0,      0,      0,      0,      0,      0,      0,      0,      0,      0,      0,      0,      0,      0,      0,      0,      0,      0,      0,      0,      0,      0,      0,      0,      0,      0,      0,      0,      0,      0,      0,      0,      0,      0,      0,      0,      0,      0,      0,      0,      0, 
Result: 62308e6574ab28f83edc6ae2320d6e44
Expected result: [62, 30, 8e, 65, 74, ab, 28, f8, 3e, dc, 6a, e2, 32, d, 6e, 44]
[1F[0J[?25h[0;39;49mBench Clock Reset Complete
ATE0-->OK
AT+BLEINIT=0-->OK
AT+CWMODE=0-->OK
Cycle counts:          245544,   8238,   8203,   8210,   8230,   8221,   8220,   8198,   8215,   8198,   8215,   8198,   8215,   8198,   8215,   8198,   8215,   8198,   8215,   8198,   8215,   8198,   8215,   8198,   8215,   8198,   8215,   8198,   8215,   8198,   8215,   8198,   8215,   8198,   8215,   8198,   8215,   8198,   8215,   8198,   8215,   8198,   8215,   8198,   8215,   8198,   8215,   8198,   8215, 
Branch mispredictions:            27,     21,     11,     11,     19,     16,     15,      9,     14,      9,     14,      9,     14,      9,     14,      9,     14,      9,     14,      9,     14,      9,     14,      9,     14,      9,     14,      9,     14,      9,     14,      9,     14,      9,     14,      9,     14,      9,     14,      9,     14,      9,     14,      9,     14,      9,     14,      9,     14, 
ICache misses:       108,      0,      0,      0,      0,      0,      0,      0,      0,      0,      0,      0,      0,      0,      0,      0,      0,      0,      0,      0,      0,      0,      0,      0,      0,      0,      0,      0,      0,      0,      0,      0,      0,      0,      0,      0,      0,      0,      0,      0,      0,      0,      0,      0,      0,      0,      0,      0,      0, 
Result: 99df3b77bce86454c19452b93a3ce824
Expected result: [99, df, 3b, 77, bc, e8, 64, 54, c1, 94, 52, b9, 3a, 3c, e8, 24]
