[1F[0J[?25h[0;39;49mBench Clock Reset Complete
ATE0-->OK
AT+BLEINIT=0-->OK
AT+CWMODE=0-->OK
Cycle counts:          203554,  38564,  38556,  38561,  38556,  38555,  38556,  38555,  38556,  38555,  38556,  38555,  38556,  38555,  38556,  38555,  38556,  38555,  38556,  38555,  38556,  38555,  38556,  38555,  38556,  38555,  38556,  38555,  38556,  38555,  38556,  38555,  38556,  38555,  38556,  38555,  38556,  38555,  38556,  38555,  38556,  38555,  38556,  38555,  38556,  38555,  38556,  38555,  38556,  38555, 
Branch mispredictions:            27,     15,     12,     14,     12,     12,     12,     12,     12,     12,     12,     12,     12,     12,     12,     12,     12,     12,     12,     12,     12,     12,     12,     12,     12,     12,     12,     12,     12,     12,     12,     12,     12,     12,     12,     12,     12,     12,     12,     12,     12,     12,     12,     12,     12,     12,     12,     12,     12,     12, 
ICache misses:        75,      0,      0,      0,      0,      0,      0,      0,      0,      0,      0,      0,      0,      0,      0,      0,      0,      0,      0,      0,      0,      0,      0,      0,      0,      0,      0,      0,      0,      0,      0,      0,      0,      0,      0,      0,      0,      0,      0,      0,      0,      0,      0,      0,      0,      0,      0,      0,      0,      0, 
Result: ad51bc75b52e505d19797f60bedb588e
Expected result: 0xad, 0x51, 0xbc, 0x75, 0xb5, 0x2e, 0x50, 0x5d, 0x19, 0x79, 0x7f, 0x60, 0xbe, 0xdb, 0x58, 0x8e
[1F[0J[?25h[0;39;49mBench Clock Reset Complete
ATE0-->ATE0
OK
AT+BLEINIT=0-->OK
AT+CWMODE=0-->OK
Cycle counts:          203555,  38579,  38555,  38556,  38558,  38556,  38555,  38553,  38552,  38553,  38552,  38553,  38552,  38553,  38552,  38553,  38552,  38553,  38552,  38553,  38552,  38553,  38552,  38553,  38552,  38553,  38552,  38553,  38552,  38553,  38552,  38553,  38552,  38553,  38552,  38553,  38552,  38553,  38552,  38553,  38552,  38553,  38552,  38553,  38552,  38553,  38552,  38553,  38552,  38553, 
Branch mispredictions:            27,     20,     12,     12,     13,     12,     12,     11,     11,     11,     11,     11,     11,     11,     11,     11,     11,     11,     11,     11,     11,     11,     11,     11,     11,     11,     11,     11,     11,     11,     11,     11,     11,     11,     11,     11,     11,     11,     11,     11,     11,     11,     11,     11,     11,     11,     11,     11,     11,     11, 
ICache misses:        75,      0,      0,      0,      0,      0,      0,      0,      0,      0,      0,      0,      0,      0,      0,      0,      0,      0,      0,      0,      0,      0,      0,      0,      0,      0,      0,      0,      0,      0,      0,      0,      0,      0,      0,      0,      0,      0,      0,      0,      0,      0,      0,      0,      0,      0,      0,      0,      0,      0, 
Result: 0b3d83c6bed69b76a9bd80406b277b77
Expected result: 0x0b, 0x3d, 0x83, 0xc6, 0xbe, 0xd6, 0x9b, 0x76, 0xa9, 0xbd, 0x80, 0x40, 0x6b, 0x27, 0x7b, 0x77
