[1F[0J[?25h[0;39;49mBench Clock Reset Complete
ATE0-->OK
AT+BLEINIT=0-->OK
AT+CWMODE=0-->OK
Cycle counts:          9353506, 8576224, 8559554, 8551759, 8549346, 8532384, 8547841, 8549351, 8549346, 8532384, 8547841, 8549351, 8549346, 8532384, 8547841, 8549351, 8549346, 8532384, 8547841, 8549351, 8549346, 8532384, 8547841, 8549351, 8549346, 8532384, 8547841, 8549351, 8549346, 8532384, 8547841, 8549351, 8549346, 8532384, 8547841, 8549351, 8549346, 8532384, 8547841, 8549351, 8549346, 8532384, 8547841, 8549351, 8549346, 8532384, 8547841, 8549351, 8549346, 8532384, 
Branch mispredictions:          7154,  10422,   9596,  10207,  10204,   4550,   9704,  10207,  10204,   4550,   9704,  10207,  10204,   4550,   9704,  10207,  10204,   4550,   9704,  10207,  10204,   4550,   9704,  10207,  10204,   4550,   9704,  10207,  10204,   4550,   9704,  10207,  10204,   4550,   9704,  10207,  10204,   4550,   9704,  10207,  10204,   4550,   9704,  10207,  10204,   4550,   9704,  10207,  10204,   4550, 
ICache misses:       374,     11,      5,      1,      0,      0,      0,      0,      0,      0,      0,      0,      0,      0,      0,      0,      0,      0,      0,      0,      0,      0,      0,      0,      0,      0,      0,      0,      0,      0,      0,      0,      0,      0,      0,      0,      0,      0,      0,      0,      0,      0,      0,      0,      0,      0,      0,      0,      0,      0, 
Result: e7f9eb4f707b0529ce4bb1eef553c17938d12329e91526983b615a78a0490a3b
Expected result: 0xe7, 0xf9, 0xeb, 0x4f, 0x70, 0x7b, 0x05, 0x29, 0xce, 0x4b, 0xb1, 0xee, 0xf5, 0x53, 0xc1, 0x79, 0x38, 0xd1, 0x23, 0x29, 0xe9, 0x15, 0x26, 0x98, 0x3b, 0x61, 0x5a, 0x78, 0xa0, 0x49, 0x0a, 0x3b
[1F[0J[?25h[0;39;49mBench Clock Reset Complete
ATE0-->ATE0
OK
AT+BLEINIT=0-->OK
AT+CWMODE=0-->OK
Cycle counts:          9353717, 8571023, 8543122, 8546032, 8549825, 8549822, 8549822, 8549822, 8549822, 8549822, 8549822, 8549822, 8549822, 8549822, 8549822, 8549822, 8549822, 8549822, 8549822, 8549822, 8549822, 8549822, 8549822, 8549822, 8549822, 8549822, 8549822, 8549822, 8549822, 8549822, 8549822, 8549822, 8549822, 8549822, 8549822, 8549822, 8549822, 8549822, 8549822, 8549822, 8549822, 8549822, 8549822, 8549822, 8549822, 8549822, 8549822, 8549822, 8549822, 8549822, 
Branch mispredictions:          7319,   4863,   6234,   9331,  11130,  11129,  11129,  11129,  11129,  11129,  11129,  11129,  11129,  11129,  11129,  11129,  11129,  11129,  11129,  11129,  11129,  11129,  11129,  11129,  11129,  11129,  11129,  11129,  11129,  11129,  11129,  11129,  11129,  11129,  11129,  11129,  11129,  11129,  11129,  11129,  11129,  11129,  11129,  11129,  11129,  11129,  11129,  11129,  11129,  11129, 
ICache misses:       373,     17,      3,      0,      0,      0,      0,      0,      0,      0,      0,      0,      0,      0,      0,      0,      0,      0,      0,      0,      0,      0,      0,      0,      0,      0,      0,      0,      0,      0,      0,      0,      0,      0,      0,      0,      0,      0,      0,      0,      0,      0,      0,      0,      0,      0,      0,      0,      0,      0, 
Result: dfd14a053285fa684380fe8603cb101d0024e308e5e8a765066fa440da30a111
Expected result: 0xdf, 0xd1, 0x4a, 0x05, 0x32, 0x85, 0xfa, 0x68, 0x43, 0x80, 0xfe, 0x86, 0x03, 0xcb, 0x10, 0x1d, 0x00, 0x24, 0xe3, 0x08, 0xe5, 0xe8, 0xa7, 0x65, 0x06, 0x6f, 0xa4, 0x40, 0xda, 0x30, 0xa1, 0x11
