Cycle counts:          11775273, 10929502, 10901685, 10893874, 10886093, 10896261, 10854527, 10858009, 10928031, 10882993, 10840727, 10927754, 10914947, 10863663, 10901913, 10848014, 10873622, 10832148, 10857300, 10917630, 
Branch dir mis:            39,     25,     24,     24,     24,     24,     24,     24,     24,     24,     24,     24,     24,     24,     24,     24,     24,     24,     24,     24, 
Branch target mis:     29383,  30642,  30905,  31021,  30621,  30645,  30624,  30646,  30626,  30620,  30645,  30625,  30642,  30641,  30642,  30621,  30901,  31021,  30643,  30641, 
Result: f476e8dd5f6eb7348fdba4cb6d7844b7afda71a6b70f13408abccce739fa792d
Expected result: f476e8dd5f6eb7348fdba4cb6d7844b7afda71a6b70f13408abccce739fa792d
Cycle counts:          11712719, 10901610, 10862525, 10861054, 10890161, 10874720, 10911746, 10893627, 10906715, 10888606, 10905372, 10837626, 10831528, 10872954, 10895827, 10863277, 10886940, 10882634, 10883793, 10884831, 
Branch dir mis:            41,     24,     25,     24,     24,     24,     24,     24,     24,     24,     24,     24,     24,     24,     24,     24,     24,     24,     24,     24, 
Branch target mis:     29435,  30642,  30641,  30625,  30646,  30642,  30826,  30626,  30645,  30645,  30621,  30645,  30641,  30624,  30645,  30852,  31021,  30643,  30645,  30620, 
Result: b07630d08372295cccf32b6ee2495d36de70e992fcb55e450387ed003b1d9455
Expected result: b07630d08372295cccf32b6ee2495d36de70e992fcb55e450387ed003b1d9455
Cycle counts:          11779671, 10929497, 10901674, 10893874, 10886093, 10896261, 10854527, 10858009, 10928031, 10882993, 10840727, 10927754, 10914947, 10863663, 10901913, 10848014, 10873622, 10832148, 10857300, 10917630, 
Branch dir mis:            38,     24,     25,     24,     24,     24,     24,     24,     24,     24,     24,     24,     24,     24,     24,     24,     24,     24,     24,     24, 
Branch target mis:     30445,  30642,  30905,  31021,  30621,  30645,  30624,  30646,  30626,  30620,  30645,  30625,  30642,  30641,  30642,  30621,  30901,  31021,  30643,  30641, 
Result: 9077cf2c00fef6e2f9e8df23ecfc3474a19c7f04cbc2622b2c53c2f6c56ca059
Expected result: 9077cf2c00fef6e2f9e8df23ecfc3474a19c7f04cbc2622b2c53c2f6c56ca059
Cycle counts:          11715831, 10901622, 10862525, 10861054, 10890161, 10874720, 10911746, 10893627, 10906715, 10888606, 10905372, 10837626, 10831528, 10872954, 10895827, 10863277, 10886940, 10882634, 10883793, 10884831, 
Branch dir mis:            42,     24,     25,     24,     24,     24,     24,     24,     24,     24,     24,     24,     24,     24,     24,     24,     24,     24,     24,     24, 
Branch target mis:     31203,  30646,  30641,  30625,  30646,  30642,  30826,  30626,  30645,  30645,  30621,  30645,  30641,  30624,  30645,  30852,  31021,  30643,  30645,  30620, 
Result: 4cfe17a683caf5d15addce5609fe23b7d9de1afd157c3bb20d4305af8ded0370
Expected result: 4cfe17a683caf5d15addce5609fe23b7d9de1afd157c3bb20d4305af8ded0370
Cycle counts:          11778558, 10929502, 10901685, 10893874, 10886093, 10896261, 10854527, 10858009, 10928031, 10882993, 10840727, 10927754, 10914947, 10863663, 10901913, 10848014, 10873622, 10832148, 10857300, 10917630, 
Branch dir mis:            40,     25,     24,     24,     24,     24,     24,     24,     24,     24,     24,     24,     24,     24,     24,     24,     24,     24,     24,     24, 
Branch target mis:     31207,  30642,  30905,  31021,  30621,  30645,  30624,  30646,  30626,  30620,  30645,  30625,  30642,  30641,  30642,  30621,  30901,  31021,  30643,  30641, 
Result: 0cda3762823f23f33e13793437a14a48c05c0b29d99f476fdf05d9736ed85a13
Expected result: 0cda3762823f23f33e13793437a14a48c05c0b29d99f476fdf05d9736ed85a13
Cycle counts:          11712716, 10901625, 10862525, 10861054, 10890161, 10874720, 10911746, 10893627, 10906715, 10888606, 10905372, 10837626, 10831528, 10872954, 10895827, 10863277, 10886940, 10882634, 10883793, 10884831, 
Branch dir mis:            40,     25,     25,     24,     24,     24,     24,     24,     24,     24,     24,     24,     24,     24,     24,     24,     24,     24,     24,     24, 
Branch target mis:     29433,  30646,  30641,  30625,  30646,  30642,  30826,  30626,  30645,  30645,  30621,  30645,  30641,  30624,  30645,  30852,  31021,  30643,  30645,  30620, 
Result: 9eb04212cb2a85d4251598c9c0fd7df8b4aa3d6ca61c754a2e1585cd4fa39b64
Expected result: 9eb04212cb2a85d4251598c9c0fd7df8b4aa3d6ca61c754a2e1585cd4fa39b64
Cycle counts:          11775273, 10929502, 10901685, 10893874, 10886093, 10896261, 10854527, 10858009, 10928031, 10882993, 10840727, 10927754, 10914947, 10863663, 10901913, 10848014, 10873622, 10832148, 10857300, 10917630, 
Branch dir mis:            39,     25,     24,     24,     24,     24,     24,     24,     24,     24,     24,     24,     24,     24,     24,     24,     24,     24,     24,     24, 
Branch target mis:     29383,  30642,  30905,  31021,  30621,  30645,  30624,  30646,  30626,  30620,  30645,  30625,  30642,  30641,  30642,  30621,  30901,  31021,  30643,  30641, 
Result: 000dbc462a3a8e6930320b2048a87f72db1df4bbd00ef5ccd1f47f1434ff995c
Expected result: 000dbc462a3a8e6930320b2048a87f72db1df4bbd00ef5ccd1f47f1434ff995c
Cycle counts:          11715832, 10901615, 10862536, 10861054, 10890161, 10874720, 10911746, 10893627, 10906715, 10888606, 10905372, 10837626, 10831528, 10872954, 10895827, 10863277, 10886940, 10882634, 10883793, 10884831, 
Branch dir mis:            38,     25,     24,     24,     24,     24,     24,     24,     24,     24,     24,     24,     24,     24,     24,     24,     24,     24,     24,     24, 
Branch target mis:     31213,  30642,  30641,  30625,  30646,  30642,  30826,  30626,  30645,  30645,  30621,  30645,  30641,  30624,  30645,  30852,  31021,  30643,  30645,  30620, 
Result: 099ae8511fceb4bbba21bdecffc1d888086b0ae85c05c67695646e789b0f4273
Expected result: 099ae8511fceb4bbba21bdecffc1d888086b0ae85c05c67695646e789b0f4273
Cycle counts:          11775273, 10929502, 10901685, 10893874, 10886093, 10896261, 10854527, 10858009, 10928031, 10882993, 10840727, 10927754, 10914947, 10863663, 10901913, 10848014, 10873622, 10832148, 10857300, 10917630, 
Branch dir mis:            39,     25,     24,     24,     24,     24,     24,     24,     24,     24,     24,     24,     24,     24,     24,     24,     24,     24,     24,     24, 
Branch target mis:     29383,  30642,  30905,  31021,  30621,  30645,  30624,  30646,  30626,  30620,  30645,  30625,  30642,  30641,  30642,  30621,  30901,  31021,  30643,  30641, 
Result: ba17731dcd870067966eb0e2d797f4fedfad36795d4d0309d8ac179a62878025
Expected result: ba17731dcd870067966eb0e2d797f4fedfad36795d4d0309d8ac179a62878025
Cycle counts:          11715824, 10901615, 10862536, 10861054, 10890161, 10874720, 10911746, 10893627, 10906715, 10888606, 10905372, 10837626, 10831528, 10872954, 10895827, 10863277, 10886940, 10882634, 10883793, 10884831, 
Branch dir mis:            40,     25,     24,     24,     24,     24,     24,     24,     24,     24,     24,     24,     24,     24,     24,     24,     24,     24,     24,     24, 
Branch target mis:     31203,  30642,  30641,  30625,  30646,  30642,  30826,  30626,  30645,  30645,  30621,  30645,  30641,  30624,  30645,  30852,  31021,  30643,  30645,  30620, 
Result: 0ef1408035a332917072ad902d981c43d214190c947d511f4f15d00aed582c08
Expected result: 0ef1408035a332917072ad902d981c43d214190c947d511f4f15d00aed582c08
Cycle counts:          11778553, 10929505, 10901685, 10893874, 10886093, 10896261, 10854527, 10858009, 10928031, 10882993, 10840727, 10927754, 10914947, 10863663, 10901913, 10848014, 10873622, 10832148, 10857300, 10917630, 
Branch dir mis:            38,     26,     24,     24,     24,     24,     24,     24,     24,     24,     24,     24,     24,     24,     24,     24,     24,     24,     24,     24, 
Branch target mis:     31207,  30642,  30905,  31021,  30621,  30645,  30624,  30646,  30626,  30620,  30645,  30625,  30642,  30641,  30642,  30621,  30901,  31021,  30643,  30641, 
Result: 680dcf4a39906e4eaa815fde2ff3863257b61dfdfb3bf65a3f0b08bc88a9e675
Expected result: 680dcf4a39906e4eaa815fde2ff3863257b61dfdfb3bf65a3f0b08bc88a9e675
Cycle counts:          11715824, 10901615, 10862536, 10861054, 10890161, 10874720, 10911746, 10893627, 10906715, 10888606, 10905372, 10837626, 10831528, 10872954, 10895827, 10863277, 10886940, 10882634, 10883793, 10884831, 
Branch dir mis:            41,     25,     24,     24,     24,     24,     24,     24,     24,     24,     24,     24,     24,     24,     24,     24,     24,     24,     24,     24, 
Branch target mis:     31203,  30642,  30641,  30625,  30646,  30642,  30826,  30626,  30645,  30645,  30621,  30645,  30641,  30624,  30645,  30852,  31021,  30643,  30645,  30620, 
Result: b9b8a09d4d66219c7e99ba6a693c6fa248948ead588db101347ebbe66832ed47
Expected result: b9b8a09d4d66219c7e99ba6a693c6fa248948ead588db101347ebbe66832ed47
Cycle counts:          11775273, 10929502, 10901685, 10893874, 10886093, 10896261, 10854527, 10858009, 10928031, 10882993, 10840727, 10927754, 10914947, 10863663, 10901913, 10848014, 10873622, 10832148, 10857300, 10917630, 
Branch dir mis:            39,     25,     24,     24,     24,     24,     24,     24,     24,     24,     24,     24,     24,     24,     24,     24,     24,     24,     24,     24, 
Branch target mis:     29383,  30642,  30905,  31021,  30621,  30645,  30624,  30646,  30626,  30620,  30645,  30625,  30642,  30641,  30642,  30621,  30901,  31021,  30643,  30641, 
Result: 613ed8b81c896dd96d17f934373eb4ad020a743181d1dcc299b0a8fd71d31f1e
Expected result: 613ed8b81c896dd96d17f934373eb4ad020a743181d1dcc299b0a8fd71d31f1e
Cycle counts:          11712715, 10901615, 10862536, 10861054, 10890161, 10874720, 10911746, 10893627, 10906715, 10888606, 10905372, 10837626, 10831528, 10872954, 10895827, 10863277, 10886940, 10882634, 10883793, 10884831, 
Branch dir mis:            40,     25,     24,     24,     24,     24,     24,     24,     24,     24,     24,     24,     24,     24,     24,     24,     24,     24,     24,     24, 
Branch target mis:     29435,  30642,  30641,  30625,  30646,  30642,  30826,  30626,  30645,  30645,  30621,  30645,  30641,  30624,  30645,  30852,  31021,  30643,  30645,  30620, 
Result: 7158f25c6ed8e9153fb9a285e64e117d9a396d081dcee1b40497acb794148c09
Expected result: 7158f25c6ed8e9153fb9a285e64e117d9a396d081dcee1b40497acb794148c09
Cycle counts:          11778555, 10929502, 10901685, 10893874, 10886093, 10896261, 10854527, 10858009, 10928031, 10882993, 10840727, 10927754, 10914947, 10863663, 10901913, 10848014, 10873622, 10832148, 10857300, 10917630, 
Branch dir mis:            39,     25,     24,     24,     24,     24,     24,     24,     24,     24,     24,     24,     24,     24,     24,     24,     24,     24,     24,     24, 
Branch target mis:     31207,  30642,  30905,  31021,  30621,  30645,  30624,  30646,  30626,  30620,  30645,  30625,  30642,  30641,  30642,  30621,  30901,  31021,  30643,  30641, 
Result: 2809da0f6f53dba6cd68f2a1e135b7c2a434aebe0de7bd9ed0e3c3fe310abb7f
Expected result: 2809da0f6f53dba6cd68f2a1e135b7c2a434aebe0de7bd9ed0e3c3fe310abb7f
Cycle counts:          11712715, 10901615, 10862536, 10861054, 10890161, 10874720, 10911746, 10893627, 10906715, 10888606, 10905372, 10837626, 10831528, 10872954, 10895827, 10863277, 10886940, 10882634, 10883793, 10884831, 
Branch dir mis:            40,     25,     24,     24,     24,     24,     24,     24,     24,     24,     24,     24,     24,     24,     24,     24,     24,     24,     24,     24, 
Branch target mis:     29435,  30642,  30641,  30625,  30646,  30642,  30826,  30626,  30645,  30645,  30621,  30645,  30641,  30624,  30645,  30852,  31021,  30643,  30645,  30620, 
Result: 70d27ae666637274505b80c966d47bdc40c2b08805d84d03489d8c301e15d766
Expected result: 70d27ae666637274505b80c966d47bdc40c2b08805d84d03489d8c301e15d766
Cycle counts:          11778562, 10929509, 10901674, 10893874, 10886093, 10896261, 10854527, 10858009, 10928031, 10882993, 10840727, 10927754, 10914947, 10863663, 10901913, 10848014, 10873622, 10832148, 10857300, 10917630, 
Branch dir mis:            41,     24,     25,     24,     24,     24,     24,     24,     24,     24,     24,     24,     24,     24,     24,     24,     24,     24,     24,     24, 
Branch target mis:     31207,  30646,  30905,  31021,  30621,  30645,  30624,  30646,  30626,  30620,  30645,  30625,  30642,  30641,  30642,  30621,  30901,  31021,  30643,  30641, 
Result: e0d9ec8d597eea6c212325a4bd151bf121cf1d1f7032f65eeb168d15ba32bd1b
Expected result: e0d9ec8d597eea6c212325a4bd151bf121cf1d1f7032f65eeb168d15ba32bd1b
Cycle counts:          11715821, 10901615, 10862536, 10861054, 10890161, 10874720, 10911746, 10893627, 10906715, 10888606, 10905372, 10837626, 10831528, 10872954, 10895827, 10863277, 10886940, 10882634, 10883793, 10884831, 
Branch dir mis:            40,     25,     24,     24,     24,     24,     24,     24,     24,     24,     24,     24,     24,     24,     24,     24,     24,     24,     24,     24, 
Branch target mis:     31203,  30642,  30641,  30625,  30646,  30642,  30826,  30626,  30645,  30645,  30621,  30645,  30641,  30624,  30645,  30852,  31021,  30643,  30645,  30620, 
Result: e8df24471e6fe998c623e312350a932d1d0290341f059b57315edaf78e84786f
Expected result: e8df24471e6fe998c623e312350a932d1d0290341f059b57315edaf78e84786f
AT+BLEINIT=0-->Receive Length Timed Out Busy
got recv error AT+CWMODE=0-->OK
Cycle counts:          11756545, 11098742, 10946420, 11012834, 10943866, 11024479, 10961877, 10956714, 11044575, 10963218, 10954107, 10995842, 10954766, 11018216, 10987227, 10930448, 10994434, 10973349, 10999252, 10971354, 
Branch dir mis:            40,     25,     24,     24,     24,     24,     24,     24,     24,     24,     24,     24,     24,     24,     24,     24,     24,     24,     24,     24, 
Branch target mis:     29452,  62986,  63411,  63411,  63412,  63410,  63410,  63443,  63417,  56110,  63413,  63413,  63411,  63411,  63410,  63416,  63412,  63415,  63414,  63410, 
Result: f000357c3e7688cfeeebbcda22954076eccca38f32c04a8954ddec61ced40f17
Expected result: f000357c3e7688cfeeebbcda22954076eccca38f32c04a8954ddec61ced40f17
Cycle counts:          11717108, 10901613, 10862525, 10861054, 10890161, 10874720, 10911746, 10893627, 10906715, 10888606, 10905372, 10837626, 10831528, 10872954, 10895827, 10863277, 10886940, 10882634, 10883793, 10884831, 
Branch dir mis:            39,     25,     25,     24,     24,     24,     24,     24,     24,     24,     24,     24,     24,     24,     24,     24,     24,     24,     24,     24, 
Branch target mis:     30494,  30642,  30641,  30625,  30646,  30642,  30826,  30626,  30645,  30645,  30621,  30645,  30641,  30624,  30645,  30852,  31021,  30643,  30645,  30620, 
Result: a66624e7b222fbe184448ae3d9edafc118c32f9303d484fc7a7956bf706be147
Expected result: a66624e7b222fbe184448ae3d9edafc118c32f9303d484fc7a7956bf706be147
Cycle counts:          11778555, 10929502, 10901685, 10893874, 10886093, 10896261, 10854527, 10858009, 10928031, 10882993, 10840727, 10927754, 10914947, 10863663, 10901913, 10848014, 10873622, 10832148, 10857300, 10917630, 
Branch dir mis:            39,     25,     24,     24,     24,     24,     24,     24,     24,     24,     24,     24,     24,     24,     24,     24,     24,     24,     24,     24, 
Branch target mis:     31207,  30642,  30905,  31021,  30621,  30645,  30624,  30646,  30626,  30620,  30645,  30625,  30642,  30641,  30642,  30621,  30901,  31021,  30643,  30641, 
Result: 3371a708442a2b6d2adfebb59f4c19722795b1be3cbeb8f97059021d1ba4df73
Expected result: 3371a708442a2b6d2adfebb59f4c19722795b1be3cbeb8f97059021d1ba4df73
Cycle counts:          11715827, 10901615, 10862536, 10861054, 10890161, 10874720, 10911746, 10893627, 10906715, 10888606, 10905372, 10837626, 10831528, 10872954, 10895827, 10863277, 10886940, 10882634, 10883793, 10884831, 
Branch dir mis:            41,     25,     24,     24,     24,     24,     24,     24,     24,     24,     24,     24,     24,     24,     24,     24,     24,     24,     24,     24, 
Branch target mis:     31203,  30642,  30641,  30625,  30646,  30642,  30826,  30626,  30645,  30645,  30621,  30645,  30641,  30624,  30645,  30852,  31021,  30643,  30645,  30620, 
Result: 0a7af4221c7958fec89c597fd7e664b114597375d0b5236933e1984d39555771
Expected result: 0a7af4221c7958fec89c597fd7e664b114597375d0b5236933e1984d39555771
Cycle counts:          11775268, 10929505, 10901685, 10893874, 10886093, 10896261, 10854527, 10858009, 10928031, 10882993, 10840727, 10927754, 10914947, 10863663, 10901913, 10848014, 10873622, 10832148, 10857300, 10917630, 
Branch dir mis:            37,     26,     24,     24,     24,     24,     24,     24,     24,     24,     24,     24,     24,     24,     24,     24,     24,     24,     24,     24, 
Branch target mis:     29383,  30642,  30905,  31021,  30621,  30645,  30624,  30646,  30626,  30620,  30645,  30625,  30642,  30641,  30642,  30621,  30901,  31021,  30643,  30641, 
Result: 4ded49d3eb9bdf3937e0b4ab86637f05d8c5967344305ca3777d6612005ccd29
Expected result: 4ded49d3eb9bdf3937e0b4ab86637f05d8c5967344305ca3777d6612005ccd29
Cycle counts:          11765464, 10963185, 10867433, 10926402, 10904040, 10887526, 10849378, 10899868, 10855958, 10889086, 10814730, 10883860, 10931801, 10845333, 10948393, 10873652, 10820811, 10879959, 10866509, 10857164, 
Branch dir mis:            41,     25,     24,     24,     24,     24,     24,     24,     24,     24,     24,     24,     24,     24,     24,     24,     24,     24,     24,     24, 
Branch target mis:     29448,  28531,  30625,  30646,  30645,  30624,  30645,  30625,  30624,  30620,  30621,  30624,  30646,  30624,  30856,  30625,  30905,  30646,  30646,  30645, 
Result: 98097fb2b628518edc5679162ca58951585ff55eb1ab8769701a4fd0e1b7b175
Expected result: 98097fb2b628518edc5679162ca58951585ff55eb1ab8769701a4fd0e1b7b175
Cycle counts:          11775276, 10929502, 10901685, 10893874, 10886093, 10896261, 10854527, 10858009, 10928031, 10882993, 10840727, 10927754, 10914947, 10863663, 10901913, 10848014, 10873622, 10832148, 10857300, 10917630, 
Branch dir mis:            40,     25,     24,     24,     24,     24,     24,     24,     24,     24,     24,     24,     24,     24,     24,     24,     24,     24,     24,     24, 
Branch target mis:     29383,  30642,  30905,  31021,  30621,  30645,  30624,  30646,  30626,  30620,  30645,  30625,  30642,  30641,  30642,  30621,  30901,  31021,  30643,  30641, 
Result: 6437b0fe258cfb9c237dada3d13a9b7c7e051a5843ce5a8b4a7645702a0c1671
Expected result: 6437b0fe258cfb9c237dada3d13a9b7c7e051a5843ce5a8b4a7645702a0c1671
Cycle counts:          11712721, 10901615, 10862536, 10861054, 10890161, 10874720, 10911746, 10893627, 10906715, 10888606, 10905372, 10837626, 10831528, 10872954, 10895827, 10863277, 10886940, 10882634, 10883793, 10884831, 
Branch dir mis:            41,     25,     24,     24,     24,     24,     24,     24,     24,     24,     24,     24,     24,     24,     24,     24,     24,     24,     24,     24, 
Branch target mis:     29435,  30642,  30641,  30625,  30646,  30642,  30826,  30626,  30645,  30645,  30621,  30645,  30641,  30624,  30645,  30852,  31021,  30643,  30645,  30620, 
Result: 0aafa73243d0dbf395cf3960a094cef4cc3fa0c4aa42cdc5741478626101800d
Expected result: 0aafa73243d0dbf395cf3960a094cef4cc3fa0c4aa42cdc5741478626101800d
Cycle counts:          11775270, 10929502, 10901685, 10893874, 10886093, 10896261, 10854527, 10858009, 10928031, 10882993, 10840727, 10927754, 10914947, 10863663, 10901913, 10848014, 10873622, 10832148, 10857300, 10917630, 
Branch dir mis:            38,     25,     24,     24,     24,     24,     24,     24,     24,     24,     24,     24,     24,     24,     24,     24,     24,     24,     24,     24, 
Branch target mis:     29383,  30642,  30905,  31021,  30621,  30645,  30624,  30646,  30626,  30620,  30645,  30625,  30642,  30641,  30642,  30621,  30901,  31021,  30643,  30641, 
Result: 7906f41e0b120a9c7a6152dd89045f15518d19c284c8e9e5665b0face6230349
Expected result: 7906f41e0b120a9c7a6152dd89045f15518d19c284c8e9e5665b0face6230349
Cycle counts:          11712718, 10901615, 10862536, 10861054, 10890161, 10874720, 10911746, 10893627, 10906715, 10888606, 10905372, 10837626, 10831528, 10872954, 10895827, 10863277, 10886940, 10882634, 10883793, 10884831, 
Branch dir mis:            41,     25,     24,     24,     24,     24,     24,     24,     24,     24,     24,     24,     24,     24,     24,     24,     24,     24,     24,     24, 
Branch target mis:     29435,  30642,  30641,  30625,  30646,  30642,  30826,  30626,  30645,  30645,  30621,  30645,  30641,  30624,  30645,  30852,  31021,  30643,  30645,  30620, 
Result: c56c1ecd301e615b4bc883cd0e222895aea7b8a01b4ca16b4d85c7749dbc994c
Expected result: c56c1ecd301e615b4bc883cd0e222895aea7b8a01b4ca16b4d85c7749dbc994c
Cycle counts:          11775273, 10929502, 10901685, 10893874, 10886093, 10896261, 10854527, 10858009, 10928031, 10882993, 10840727, 10927754, 10914947, 10863663, 10901913, 10848014, 10873622, 10832148, 10857300, 10917630, 
Branch dir mis:            39,     25,     24,     24,     24,     24,     24,     24,     24,     24,     24,     24,     24,     24,     24,     24,     24,     24,     24,     24, 
Branch target mis:     29383,  30642,  30905,  31021,  30621,  30645,  30624,  30646,  30626,  30620,  30645,  30625,  30642,  30641,  30642,  30621,  30901,  31021,  30643,  30641, 
Result: 89167dd3c13654856f58e9a638b51a190c6796e56e5d669fb6953033f7e2c703
Expected result: 89167dd3c13654856f58e9a638b51a190c6796e56e5d669fb6953033f7e2c703
Cycle counts:          11717119, 10901615, 10862536, 10861054, 10890161, 10874720, 10911746, 10893627, 10906715, 10888606, 10905372, 10837626, 10831528, 10872954, 10895827, 10863277, 10886940, 10882634, 10883793, 10884831, 
Branch dir mis:            40,     25,     24,     24,     24,     24,     24,     24,     24,     24,     24,     24,     24,     24,     24,     24,     24,     24,     24,     24, 
Branch target mis:     30496,  30642,  30641,  30625,  30646,  30642,  30826,  30626,  30645,  30645,  30621,  30645,  30641,  30624,  30645,  30852,  31021,  30643,  30645,  30620, 
Result: f8effb5044997d01edd39382cc84fbcc6b2ff3c91c6ba96f05ba0b964655573d
Expected result: f8effb5044997d01edd39382cc84fbcc6b2ff3c91c6ba96f05ba0b964655573d
Cycle counts:          11778556, 10929497, 10901677, 10893874, 10886093, 10896261, 10854527, 10858009, 10928031, 10882993, 10840727, 10927754, 10914947, 10863663, 10901913, 10848014, 10873622, 10832148, 10857300, 10917630, 
Branch dir mis:            39,     24,     26,     24,     24,     24,     24,     24,     24,     24,     24,     24,     24,     24,     24,     24,     24,     24,     24,     24, 
Branch target mis:     31207,  30642,  30905,  31021,  30621,  30645,  30624,  30646,  30626,  30620,  30645,  30625,  30642,  30641,  30642,  30621,  30901,  31021,  30643,  30641, 
Result: 02a8220a3d7d52e7ccbba4e917b7e368723aa88c6b4d4c4b2785aa24ccb21b4a
Expected result: 02a8220a3d7d52e7ccbba4e917b7e368723aa88c6b4d4c4b2785aa24ccb21b4a
got recv error AT+CWMODE=0-->OK
Cycle counts:          11717168, 10962224, 10895602, 10871831, 10864735, 10923583, 10886895, 10917058, 10834572, 10882997, 10910627, 10878696, 10906444, 10888736, 10899921, 10881720, 10873343, 10847951, 10893138, 10870938, 
Branch dir mis:            40,     25,     24,     24,     24,     24,     24,     24,     24,     24,     24,     24,     24,     24,     24,     24,     24,     24,     24,     24, 
Branch target mis:     29449,  28472,  30625,  30624,  30620,  30645,  30645,  30645,  30826,  30827,  30625,  30645,  30642,  30645,  30641,  30624,  30856,  30646,  30645,  30820, 
Result: 6542c7f4f144864296b6630c2f5c78efc36b0f5393616e42ba462206b7ad4a23
Expected result: 6542c7f4f144864296b6630c2f5c78efc36b0f5393616e42ba462206b7ad4a23
Cycle counts:          11778558, 10929502, 10901685, 10893874, 10886093, 10896261, 10854527, 10858009, 10928031, 10882993, 10840727, 10927754, 10914947, 10863663, 10901913, 10848014, 10873622, 10832148, 10857300, 10917630, 
Branch dir mis:            40,     25,     24,     24,     24,     24,     24,     24,     24,     24,     24,     24,     24,     24,     24,     24,     24,     24,     24,     24, 
Branch target mis:     31207,  30642,  30905,  31021,  30621,  30645,  30624,  30646,  30626,  30620,  30645,  30625,  30642,  30641,  30642,  30621,  30901,  31021,  30643,  30641, 
Result: 13e92d4968f2af1a4f95ced07e1f264ff53f4a173a44fae65f0a2ac429768f4c
Expected result: 13e92d4968f2af1a4f95ced07e1f264ff53f4a173a44fae65f0a2ac429768f4c
Cycle counts:          11712718, 10901615, 10862536, 10861054, 10890161, 10874720, 10911746, 10893627, 10906715, 10888606, 10905372, 10837626, 10831528, 10872954, 10895827, 10863277, 10886940, 10882634, 10883793, 10884831, 
Branch dir mis:            41,     25,     24,     24,     24,     24,     24,     24,     24,     24,     24,     24,     24,     24,     24,     24,     24,     24,     24,     24, 
Branch target mis:     29435,  30642,  30641,  30625,  30646,  30642,  30826,  30626,  30645,  30645,  30621,  30645,  30641,  30624,  30645,  30852,  31021,  30643,  30645,  30620, 
Result: d3ef7148283b7e671882eeec3a9a46c00cbb09a312f34bfeb59b4155fe050042
Expected result: d3ef7148283b7e671882eeec3a9a46c00cbb09a312f34bfeb59b4155fe050042
Cycle counts:          11778559, 10929502, 10901685, 10893874, 10886093, 10896261, 10854527, 10858009, 10928031, 10882993, 10840727, 10927754, 10914947, 10863663, 10901913, 10848014, 10873622, 10832148, 10857300, 10917630, 
Branch dir mis:            40,     25,     24,     24,     24,     24,     24,     24,     24,     24,     24,     24,     24,     24,     24,     24,     24,     24,     24,     24, 
Branch target mis:     31207,  30642,  30905,  31021,  30621,  30645,  30624,  30646,  30626,  30620,  30645,  30625,  30642,  30641,  30642,  30621,  30901,  31021,  30643,  30641, 
Result: 571d8abf4f972326914b3a48004d9986cb3016e78b24c380dddf407162cb5438
Expected result: 571d8abf4f972326914b3a48004d9986cb3016e78b24c380dddf407162cb5438
Cycle counts:          11712715, 10901615, 10862536, 10861054, 10890161, 10874720, 10911746, 10893627, 10906715, 10888606, 10905372, 10837626, 10831528, 10872954, 10895827, 10863277, 10886940, 10882634, 10883793, 10884831, 
Branch dir mis:            40,     25,     24,     24,     24,     24,     24,     24,     24,     24,     24,     24,     24,     24,     24,     24,     24,     24,     24,     24, 
Branch target mis:     29435,  30642,  30641,  30625,  30646,  30642,  30826,  30626,  30645,  30645,  30621,  30645,  30641,  30624,  30645,  30852,  31021,  30643,  30645,  30620, 
Result: 9a7c2cf9da602ec1276d22913f8e397701b2854de52e12846fef0699f162ca57
Expected result: 9a7c2cf9da602ec1276d22913f8e397701b2854de52e12846fef0699f162ca57
Cycle counts:          11779674, 10929497, 10901674, 10893874, 10886093, 10896261, 10854527, 10858009, 10928031, 10882993, 10840727, 10927754, 10914947, 10863663, 10901913, 10848014, 10873622, 10832148, 10857300, 10917630, 
Branch dir mis:            39,     24,     25,     24,     24,     24,     24,     24,     24,     24,     24,     24,     24,     24,     24,     24,     24,     24,     24,     24, 
Branch target mis:     30445,  30642,  30905,  31021,  30621,  30645,  30624,  30646,  30626,  30620,  30645,  30625,  30642,  30641,  30642,  30621,  30901,  31021,  30643,  30641, 
Result: c387cc31daf88076737a259ced72f13fbd583782e3bc5d1a64b982db4088a67f
Expected result: c387cc31daf88076737a259ced72f13fbd583782e3bc5d1a64b982db4088a67f
Cycle counts:          11712718, 10901615, 10862536, 10861054, 10890161, 10874720, 10911746, 10893627, 10906715, 10888606, 10905372, 10837626, 10831528, 10872954, 10895827, 10863277, 10886940, 10882634, 10883793, 10884831, 
Branch dir mis:            41,     25,     24,     24,     24,     24,     24,     24,     24,     24,     24,     24,     24,     24,     24,     24,     24,     24,     24,     24, 
Branch target mis:     29435,  30642,  30641,  30625,  30646,  30642,  30826,  30626,  30645,  30645,  30621,  30645,  30641,  30624,  30645,  30852,  31021,  30643,  30645,  30620, 
Result: 1e7e898f9a0dd7bdb5e9407dfaabeba7386ad6f114e2c6113f7f78a9d02ff722
Expected result: 1e7e898f9a0dd7bdb5e9407dfaabeba7386ad6f114e2c6113f7f78a9d02ff722
Cycle counts:          11775273, 10929502, 10901685, 10893874, 10886093, 10896261, 10854527, 10858009, 10928031, 10882993, 10840727, 10927754, 10914947, 10863663, 10901913, 10848014, 10873622, 10832148, 10857300, 10917630, 
Branch dir mis:            39,     25,     24,     24,     24,     24,     24,     24,     24,     24,     24,     24,     24,     24,     24,     24,     24,     24,     24,     24, 
Branch target mis:     29383,  30642,  30905,  31021,  30621,  30645,  30624,  30646,  30626,  30620,  30645,  30625,  30642,  30641,  30642,  30621,  30901,  31021,  30643,  30641, 
Result: 87a6dcc3be1087e8dfb921e75965ff8c9c2d2294b707a006c902053d737cbf69
Expected result: 87a6dcc3be1087e8dfb921e75965ff8c9c2d2294b707a006c902053d737cbf69
Cycle counts:          11715827, 10901615, 10862536, 10861054, 10890161, 10874720, 10911746, 10893627, 10906715, 10888606, 10905372, 10837626, 10831528, 10872954, 10895827, 10863277, 10886940, 10882634, 10883793, 10884831, 
Branch dir mis:            41,     25,     24,     24,     24,     24,     24,     24,     24,     24,     24,     24,     24,     24,     24,     24,     24,     24,     24,     24, 
Branch target mis:     31203,  30642,  30641,  30625,  30646,  30642,  30826,  30626,  30645,  30645,  30621,  30645,  30641,  30624,  30645,  30852,  31021,  30643,  30645,  30620, 
Result: 1b39ce07e9712ea4cc7206b33a48c3df0b836487e20fe45db95bc9bf5f2d4071
Expected result: 1b39ce07e9712ea4cc7206b33a48c3df0b836487e20fe45db95bc9bf5f2d4071
Cycle counts:          11778562, 10929509, 10901674, 10893874, 10886093, 10896261, 10854527, 10858009, 10928031, 10882993, 10840727, 10927754, 10914947, 10863663, 10901913, 10848014, 10873622, 10832148, 10857300, 10917630, 
Branch dir mis:            41,     24,     25,     24,     24,     24,     24,     24,     24,     24,     24,     24,     24,     24,     24,     24,     24,     24,     24,     24, 
Branch target mis:     31207,  30646,  30905,  31021,  30621,  30645,  30624,  30646,  30626,  30620,  30645,  30625,  30642,  30641,  30642,  30621,  30901,  31021,  30643,  30641, 
Result: 2eb507d70184990ba459a429c6ee12eda24a5162f5da8496a5bb29c59ca3cc5a
Expected result: 2eb507d70184990ba459a429c6ee12eda24a5162f5da8496a5bb29c59ca3cc5a
Cycle counts:          11712718, 10901615, 10862536, 10861054, 10890161, 10874720, 10911746, 10893627, 10906715, 10888606, 10905372, 10837626, 10831528, 10872954, 10895827, 10863277, 10886940, 10882634, 10883793, 10884831, 
Branch dir mis:            41,     25,     24,     24,     24,     24,     24,     24,     24,     24,     24,     24,     24,     24,     24,     24,     24,     24,     24,     24, 
Branch target mis:     29435,  30642,  30641,  30625,  30646,  30642,  30826,  30626,  30645,  30645,  30621,  30645,  30641,  30624,  30645,  30852,  31021,  30643,  30645,  30620, 
Result: 06d7da0715df801e7140f8574285323431a6fbc305e27caf3dd708ce949cff3b
Expected result: 06d7da0715df801e7140f8574285323431a6fbc305e27caf3dd708ce949cff3b
Cycle counts:          11778555, 10929502, 10901685, 10893874, 10886093, 10896261, 10854527, 10858009, 10928031, 10882993, 10840727, 10927754, 10914947, 10863663, 10901913, 10848014, 10873622, 10832148, 10857300, 10917630, 
Branch dir mis:            39,     25,     24,     24,     24,     24,     24,     24,     24,     24,     24,     24,     24,     24,     24,     24,     24,     24,     24,     24, 
Branch target mis:     31207,  30642,  30905,  31021,  30621,  30645,  30624,  30646,  30626,  30620,  30645,  30625,  30642,  30641,  30642,  30621,  30901,  31021,  30643,  30641, 
Result: 0e57fcf0dd407d1ddf6a7a92a100c8d3e8e328629eb560905d39de787075337c
Expected result: 0e57fcf0dd407d1ddf6a7a92a100c8d3e8e328629eb560905d39de787075337c
Cycle counts:          11715835, 10901615, 10862536, 10861054, 10890161, 10874720, 10911746, 10893627, 10906715, 10888606, 10905372, 10837626, 10831528, 10872954, 10895827, 10863277, 10886940, 10882634, 10883793, 10884831, 
Branch dir mis:            39,     25,     24,     24,     24,     24,     24,     24,     24,     24,     24,     24,     24,     24,     24,     24,     24,     24,     24,     24, 
Branch target mis:     31213,  30642,  30641,  30625,  30646,  30642,  30826,  30626,  30645,  30645,  30621,  30645,  30641,  30624,  30645,  30852,  31021,  30643,  30645,  30620, 
Result: c4aecac69c8ff5c52498ccdda897264ad890401b1d6708d7be1091e92ad2093c
Expected result: c4aecac69c8ff5c52498ccdda897264ad890401b1d6708d7be1091e92ad2093c
Cycle counts:          11778562, 10929509, 10901674, 10893874, 10886093, 10896261, 10854527, 10858009, 10928031, 10882993, 10840727, 10927754, 10914947, 10863663, 10901913, 10848014, 10873622, 10832148, 10857300, 10917630, 
Branch dir mis:            41,     24,     25,     24,     24,     24,     24,     24,     24,     24,     24,     24,     24,     24,     24,     24,     24,     24,     24,     24, 
Branch target mis:     31207,  30646,  30905,  31021,  30621,  30645,  30624,  30646,  30626,  30620,  30645,  30625,  30642,  30641,  30642,  30621,  30901,  31021,  30643,  30641, 
Result: 950a7ce50eccf0c4ca2a0fd4703b061bea5505f87d0580422ecf60a52b8b946e
Expected result: 950a7ce50eccf0c4ca2a0fd4703b061bea5505f87d0580422ecf60a52b8b946e
Cycle counts:          11712715, 10901615, 10862536, 10861054, 10890161, 10874720, 10911746, 10893627, 10906715, 10888606, 10905372, 10837626, 10831528, 10872954, 10895827, 10863277, 10886940, 10882634, 10883793, 10884831, 
Branch dir mis:            40,     25,     24,     24,     24,     24,     24,     24,     24,     24,     24,     24,     24,     24,     24,     24,     24,     24,     24,     24, 
Branch target mis:     29435,  30642,  30641,  30625,  30646,  30642,  30826,  30626,  30645,  30645,  30621,  30645,  30641,  30624,  30645,  30852,  31021,  30643,  30645,  30620, 
Result: ac2884c9b88479ae6c67ad76c34fa83fb88c23d2cf5ffd9ead0926f0c444bd22
Expected result: ac2884c9b88479ae6c67ad76c34fa83fb88c23d2cf5ffd9ead0926f0c444bd22
Cycle counts:          11778555, 10929502, 10901685, 10893874, 10886093, 10896261, 10854527, 10858009, 10928031, 10882993, 10840727, 10927754, 10914947, 10863663, 10901913, 10848014, 10873622, 10832148, 10857300, 10917630, 
Branch dir mis:            39,     25,     24,     24,     24,     24,     24,     24,     24,     24,     24,     24,     24,     24,     24,     24,     24,     24,     24,     24, 
Branch target mis:     31207,  30642,  30905,  31021,  30621,  30645,  30624,  30646,  30626,  30620,  30645,  30625,  30642,  30641,  30642,  30621,  30901,  31021,  30643,  30641, 
Result: 59cbfd2d5de9bc9e2ff3ae66de1f15842f07f27e57675636bc5f197e9e563d0e
Expected result: 59cbfd2d5de9bc9e2ff3ae66de1f15842f07f27e57675636bc5f197e9e563d0e
Cycle counts:          11712722, 10901610, 10862525, 10861054, 10890161, 10874720, 10911746, 10893627, 10906715, 10888606, 10905372, 10837626, 10831528, 10872954, 10895827, 10863277, 10886940, 10882634, 10883793, 10884831, 
Branch dir mis:            41,     24,     25,     24,     24,     24,     24,     24,     24,     24,     24,     24,     24,     24,     24,     24,     24,     24,     24,     24, 
Branch target mis:     29435,  30642,  30641,  30625,  30646,  30642,  30826,  30626,  30645,  30645,  30621,  30645,  30641,  30624,  30645,  30852,  31021,  30643,  30645,  30620, 
Result: d78ab14757e89c973e9a94952e85c2dd7f309ca8dc586c0bfc4a0fc75a7b010d
Expected result: d78ab14757e89c973e9a94952e85c2dd7f309ca8dc586c0bfc4a0fc75a7b010d
Cycle counts:          11779671, 10929497, 10901674, 10893874, 10886093, 10896261, 10854527, 10858009, 10928031, 10882993, 10840727, 10927754, 10914947, 10863663, 10901913, 10848014, 10873622, 10832148, 10857300, 10917630, 
Branch dir mis:            38,     24,     25,     24,     24,     24,     24,     24,     24,     24,     24,     24,     24,     24,     24,     24,     24,     24,     24,     24, 
Branch target mis:     30445,  30642,  30905,  31021,  30621,  30645,  30624,  30646,  30626,  30620,  30645,  30625,  30642,  30641,  30642,  30621,  30901,  31021,  30643,  30641, 
Result: 1a2c0201e9e3dbb349e1953ccb659a126ebb4d7c94007ff4ad7c1a1c37b4925d
Expected result: 1a2c0201e9e3dbb349e1953ccb659a126ebb4d7c94007ff4ad7c1a1c37b4925d
Cycle counts:          11715825, 10901610, 10862525, 10861054, 10890161, 10874720, 10911746, 10893627, 10906715, 10888606, 10905372, 10837626, 10831528, 10872954, 10895827, 10863277, 10886940, 10882634, 10883793, 10884831, 
Branch dir mis:            41,     24,     25,     24,     24,     24,     24,     24,     24,     24,     24,     24,     24,     24,     24,     24,     24,     24,     24,     24, 
Branch target mis:     31203,  30642,  30641,  30625,  30646,  30642,  30826,  30626,  30645,  30645,  30621,  30645,  30641,  30624,  30645,  30852,  31021,  30643,  30645,  30620, 
Result: 9b4ba2a27b1d965b57bbb785266e7e2a4cb2b82b2acb3a7a2272aba42e4c4257
Expected result: 9b4ba2a27b1d965b57bbb785266e7e2a4cb2b82b2acb3a7a2272aba42e4c4257
Cycle counts:          11778559, 10929509, 10901674, 10893874, 10886093, 10896261, 10854527, 10858009, 10928031, 10882993, 10840727, 10927754, 10914947, 10863663, 10901913, 10848014, 10873622, 10832148, 10857300, 10917630, 
Branch dir mis:            40,     24,     25,     24,     24,     24,     24,     24,     24,     24,     24,     24,     24,     24,     24,     24,     24,     24,     24,     24, 
Branch target mis:     31207,  30646,  30905,  31021,  30621,  30645,  30624,  30646,  30626,  30620,  30645,  30625,  30642,  30641,  30642,  30621,  30901,  31021,  30643,  30641, 
Result: 2d99c2cb93ac29d1bf2ab0315b45b1ed40a79a2265aaf2e3d703f55042a05011
Expected result: 2d99c2cb93ac29d1bf2ab0315b45b1ed40a79a2265aaf2e3d703f55042a05011
Cycle counts:          11715828, 10901613, 10862525, 10861054, 10890161, 10874720, 10911746, 10893627, 10906715, 10888606, 10905372, 10837626, 10831528, 10872954, 10895827, 10863277, 10886940, 10882634, 10883793, 10884831, 
Branch dir mis:            41,     25,     25,     24,     24,     24,     24,     24,     24,     24,     24,     24,     24,     24,     24,     24,     24,     24,     24,     24, 
Branch target mis:     31203,  30642,  30641,  30625,  30646,  30642,  30826,  30626,  30645,  30645,  30621,  30645,  30641,  30624,  30645,  30852,  31021,  30643,  30645,  30620, 
Result: 7e55eb66b56e7b4ba88fb38003f09ec71c62816968a5c35c52b3721b0298d246
Expected result: 7e55eb66b56e7b4ba88fb38003f09ec71c62816968a5c35c52b3721b0298d246
Cycle counts:          11775273, 10929502, 10901685, 10893874, 10886093, 10896261, 10854527, 10858009, 10928031, 10882993, 10840727, 10927754, 10914947, 10863663, 10901913, 10848014, 10873622, 10832148, 10857300, 10917630, 
Branch dir mis:            39,     25,     24,     24,     24,     24,     24,     24,     24,     24,     24,     24,     24,     24,     24,     24,     24,     24,     24,     24, 
Branch target mis:     29383,  30642,  30905,  31021,  30621,  30645,  30624,  30646,  30626,  30620,  30645,  30625,  30642,  30641,  30642,  30621,  30901,  31021,  30643,  30641, 
Result: 3c9ea6279439429cd864dfacf32118e5854c6b3b018e3ccf59016f918c343714
Expected result: 3c9ea6279439429cd864dfacf32118e5854c6b3b018e3ccf59016f918c343714
Cycle counts:          11715824, 10901615, 10862536, 10861054, 10890161, 10874720, 10911746, 10893627, 10906715, 10888606, 10905372, 10837626, 10831528, 10872954, 10895827, 10863277, 10886940, 10882634, 10883793, 10884831, 
Branch dir mis:            40,     25,     24,     24,     24,     24,     24,     24,     24,     24,     24,     24,     24,     24,     24,     24,     24,     24,     24,     24, 
Branch target mis:     31203,  30642,  30641,  30625,  30646,  30642,  30826,  30626,  30645,  30645,  30621,  30645,  30641,  30624,  30645,  30852,  31021,  30643,  30645,  30620, 
Result: 59239f07c68776c227d1afb5359f93e22a16144bbf20018ef9b142dfb92a0b5f
Expected result: 59239f07c68776c227d1afb5359f93e22a16144bbf20018ef9b142dfb92a0b5f
Cycle counts:          11778559, 10929497, 10901674, 10893874, 10886093, 10896261, 10854527, 10858009, 10928031, 10882993, 10840727, 10927754, 10914947, 10863663, 10901913, 10848014, 10873622, 10832148, 10857300, 10917630, 
Branch dir mis:            40,     24,     25,     24,     24,     24,     24,     24,     24,     24,     24,     24,     24,     24,     24,     24,     24,     24,     24,     24, 
Branch target mis:     31207,  30642,  30905,  31021,  30621,  30645,  30624,  30646,  30626,  30620,  30645,  30625,  30642,  30641,  30642,  30621,  30901,  31021,  30643,  30641, 
Result: f4e8f0bf015b41e10f01cece3ef303d0e52a53bc43bc0ed14fe6ecb68fd6f112
Expected result: f4e8f0bf015b41e10f01cece3ef303d0e52a53bc43bc0ed14fe6ecb68fd6f112
Cycle counts:          11715827, 10901615, 10862536, 10861054, 10890161, 10874720, 10911746, 10893627, 10906715, 10888606, 10905372, 10837626, 10831528, 10872954, 10895827, 10863277, 10886940, 10882634, 10883793, 10884831, 
Branch dir mis:            41,     25,     24,     24,     24,     24,     24,     24,     24,     24,     24,     24,     24,     24,     24,     24,     24,     24,     24,     24, 
Branch target mis:     31203,  30642,  30641,  30625,  30646,  30642,  30826,  30626,  30645,  30645,  30621,  30645,  30641,  30624,  30645,  30852,  31021,  30643,  30645,  30620, 
Result: 09c6456d463b133c54751930d7e8e5688b10d40899fcdd1abc552bc8689d1f1b
Expected result: 09c6456d463b133c54751930d7e8e5688b10d40899fcdd1abc552bc8689d1f1b
Cycle counts:          11778563, 10929497, 10901674, 10893874, 10886093, 10896261, 10854527, 10858009, 10928031, 10882993, 10840727, 10927754, 10914947, 10863663, 10901913, 10848014, 10873622, 10832148, 10857300, 10917630, 
Branch dir mis:            38,     24,     25,     24,     24,     24,     24,     24,     24,     24,     24,     24,     24,     24,     24,     24,     24,     24,     24,     24, 
Branch target mis:     31213,  30642,  30905,  31021,  30621,  30645,  30624,  30646,  30626,  30620,  30645,  30625,  30642,  30641,  30642,  30621,  30901,  31021,  30643,  30641, 
Result: ea8a6645e642dfcacb9ce54d5172828dafaa97733a1a810f402211f24ed31f5a
Expected result: ea8a6645e642dfcacb9ce54d5172828dafaa97733a1a810f402211f24ed31f5a
Cycle counts:          11712715, 10901615, 10862536, 10861054, 10890161, 10874720, 10911746, 10893627, 10906715, 10888606, 10905372, 10837626, 10831528, 10872954, 10895827, 10863277, 10886940, 10882634, 10883793, 10884831, 
Branch dir mis:            40,     25,     24,     24,     24,     24,     24,     24,     24,     24,     24,     24,     24,     24,     24,     24,     24,     24,     24,     24, 
Branch target mis:     29435,  30642,  30641,  30625,  30646,  30642,  30826,  30626,  30645,  30645,  30621,  30645,  30641,  30624,  30645,  30852,  31021,  30643,  30645,  30620, 
Result: 8956adebcf120a43723bb7a32305d811098aa97147e844e214f784560fa5fe35
Expected result: 8956adebcf120a43723bb7a32305d811098aa97147e844e214f784560fa5fe35
Cycle counts:          11775273, 10929502, 10901685, 10893874, 10886093, 10896261, 10854527, 10858009, 10928031, 10882993, 10840727, 10927754, 10914947, 10863663, 10901913, 10848014, 10873622, 10832148, 10857300, 10917630, 
Branch dir mis:            39,     25,     24,     24,     24,     24,     24,     24,     24,     24,     24,     24,     24,     24,     24,     24,     24,     24,     24,     24, 
Branch target mis:     29383,  30642,  30905,  31021,  30621,  30645,  30624,  30646,  30626,  30620,  30645,  30625,  30642,  30641,  30642,  30621,  30901,  31021,  30643,  30641, 
Result: 85f6beac5f7956f7cd7033203dc3dce0575e088a10899fc6ceba3427b47d585f
Expected result: 85f6beac5f7956f7cd7033203dc3dce0575e088a10899fc6ceba3427b47d585f
Cycle counts:          11715824, 10901615, 10862536, 10861054, 10890161, 10874720, 10911746, 10893627, 10906715, 10888606, 10905372, 10837626, 10831528, 10872954, 10895827, 10863277, 10886940, 10882634, 10883793, 10884831, 
Branch dir mis:            40,     25,     24,     24,     24,     24,     24,     24,     24,     24,     24,     24,     24,     24,     24,     24,     24,     24,     24,     24, 
Branch target mis:     31203,  30642,  30641,  30625,  30646,  30642,  30826,  30626,  30645,  30645,  30621,  30645,  30641,  30624,  30645,  30852,  31021,  30643,  30645,  30620, 
Result: b47a445ed7bfc35e690d490551f7519719c388fe2fdc89168c4ccea3e9f5687f
Expected result: b47a445ed7bfc35e690d490551f7519719c388fe2fdc89168c4ccea3e9f5687f
Cycle counts:          11778555, 10929502, 10901685, 10893874, 10886093, 10896261, 10854527, 10858009, 10928031, 10882993, 10840727, 10927754, 10914947, 10863663, 10901913, 10848014, 10873622, 10832148, 10857300, 10917630, 
Branch dir mis:            39,     25,     24,     24,     24,     24,     24,     24,     24,     24,     24,     24,     24,     24,     24,     24,     24,     24,     24,     24, 
Branch target mis:     31207,  30642,  30905,  31021,  30621,  30645,  30624,  30646,  30626,  30620,  30645,  30625,  30642,  30641,  30642,  30621,  30901,  31021,  30643,  30641, 
Result: dcc25e12080f611524b7c36bdd5504c823fd2e31da127082f4d012fa2875bc72
Expected result: dcc25e12080f611524b7c36bdd5504c823fd2e31da127082f4d012fa2875bc72
Cycle counts:          11715831, 10901615, 10862536, 10861054, 10890161, 10874720, 10911746, 10893627, 10906715, 10888606, 10905372, 10837626, 10831528, 10872954, 10895827, 10863277, 10886940, 10882634, 10883793, 10884831, 
Branch dir mis:            42,     25,     24,     24,     24,     24,     24,     24,     24,     24,     24,     24,     24,     24,     24,     24,     24,     24,     24,     24, 
Branch target mis:     31203,  30642,  30641,  30625,  30646,  30642,  30826,  30626,  30645,  30645,  30621,  30645,  30641,  30624,  30645,  30852,  31021,  30643,  30645,  30620, 
Result: 43a08788037c2e532184cf060b46017a7af6c87863b7b40b61354d49cf812868
Expected result: 43a08788037c2e532184cf060b46017a7af6c87863b7b40b61354d49cf812868
Cycle counts:          11778557, 10929505, 10901685, 10893874, 10886093, 10896261, 10854527, 10858009, 10928031, 10882993, 10840727, 10927754, 10914947, 10863663, 10901913, 10848014, 10873622, 10832148, 10857300, 10917630, 
Branch dir mis:            37,     26,     24,     24,     24,     24,     24,     24,     24,     24,     24,     24,     24,     24,     24,     24,     24,     24,     24,     24, 
Branch target mis:     31213,  30642,  30905,  31021,  30621,  30645,  30624,  30646,  30626,  30620,  30645,  30625,  30642,  30641,  30642,  30621,  30901,  31021,  30643,  30641, 
Result: e9d8521786af7fe647a6b19c8520eb5afc478804e3ff9e997dcb7e52b832b826
Expected result: e9d8521786af7fe647a6b19c8520eb5afc478804e3ff9e997dcb7e52b832b826
Cycle counts:          11715824, 10901615, 10862536, 10861054, 10890161, 10874720, 10911746, 10893627, 10906715, 10888606, 10905372, 10837626, 10831528, 10872954, 10895827, 10863277, 10886940, 10882634, 10883793, 10884831, 
Branch dir mis:            40,     25,     24,     24,     24,     24,     24,     24,     24,     24,     24,     24,     24,     24,     24,     24,     24,     24,     24,     24, 
Branch target mis:     31203,  30642,  30641,  30625,  30646,  30642,  30826,  30626,  30645,  30645,  30621,  30645,  30641,  30624,  30645,  30852,  31021,  30643,  30645,  30620, 
Result: dd9e0e2e376726301ddfc33e840a96bc1ff7f62e7ea395d1d97ac532249a7f46
Expected result: dd9e0e2e376726301ddfc33e840a96bc1ff7f62e7ea395d1d97ac532249a7f46
Cycle counts:          11778562, 10929502, 10901685, 10893874, 10886093, 10896261, 10854527, 10858009, 10928031, 10882993, 10840727, 10927754, 10914947, 10863663, 10901913, 10848014, 10873622, 10832148, 10857300, 10917630, 
Branch dir mis:            40,     25,     24,     24,     24,     24,     24,     24,     24,     24,     24,     24,     24,     24,     24,     24,     24,     24,     24,     24, 
Branch target mis:     31207,  30642,  30905,  31021,  30621,  30645,  30624,  30646,  30626,  30620,  30645,  30625,  30642,  30641,  30642,  30621,  30901,  31021,  30643,  30641, 
Result: 9407f0a0d9e0dfb937b8c8c38d802f20372a260b872760242f9a2055bdbe0c2b
Expected result: 9407f0a0d9e0dfb937b8c8c38d802f20372a260b872760242f9a2055bdbe0c2b
Cycle counts:          11712709, 10901615, 10862536, 10861054, 10890161, 10874720, 10911746, 10893627, 10906715, 10888606, 10905372, 10837626, 10831528, 10872954, 10895827, 10863277, 10886940, 10882634, 10883793, 10884831, 
Branch dir mis:            39,     25,     24,     24,     24,     24,     24,     24,     24,     24,     24,     24,     24,     24,     24,     24,     24,     24,     24,     24, 
Branch target mis:     29433,  30642,  30641,  30625,  30646,  30642,  30826,  30626,  30645,  30645,  30621,  30645,  30641,  30624,  30645,  30852,  31021,  30643,  30645,  30620, 
Result: 9367441be69801bf7ba050bfcf441258d340f6ca2acd6adfcafb36e03da6817f
Expected result: 9367441be69801bf7ba050bfcf441258d340f6ca2acd6adfcafb36e03da6817f
Cycle counts:          11775273, 10929502, 10901685, 10893874, 10886093, 10896261, 10854527, 10858009, 10928031, 10882993, 10840727, 10927754, 10914947, 10863663, 10901913, 10848014, 10873622, 10832148, 10857300, 10917630, 
Branch dir mis:            39,     25,     24,     24,     24,     24,     24,     24,     24,     24,     24,     24,     24,     24,     24,     24,     24,     24,     24,     24, 
Branch target mis:     29383,  30642,  30905,  31021,  30621,  30645,  30624,  30646,  30626,  30620,  30645,  30625,  30642,  30641,  30642,  30621,  30901,  31021,  30643,  30641, 
Result: b5ca5334a0a4ede62c0fcc7b3cb195a2da0810e467cc0a6654947026671ca24e
Expected result: b5ca5334a0a4ede62c0fcc7b3cb195a2da0810e467cc0a6654947026671ca24e
Cycle counts:          11715827, 10901615, 10862536, 10861054, 10890161, 10874720, 10911746, 10893627, 10906715, 10888606, 10905372, 10837626, 10831528, 10872954, 10895827, 10863277, 10886940, 10882634, 10883793, 10884831, 
Branch dir mis:            41,     25,     24,     24,     24,     24,     24,     24,     24,     24,     24,     24,     24,     24,     24,     24,     24,     24,     24,     24, 
Branch target mis:     31203,  30642,  30641,  30625,  30646,  30642,  30826,  30626,  30645,  30645,  30621,  30645,  30641,  30624,  30645,  30852,  31021,  30643,  30645,  30620, 
Result: deec0b290c7ac212df50f4e28ed7162f9f60d7bdf484e1577ac07b29ad3fb271
Expected result: deec0b290c7ac212df50f4e28ed7162f9f60d7bdf484e1577ac07b29ad3fb271
Cycle counts:          11775276, 10929502, 10901685, 10893874, 10886093, 10896261, 10854527, 10858009, 10928031, 10882993, 10840727, 10927754, 10914947, 10863663, 10901913, 10848014, 10873622, 10832148, 10857300, 10917630, 
Branch dir mis:            40,     25,     24,     24,     24,     24,     24,     24,     24,     24,     24,     24,     24,     24,     24,     24,     24,     24,     24,     24, 
Branch target mis:     29383,  30642,  30905,  31021,  30621,  30645,  30624,  30646,  30626,  30620,  30645,  30625,  30642,  30641,  30642,  30621,  30901,  31021,  30643,  30641, 
Result: 844395e11245470536cb926c07d25d14a28ac6fe04fb43dccae8155bd44b1132
Expected result: 844395e11245470536cb926c07d25d14a28ac6fe04fb43dccae8155bd44b1132
Cycle counts:          11712722, 10901622, 10862525, 10861054, 10890161, 10874720, 10911746, 10893627, 10906715, 10888606, 10905372, 10837626, 10831528, 10872954, 10895827, 10863277, 10886940, 10882634, 10883793, 10884831, 
Branch dir mis:            42,     24,     25,     24,     24,     24,     24,     24,     24,     24,     24,     24,     24,     24,     24,     24,     24,     24,     24,     24, 
Branch target mis:     29435,  30646,  30641,  30625,  30646,  30642,  30826,  30626,  30645,  30645,  30621,  30645,  30641,  30624,  30645,  30852,  31021,  30643,  30645,  30620, 
Result: 6ebd3082520a33e6af1bb6e0d0295f29456d5f198d10b539e06bb9404f4ec814
Expected result: 6ebd3082520a33e6af1bb6e0d0295f29456d5f198d10b539e06bb9404f4ec814
Cycle counts:          11775274, 10929502, 10901685, 10893874, 10886093, 10896261, 10854527, 10858009, 10928031, 10882993, 10840727, 10927754, 10914947, 10863663, 10901913, 10848014, 10873622, 10832148, 10857300, 10917630, 
Branch dir mis:            39,     25,     24,     24,     24,     24,     24,     24,     24,     24,     24,     24,     24,     24,     24,     24,     24,     24,     24,     24, 
Branch target mis:     29383,  30642,  30905,  31021,  30621,  30645,  30624,  30646,  30626,  30620,  30645,  30625,  30642,  30641,  30642,  30621,  30901,  31021,  30643,  30641, 
Result: 42ebfbe6d0da643bd7771f6e59b0a821af8083ae316e67f61460958987f41151
Expected result: 42ebfbe6d0da643bd7771f6e59b0a821af8083ae316e67f61460958987f41151
Cycle counts:          11717116, 10901615, 10862536, 10861054, 10890161, 10874720, 10911746, 10893627, 10906715, 10888606, 10905372, 10837626, 10831528, 10872954, 10895827, 10863277, 10886940, 10882634, 10883793, 10884831, 
Branch dir mis:            39,     25,     24,     24,     24,     24,     24,     24,     24,     24,     24,     24,     24,     24,     24,     24,     24,     24,     24,     24, 
Branch target mis:     30496,  30642,  30641,  30625,  30646,  30642,  30826,  30626,  30645,  30645,  30621,  30645,  30641,  30624,  30645,  30852,  31021,  30643,  30645,  30620, 
Result: a5e0de46eecb58e61c028561e952976d5ff49128b98e8c8f08c3aa170787b547
Expected result: a5e0de46eecb58e61c028561e952976d5ff49128b98e8c8f08c3aa170787b547
Cycle counts:          11775273, 10929502, 10901685, 10893874, 10886093, 10896261, 10854527, 10858009, 10928031, 10882993, 10840727, 10927754, 10914947, 10863663, 10901913, 10848014, 10873622, 10832148, 10857300, 10917630, 
Branch dir mis:            39,     25,     24,     24,     24,     24,     24,     24,     24,     24,     24,     24,     24,     24,     24,     24,     24,     24,     24,     24, 
Branch target mis:     29383,  30642,  30905,  31021,  30621,  30645,  30624,  30646,  30626,  30620,  30645,  30625,  30642,  30641,  30642,  30621,  30901,  31021,  30643,  30641, 
Result: c9327374bd714ed78a1e15f1d84d1ece5eafc77b4acc165c059e50025105387a
Expected result: c9327374bd714ed78a1e15f1d84d1ece5eafc77b4acc165c059e50025105387a
Cycle counts:          11715827, 10901615, 10862536, 10861054, 10890161, 10874720, 10911746, 10893627, 10906715, 10888606, 10905372, 10837626, 10831528, 10872954, 10895827, 10863277, 10886940, 10882634, 10883793, 10884831, 
Branch dir mis:            41,     25,     24,     24,     24,     24,     24,     24,     24,     24,     24,     24,     24,     24,     24,     24,     24,     24,     24,     24, 
Branch target mis:     31203,  30642,  30641,  30625,  30646,  30642,  30826,  30626,  30645,  30645,  30621,  30645,  30641,  30624,  30645,  30852,  31021,  30643,  30645,  30620, 
Result: 766662c8ae2a2e61b93f68e969b2f5af54b81ed89ea1ca5621f8437868c94b02
Expected result: 766662c8ae2a2e61b93f68e969b2f5af54b81ed89ea1ca5621f8437868c94b02
Cycle counts:          11775274, 10929502, 10901685, 10893874, 10886093, 10896261, 10854527, 10858009, 10928031, 10882993, 10840727, 10927754, 10914947, 10863663, 10901913, 10848014, 10873622, 10832148, 10857300, 10917630, 
Branch dir mis:            39,     25,     24,     24,     24,     24,     24,     24,     24,     24,     24,     24,     24,     24,     24,     24,     24,     24,     24,     24, 
Branch target mis:     29383,  30642,  30905,  31021,  30621,  30645,  30624,  30646,  30626,  30620,  30645,  30625,  30642,  30641,  30642,  30621,  30901,  31021,  30643,  30641, 
Result: 62358c4ccf93709c49ba6a5d2bfc952aeaf3586ac029c095f146df4295261a39
Expected result: 62358c4ccf93709c49ba6a5d2bfc952aeaf3586ac029c095f146df4295261a39
Cycle counts:          11715831, 10901615, 10862536, 10861054, 10890161, 10874720, 10911746, 10893627, 10906715, 10888606, 10905372, 10837626, 10831528, 10872954, 10895827, 10863277, 10886940, 10882634, 10883793, 10884831, 
Branch dir mis:            42,     25,     24,     24,     24,     24,     24,     24,     24,     24,     24,     24,     24,     24,     24,     24,     24,     24,     24,     24, 
Branch target mis:     31203,  30642,  30641,  30625,  30646,  30642,  30826,  30626,  30645,  30645,  30621,  30645,  30641,  30624,  30645,  30852,  31021,  30643,  30645,  30620, 
Result: 20c46a57a3fc38088b1ab1bb44463efa64d7ce063cb9f42c3473fd1e4636f668
Expected result: 20c46a57a3fc38088b1ab1bb44463efa64d7ce063cb9f42c3473fd1e4636f668
Cycle counts:          11775277, 10929497, 10901674, 10893874, 10886093, 10896261, 10854527, 10858009, 10928031, 10882993, 10840727, 10927754, 10914947, 10863663, 10901913, 10848014, 10873622, 10832148, 10857300, 10917630, 
Branch dir mis:            40,     24,     25,     24,     24,     24,     24,     24,     24,     24,     24,     24,     24,     24,     24,     24,     24,     24,     24,     24, 
Branch target mis:     29383,  30642,  30905,  31021,  30621,  30645,  30624,  30646,  30626,  30620,  30645,  30625,  30642,  30641,  30642,  30621,  30901,  31021,  30643,  30641, 
Result: 833dd125bc1fa5c3ca1d429addf867673707f9585d935ea3916c1098e05cff7f
Expected result: 833dd125bc1fa5c3ca1d429addf867673707f9585d935ea3916c1098e05cff7f
Cycle counts:          11712718, 10901615, 10862536, 10861054, 10890161, 10874720, 10911746, 10893627, 10906715, 10888606, 10905372, 10837626, 10831528, 10872954, 10895827, 10863277, 10886940, 10882634, 10883793, 10884831, 
Branch dir mis:            41,     25,     24,     24,     24,     24,     24,     24,     24,     24,     24,     24,     24,     24,     24,     24,     24,     24,     24,     24, 
Branch target mis:     29435,  30642,  30641,  30625,  30646,  30642,  30826,  30626,  30645,  30645,  30621,  30645,  30641,  30624,  30645,  30852,  31021,  30643,  30645,  30620, 
Result: a19d8cdd1d20c163ad4802f1e04a46ba59d0dc167e6da4763cb44316642fd53e
Expected result: a19d8cdd1d20c163ad4802f1e04a46ba59d0dc167e6da4763cb44316642fd53e
Cycle counts:          11778555, 10929502, 10901685, 10893874, 10886093, 10896261, 10854527, 10858009, 10928031, 10882993, 10840727, 10927754, 10914947, 10863663, 10901913, 10848014, 10873622, 10832148, 10857300, 10917630, 
Branch dir mis:            39,     25,     24,     24,     24,     24,     24,     24,     24,     24,     24,     24,     24,     24,     24,     24,     24,     24,     24,     24, 
Branch target mis:     31207,  30642,  30905,  31021,  30621,  30645,  30624,  30646,  30626,  30620,  30645,  30625,  30642,  30641,  30642,  30621,  30901,  31021,  30643,  30641, 
Result: 471fa58150be3c4faf26f09ecb4fb6248a2fb1d896d458527cb78a702fd5b262
Expected result: 471fa58150be3c4faf26f09ecb4fb6248a2fb1d896d458527cb78a702fd5b262
Cycle counts:          11712718, 10901615, 10862536, 10861054, 10890161, 10874720, 10911746, 10893627, 10906715, 10888606, 10905372, 10837626, 10831528, 10872954, 10895827, 10863277, 10886940, 10882634, 10883793, 10884831, 
Branch dir mis:            41,     25,     24,     24,     24,     24,     24,     24,     24,     24,     24,     24,     24,     24,     24,     24,     24,     24,     24,     24, 
Branch target mis:     29435,  30642,  30641,  30625,  30646,  30642,  30826,  30626,  30645,  30645,  30621,  30645,  30641,  30624,  30645,  30852,  31021,  30643,  30645,  30620, 
Result: 9ec50cd0b9e70600a5eb08ad689f83379d0c38b81d99137f8a192a4a24ed5c05
Expected result: 9ec50cd0b9e70600a5eb08ad689f83379d0c38b81d99137f8a192a4a24ed5c05
Cycle counts:          11775273, 10929502, 10901685, 10893874, 10886093, 10896261, 10854527, 10858009, 10928031, 10882993, 10840727, 10927754, 10914947, 10863663, 10901913, 10848014, 10873622, 10832148, 10857300, 10917630, 
Branch dir mis:            39,     25,     24,     24,     24,     24,     24,     24,     24,     24,     24,     24,     24,     24,     24,     24,     24,     24,     24,     24, 
Branch target mis:     29383,  30642,  30905,  31021,  30621,  30645,  30624,  30646,  30626,  30620,  30645,  30625,  30642,  30641,  30642,  30621,  30901,  31021,  30643,  30641, 
Result: 61883344a5eae3d48ff3e049e390fff1c832f68594f2175e277f4fdd08eab414
Expected result: 61883344a5eae3d48ff3e049e390fff1c832f68594f2175e277f4fdd08eab414
Cycle counts:          11712715, 10901615, 10862536, 10861054, 10890161, 10874720, 10911746, 10893627, 10906715, 10888606, 10905372, 10837626, 10831528, 10872954, 10895827, 10863277, 10886940, 10882634, 10883793, 10884831, 
Branch dir mis:            40,     25,     24,     24,     24,     24,     24,     24,     24,     24,     24,     24,     24,     24,     24,     24,     24,     24,     24,     24, 
Branch target mis:     29435,  30642,  30641,  30625,  30646,  30642,  30826,  30626,  30645,  30645,  30621,  30645,  30641,  30624,  30645,  30852,  31021,  30643,  30645,  30620, 
Result: 348a8a020eee9361ef247ecd8ac5a0f59ab2831e3638cccb78a80fd8679aed3b
Expected result: 348a8a020eee9361ef247ecd8ac5a0f59ab2831e3638cccb78a80fd8679aed3b
Cycle counts:          11775276, 10929502, 10901685, 10893874, 10886093, 10896261, 10854527, 10858009, 10928031, 10882993, 10840727, 10927754, 10914947, 10863663, 10901913, 10848014, 10873622, 10832148, 10857300, 10917630, 
Branch dir mis:            40,     25,     24,     24,     24,     24,     24,     24,     24,     24,     24,     24,     24,     24,     24,     24,     24,     24,     24,     24, 
Branch target mis:     29383,  30642,  30905,  31021,  30621,  30645,  30624,  30646,  30626,  30620,  30645,  30625,  30642,  30641,  30642,  30621,  30901,  31021,  30643,  30641, 
Result: d1112ead06f0f8fab8a4b2b63a84a3b7ef3ac6b048dc26a0dc9a6da12ddee66d
Expected result: d1112ead06f0f8fab8a4b2b63a84a3b7ef3ac6b048dc26a0dc9a6da12ddee66d
Cycle counts:          11717123, 10901622, 10862525, 10861054, 10890161, 10874720, 10911746, 10893627, 10906715, 10888606, 10905372, 10837626, 10831528, 10872954, 10895827, 10863277, 10886940, 10882634, 10883793, 10884831, 
Branch dir mis:            41,     24,     25,     24,     24,     24,     24,     24,     24,     24,     24,     24,     24,     24,     24,     24,     24,     24,     24,     24, 
Branch target mis:     30496,  30646,  30641,  30625,  30646,  30642,  30826,  30626,  30645,  30645,  30621,  30645,  30641,  30624,  30645,  30852,  31021,  30643,  30645,  30620, 
Result: 6a997e526df3acf5eabf80dc3cd6ceb34a72505f513b9186e2308e58c1437e1c
Expected result: 6a997e526df3acf5eabf80dc3cd6ceb34a72505f513b9186e2308e58c1437e1c
Cycle counts:          11778552, 10929502, 10901685, 10893874, 10886093, 10896261, 10854527, 10858009, 10928031, 10882993, 10840727, 10927754, 10914947, 10863663, 10901913, 10848014, 10873622, 10832148, 10857300, 10917630, 
Branch dir mis:            38,     25,     24,     24,     24,     24,     24,     24,     24,     24,     24,     24,     24,     24,     24,     24,     24,     24,     24,     24, 
Branch target mis:     31207,  30642,  30905,  31021,  30621,  30645,  30624,  30646,  30626,  30620,  30645,  30625,  30642,  30641,  30642,  30621,  30901,  31021,  30643,  30641, 
Result: c861690d1f51454a6ce2753e14f813664d8343be9598d40620c3e27a3ccd3c38
Expected result: c861690d1f51454a6ce2753e14f813664d8343be9598d40620c3e27a3ccd3c38
Cycle counts:          11765468, 10963189, 10867408, 10926402, 10904040, 10887526, 10849378, 10899868, 10855958, 10889086, 10814730, 10883860, 10931801, 10845333, 10948393, 10873652, 10820811, 10879959, 10866509, 10857164, 
Branch dir mis:            42,     26,     25,     24,     24,     24,     24,     24,     24,     24,     24,     24,     24,     24,     24,     24,     24,     24,     24,     24, 
Branch target mis:     29448,  28531,  30621,  30646,  30645,  30624,  30645,  30625,  30624,  30620,  30621,  30624,  30646,  30624,  30856,  30625,  30905,  30646,  30646,  30645, 
Result: f4249c12d0ab5619afefaf5ae453cdab7a6c2289bfc4473f31c8f7435df9ab21
Expected result: f4249c12d0ab5619afefaf5ae453cdab7a6c2289bfc4473f31c8f7435df9ab21
Cycle counts:          11778568, 10929509, 10901674, 10893874, 10886093, 10896261, 10854527, 10858009, 10928031, 10882993, 10840727, 10927754, 10914947, 10863663, 10901913, 10848014, 10873622, 10832148, 10857300, 10917630, 
Branch dir mis:            42,     24,     25,     24,     24,     24,     24,     24,     24,     24,     24,     24,     24,     24,     24,     24,     24,     24,     24,     24, 
Branch target mis:     31207,  30646,  30905,  31021,  30621,  30645,  30624,  30646,  30626,  30620,  30645,  30625,  30642,  30641,  30642,  30621,  30901,  31021,  30643,  30641, 
Result: b41c989776952c4d1425d678646454dcae1991692d05fe37017c7284d5c0cd20
Expected result: fade9b23c9ea56c3a79b035a70bd78460f7433e3e2bc2daf6cfcf5f8b5de5c07
