before mainloop
passed mainloop
before mainloop
passed mainloop
Cycle counts:          276898815, 3988196567, 15997292, 2131488248,   6184, 2147475620,     12, 2147485360,   6336, 2147669440, 4294773504, 536997404, 1610494308, 2415941004, 4026499059, 537000503, 3773966794, 4278970196, 4294964396, 536999064, 
Branch dir mis:        13365050, 2530855389, 2147473168, 15999744, 520999884, 3758082612, 4294854868, 15997228, 520991852, 3758090644, 2147372928, 2147482000, 2147485296, 2415947400, 1879015480, 2147483583, 2147488249, 2147594248, 4294852096, 33554560, 
Branch target mis:    8665357, 1552410502, 3758425644, 4294508800,   2496, 2147485376, 2163479168, 4278967552,   2544, 2147485328,   6384, 2147475620, 15997164, 2131488128,   6432, 4294957404, 2147485524, 15997104, 2131494576, 2181027280, 
Result: 3abd5b9627d27611ddcc5deba54af0785cd1aec06820367e37bed05d732eac2e
Expected result: 3abd5b9627d27611ddcc5deba54af0785cd1aec06820367e37bed05d732eac2e
before mainloop
passed mainloop
before mainloop
passed mainloop
Cycle counts:          277557509, 3987196750, 15997292, 2131488248,   6184, 2147475620,     12, 2147485360,   6336, 2147669440, 4294773504, 536997404, 1610494308, 2415941004, 4026499059, 537000503, 3773966794, 4278970196, 4294964396, 536999064, 
Branch dir mis:        13485081, 2503860365, 2147473168, 15999744, 520999884, 3758082612, 4294854868, 15997228, 520991852, 3758090644, 2147372928, 2147482000, 2147485296, 2415947400, 1879015480, 2147483583, 2147488249, 2147594248, 4294852096, 33554560, 
Branch target mis:    8590660, 1535135553, 3758425644, 4294508800,   2496, 2147485376, 2163479168, 4278967552,   2544, 2147485328,   6384, 2147475620, 15997164, 2131488128,   6432, 4294957404, 2147485524, 15997104, 2131494576, 2181027280, 
Result: f7f8fcfbaf30ec24d1736798660de2358f1dc416a98ea1ad0d4757307dbd113e
Expected result: f7f8fcfbaf30ec24d1736798660de2358f1dc416a98ea1ad0d4757307dbd113e
before mainloop
passed mainloop
before mainloop
passed mainloop
Cycle counts:          277257374, 3987836328, 15997292, 2131488248,   6184, 2147475620,     12, 2147485360,   6336, 2147669440, 4294773504, 536997404, 1610494308, 2415941004, 4026499059, 537000503, 3773966794, 4278970196, 4294964396, 536999064, 
Branch dir mis:        13411733, 2476861851, 2147473168, 15999744, 520999884, 3758082612, 4294854868, 15997228, 520991852, 3758090644, 2147372928, 2147482000, 2147485296, 2415947400, 1879015480, 2147483583, 2147488249, 2147594248, 4294852096, 33554560, 
Branch target mis:    8636335, 1517880709, 3758425644, 4294508800,   2496, 2147485376, 2163479168, 4278967552,   2544, 2147485328,   6384, 2147475620, 15997164, 2131488128,   6432, 4294957404, 2147485524, 15997104, 2131494576, 2181027280, 
Result: 34d44847c19d8909c0986b8bede03035fe0693e1b426320c656ea7b8c3c44414
Expected result: 5af7d8498eb5d7390aa8cb199ed5bd6afbb6f41949efeecd89b4e1c71a5e6f21
