Cycle counts:          311315,  92618,  92602,  92588,  92590,  92594,  92591,  92592,  92591,  92592,  92591,  92592,  92591,  92592,  92591,  92592,  92591,  92592,  92591,  92592, 
Branch dir mis:           647,    628,    622,    622,    619,    619,    619,    619,    619,    619,    619,    619,    619,    619,    619,    619,    619,    619,    619,    619, 
Branch target mis:          27,     24,     26,     24,     29,     29,     29,     29,     29,     29,     29,     29,     29,     29,     29,     29,     29,     29,     29,     29, 
Result: 49b74385f3cc92bf8d43c6364be43862
Expected result: 49b74385f3cc92bf8d43c6364be43862
Cycle counts:          308909,  92615,  92605,  92594,  92596,  92601,  92605,  92601,  92605,  92601,  92605,  92601,  92605,  92601,  92605,  92601,  92605,  92601,  92605,  92601, 
Branch dir mis:           648,    627,    623,    624,    621,    621,    621,    621,    621,    621,    621,    621,    621,    621,    621,    621,    621,    621,    621,    621, 
Branch target mis:          26,     24,     26,     24,     29,     28,     28,     28,     28,     28,     28,     28,     28,     28,     28,     28,     28,     28,     28,     28, 
Result: f89f5f8c275d98a92ad1c5f1f22e596c
Expected result: f89f5f8c275d98a92ad1c5f1f22e596c
Cycle counts:          311318,  92615,  92602,  92588,  92590,  92594,  92591,  92592,  92591,  92592,  92591,  92592,  92591,  92592,  92591,  92592,  92591,  92592,  92591,  92592, 
Branch dir mis:           647,    627,    622,    622,    619,    619,    619,    619,    619,    619,    619,    619,    619,    619,    619,    619,    619,    619,    619,    619, 
Branch target mis:          28,     24,     26,     24,     29,     29,     29,     29,     29,     29,     29,     29,     29,     29,     29,     29,     29,     29,     29,     29, 
Result: daf00ffe62260ad9347ce068b36bf098
Expected result: daf0 ffe6226 ad9347ce068b36bf098
Cycle counts:          308908,  92615,  92605,  92594,  92596,  92601,  92605,  92601,  92605,  92601,  92605,  92601,  92605,  92601,  92605,  92601,  92605,  92601,  92605,  92601, 
Branch dir mis:           647,    627,    623,    624,    621,    621,    621,    621,    621,    621,    621,    621,    621,    621,    621,    621,    621,    621,    621,    621, 
Branch target mis:          27,     24,     26,     24,     29,     28,     28,     28,     28,     28,     28,     28,     28,     28,     28,     28,     28,     28,     28,     28, 
Result: 32bc902e0a310b9d0a5e10b483264d11
Expected result: 32bc902e a31 b9d a5e10b483264d11
Cycle counts:          311327,  92614,  92610,  92606,  92592,  92587,  92599,  92592,  92587,  92599,  92592,  92587,  92599,  92592,  92587,  92599,  92592,  92587,  92599,  92592, 
Branch dir mis:           645,    628,    626,    622,    619,    619,    621,    619,    619,    621,    619,    619,    621,    619,    619,    621,    619,    619,    621,    619, 
Branch target mis:          28,     25,     27,     27,     29,     26,     28,     29,     26,     28,     29,     26,     28,     29,     26,     28,     29,     26,     28,     29, 
Result: d1a9a194d0896193963ea57eef288eb8
Expected result: d1a9a194d0896193963ea57eef288eb8
Cycle counts:          308933,  92611,  92605,  92594,  92596,  92601,  92605,  92601,  92605,  92601,  92605,  92601,  92605,  92601,  92605,  92601,  92605,  92601,  92605,  92601, 
Branch dir mis:           648,    626,    623,    624,    621,    621,    621,    621,    621,    621,    621,    621,    621,    621,    621,    621,    621,    621,    621,    621, 
Branch target mis:          28,     24,     26,     24,     29,     28,     28,     28,     28,     28,     28,     28,     28,     28,     28,     28,     28,     28,     28,     28, 
Result: 1b54a2e19090275efde50be4c25d8437
Expected result: 1b54a2e19090275efde5 be4c25d8437
Cycle counts:          311326,  92619,  92597,  92604,  92600,  92593,  92599,  92592,  92587,  92599,  92592,  92587,  92599,  92592,  92587,  92599,  92592,  92587,  92599,  92592, 
Branch dir mis:           643,    628,    622,    624,    619,    619,    621,    619,    619,    621,    619,    619,    621,    619,    619,    621,    619,    619,    621,    619, 
Branch target mis:          29,     25,     26,     28,     28,     29,     28,     29,     26,     28,     29,     26,     28,     29,     26,     28,     29,     26,     28,     29, 
Result: 4939190223bd0546a47269177c0f4406
Expected result: 493919 223bd 546a47269177c f44 6
Cycle counts:          308909,  92618,  92605,  92594,  92596,  92601,  92605,  92601,  92605,  92601,  92605,  92601,  92605,  92601,  92605,  92601,  92605,  92601,  92605,  92601, 
Branch dir mis:           647,    628,    623,    624,    621,    621,    621,    621,    621,    621,    621,    621,    621,    621,    621,    621,    621,    621,    621,    621, 
Branch target mis:          27,     24,     26,     24,     29,     28,     28,     28,     28,     28,     28,     28,     28,     28,     28,     28,     28,     28,     28,     28, 
Result: 908a275c8418c44c6a89e5b5cb218c2e
Expected result: 908a275c8418c44c6a89e5b5cb218c2e
Cycle counts:          311324,  92634,  92609,  92601,  92594,  92595,  92594,  92595,  92594,  92595,  92594,  92595,  92594,  92595,  92594,  92595,  92594,  92595,  92594,  92595, 
Branch dir mis:           649,    632,    623,    623,    620,    620,    620,    620,    620,    620,    620,    620,    620,    620,    620,    620,    620,    620,    620,    620, 
Branch target mis:          28,     26,     26,     28,     28,     29,     28,     29,     28,     29,     28,     29,     28,     29,     28,     29,     28,     29,     28,     29, 
Result: 1fa3c34a6488e8f43b4de7e12a2d9bb4
Expected result: 1fa3c34a6488e8f43b4de7e12a2d9bb4
Cycle counts:          308913,  92628,  92609,  92601,  92594,  92603,  92599,  92603,  92599,  92603,  92599,  92603,  92599,  92603,  92599,  92603,  92599,  92603,  92599,  92603, 
Branch dir mis:           648,    630,    623,    623,    620,    620,    620,    620,    620,    620,    620,    620,    620,    620,    620,    620,    620,    620,    620,    620, 
Branch target mis:          27,     26,     26,     28,     28,     28,     28,     28,     28,     28,     28,     28,     28,     28,     28,     28,     28,     28,     28,     28, 
Result: 5c640381a1c2ce1b14b70d5228e9884f
Expected result: 5c64 381a1c2ce1b14b7 d5228e9884f
AT+CWMODE=0--> Send sync error 
Cycle counts:          311301,  92625,  92597,  92604,  92600,  92593,  92599,  92592,  92587,  92599,  92592,  92587,  92599,  92592,  92587,  92599,  92592,  92587,  92599,  92592, 
Branch dir mis:           642,    630,    622,    624,    619,    619,    621,    619,    619,    621,    619,    619,    621,    619,    619,    621,    619,    619,    621,    619, 
Branch target mis:          27,     25,     26,     28,     28,     29,     28,     29,     26,     28,     29,     26,     28,     29,     26,     28,     29,     26,     28,     29, 
Result: 0b5933152167e2d9335e6031dfc0a324
Expected result:  b5933152167e2d9335e6031dfc0a324
Cycle counts:          308922,  92611,  92605,  92594,  92596,  92601,  92605,  92601,  92605,  92601,  92605,  92601,  92605,  92601,  92605,  92601,  92605,  92601,  92605,  92601, 
Branch dir mis:           645,    626,    623,    624,    621,    621,    621,    621,    621,    621,    621,    621,    621,    621,    621,    621,    621,    621,    621,    621, 
Branch target mis:          28,     24,     26,     24,     29,     28,     28,     28,     28,     28,     28,     28,     28,     28,     28,     28,     28,     28,     28,     28, 
Result: 2e7dd813eeb0f6af432eadffc5971832
Expected result: 2e7dd813eeb0f6af432eadffc5971832
Cycle counts:          311334,  92611,  92605,  92594,  92596,  92600,  92597,  92598,  92597,  92598,  92597,  92598,  92597,  92598,  92597,  92598,  92597,  92598,  92597,  92598, 
Branch dir mis:           646,    626,    623,    624,    621,    621,    621,    621,    621,    621,    621,    621,    621,    621,    621,    621,    621,    621,    621,    621, 
Branch target mis:          29,     24,     26,     24,     29,     29,     29,     29,     29,     29,     29,     29,     29,     29,     29,     29,     29,     29,     29,     29, 
Result: 5b9e9ba194645ac0b6cba96c4bd297b8
Expected result: 5b9e9ba194645ac0b6cba96c4bd297b8
Cycle counts:          308909,  92616,  92609,  92606,  92592,  92602,  92592,  92593,  92595,  92605,  92592,  92599,  92601,  92592,  92593,  92595,  92605,  92592,  92602,  92595, 
Branch dir mis:           647,    629,    626,    625,    619,    619,    619,    621,    619,    621,    619,    621,    619,    619,    621,    619,    621,    619,    621,    619, 
Branch target mis:          27,     25,     26,     28,     29,     28,     29,     26,     28,     28,     29,     29,     28,     29,     26,     28,     28,     29,     28,     28, 
Result: 67b131e6e4e2bec4614c3fe18068db97
Expected result: 67b131e6e4e2bec4614c3fe18068db97
Cycle counts:          311320,  92634,  92609,  92601,  92594,  92595,  92594,  92595,  92594,  92595,  92594,  92595,  92594,  92595,  92594,  92595,  92594,  92595,  92594,  92595, 
Branch dir mis:           649,    632,    623,    623,    620,    620,    620,    620,    620,    620,    620,    620,    620,    620,    620,    620,    620,    620,    620,    620, 
Branch target mis:          27,     26,     26,     28,     28,     29,     28,     29,     28,     29,     28,     29,     28,     29,     28,     29,     28,     29,     28,     29, 
Result: f36a7adc66537cc0c4647e825d6a94e5
Expected result: f36a7adc66537cc0c4647e825d6a94e5
Cycle counts:          308910,  92614,  92611,  92606,  92592,  92587,  92599,  92601,  92592,  92593,  92595,  92605,  92592,  92602,  92595,  92605,  92592,  92602,  92595,  92605, 
Branch dir mis:           647,    628,    626,    622,    619,    619,    621,    619,    619,    621,    619,    621,    619,    621,    619,    621,    619,    621,    619,    621, 
Branch target mis:          27,     25,     27,     27,     29,     26,     29,     28,     29,     26,     28,     28,     29,     28,     28,     28,     29,     28,     28,     28, 
Result: cfa13fc70773623eaf6634a4bc14a212
Expected result: cfa13fc7 773623eaf6634a4bc14a212
Cycle counts:          311328,  92617,  92597,  92602,  92596,  92600,  92597,  92598,  92597,  92598,  92597,  92598,  92597,  92598,  92597,  92598,  92597,  92598,  92597,  92598, 
Branch dir mis:           644,    628,    623,    624,    621,    621,    621,    621,    621,    621,    621,    621,    621,    621,    621,    621,    621,    621,    621,    621, 
Branch target mis:          29,     24,     27,     28,     29,     29,     29,     29,     29,     29,     29,     29,     29,     29,     29,     29,     29,     29,     29,     29, 
Result: 87d291d5658786cea75b992a05728e16
Expected result: 87d291d5658786cea75b992a 5728e16
Cycle counts:          308908,  92615,  92605,  92594,  92596,  92601,  92605,  92601,  92605,  92601,  92605,  92601,  92605,  92601,  92605,  92601,  92605,  92601,  92605,  92601, 
Branch dir mis:           647,    627,    623,    624,    621,    621,    621,    621,    621,    621,    621,    621,    621,    621,    621,    621,    621,    621,    621,    621, 
Branch target mis:          27,     24,     26,     24,     29,     28,     28,     28,     28,     28,     28,     28,     28,     28,     28,     28,     28,     28,     28,     28, 
Result: 3053ad6aecbc41a909613c3c9d99e98b
Expected result: 3053ad6aecbc41a9 9613c3c9d99e98b
Cycle counts:          311312,  92615,  92605,  92594,  92596,  92600,  92597,  92598,  92597,  92598,  92597,  92598,  92597,  92598,  92597,  92598,  92597,  92598,  92597,  92598, 
Branch dir mis:           645,    627,    623,    624,    621,    621,    621,    621,    621,    621,    621,    621,    621,    621,    621,    621,    621,    621,    621,    621, 
Branch target mis:          28,     24,     26,     24,     29,     29,     29,     29,     29,     29,     29,     29,     29,     29,     29,     29,     29,     29,     29,     29, 
Result: eb5c335247acb28f74b32707aa7ab14c
Expected result: eb5c335247acb28f74b327 7aa7ab14c
Cycle counts:          308911,  92615,  92605,  92594,  92596,  92601,  92605,  92601,  92605,  92601,  92605,  92601,  92605,  92601,  92605,  92601,  92605,  92601,  92605,  92601, 
Branch dir mis:           648,    627,    623,    624,    621,    621,    621,    621,    621,    621,    621,    621,    621,    621,    621,    621,    621,    621,    621,    621, 
Branch target mis:          27,     24,     26,     24,     29,     28,     28,     28,     28,     28,     28,     28,     28,     28,     28,     28,     28,     28,     28,     28, 
Result: 5a1adc2f16bc553d7860af7e3d0dcafa
Expected result: 5a1adc2f16bc553d7860af7e3d dcafa
Cycle counts:          311305,  92624,  92597,  92602,  92596,  92600,  92597,  92598,  92597,  92598,  92597,  92598,  92597,  92598,  92597,  92598,  92597,  92598,  92597,  92598, 
Branch dir mis:           643,    630,    623,    624,    621,    621,    621,    621,    621,    621,    621,    621,    621,    621,    621,    621,    621,    621,    621,    621, 
Branch target mis:          28,     24,     27,     28,     29,     29,     29,     29,     29,     29,     29,     29,     29,     29,     29,     29,     29,     29,     29,     29, 
Result: 5c4ec3b3c4d5d0fc914c6556a0d7aaf7
Expected result: 5c4ec3b3c4d5d0fc914c6556a0d7aaf7
Cycle counts:          308907,  92614,  92611,  92606,  92592,  92601,  92592,  92602,  92595,  92605,  92592,  92599,  92601,  92592,  92593,  92595,  92605,  92592,  92599,  92601, 
Branch dir mis:           647,    628,    626,    622,    619,    619,    619,    621,    619,    621,    619,    621,    619,    619,    621,    619,    621,    619,    621,    619, 
Branch target mis:          27,     25,     27,     27,     29,     28,     29,     28,     28,     28,     29,     29,     28,     29,     26,     28,     28,     29,     29,     28, 
Result: de02c218b42814b844a75a7ee031a2a6
Expected result: de 2c218b42814b844a75a7ee031a2a6
Cycle counts:          311334,  92611,  92605,  92594,  92596,  92600,  92597,  92598,  92597,  92598,  92597,  92598,  92597,  92598,  92597,  92598,  92597,  92598,  92597,  92598, 
Branch dir mis:           646,    626,    623,    624,    621,    621,    621,    621,    621,    621,    621,    621,    621,    621,    621,    621,    621,    621,    621,    621, 
Branch target mis:          29,     24,     26,     24,     29,     29,     29,     29,     29,     29,     29,     29,     29,     29,     29,     29,     29,     29,     29,     29, 
Result: 6df6e16d2f1bc8466e3e4b05c8e8934e
Expected result: 6df6e16d2f1bc8466e3e4b 5c8e8934e
Cycle counts:          308909,  92615,  92605,  92594,  92596,  92601,  92605,  92601,  92605,  92601,  92605,  92601,  92605,  92601,  92605,  92601,  92605,  92601,  92605,  92601, 
Branch dir mis:           647,    627,    623,    624,    621,    621,    621,    621,    621,    621,    621,    621,    621,    621,    621,    621,    621,    621,    621,    621, 
Branch target mis:          27,     24,     26,     24,     29,     28,     28,     28,     28,     28,     28,     28,     28,     28,     28,     28,     28,     28,     28,     28, 
Result: fcecb2a28f067fe36b7a512797f5338d
Expected result: fcecb2a28f 67fe36b7a512797f5338d
Cycle counts:          311326,  92619,  92597,  92604,  92600,  92593,  92599,  92592,  92587,  92599,  92592,  92587,  92599,  92592,  92587,  92599,  92592,  92587,  92599,  92592, 
Branch dir mis:           643,    628,    622,    624,    619,    619,    621,    619,    619,    621,    619,    619,    621,    619,    619,    621,    619,    619,    621,    619, 
Branch target mis:          29,     25,     26,     28,     28,     29,     28,     29,     26,     28,     29,     26,     28,     29,     26,     28,     29,     26,     28,     29, 
Result: 887baf3bf264f6223c5211d0acee6fc3
Expected result: 887baf3bf264f6223c5211d0acee6fc3
Cycle counts:          308923,  92611,  92605,  92594,  92596,  92601,  92605,  92601,  92605,  92601,  92605,  92601,  92605,  92601,  92605,  92601,  92605,  92601,  92605,  92601, 
Branch dir mis:           645,    626,    623,    624,    621,    621,    621,    621,    621,    621,    621,    621,    621,    621,    621,    621,    621,    621,    621,    621, 
Branch target mis:          28,     24,     26,     24,     29,     28,     28,     28,     28,     28,     28,     28,     28,     28,     28,     28,     28,     28,     28,     28, 
Result: f90f6c7e29758329c2f85a678332f84d
Expected result: f9 f6c7e29758329c2f85a678332f84d
Cycle counts:          311312,  92612,  92605,  92594,  92596,  92600,  92597,  92598,  92597,  92598,  92597,  92598,  92597,  92598,  92597,  92598,  92597,  92598,  92597,  92598, 
Branch dir mis:           645,    626,    623,    624,    621,    621,    621,    621,    621,    621,    621,    621,    621,    621,    621,    621,    621,    621,    621,    621, 
Branch target mis:          28,     24,     26,     24,     29,     29,     29,     29,     29,     29,     29,     29,     29,     29,     29,     29,     29,     29,     29,     29, 
Result: e8c9d85a48905cd5192f1bc5c5669157
Expected result: e8c9d85a48905cd5192f1bc5c5669157
Cycle counts:          308902,  92611,  92605,  92594,  92596,  92601,  92605,  92601,  92605,  92601,  92605,  92601,  92605,  92601,  92605,  92601,  92605,  92601,  92605,  92601, 
Branch dir mis:           644,    626,    623,    624,    621,    621,    621,    621,    621,    621,    621,    621,    621,    621,    621,    621,    621,    621,    621,    621, 
Branch target mis:          28,     24,     26,     24,     29,     28,     28,     28,     28,     28,     28,     28,     28,     28,     28,     28,     28,     28,     28,     28, 
Result: 82289369419e61b4870870d87e79fbc7
Expected result: 82289369419e61b487 870d87e79fbc7
Cycle counts:          311317,  92615,  92605,  92594,  92596,  92600,  92597,  92598,  92597,  92598,  92597,  92598,  92597,  92598,  92597,  92598,  92597,  92598,  92597,  92598, 
Branch dir mis:           647,    627,    623,    624,    621,    621,    621,    621,    621,    621,    621,    621,    621,    621,    621,    621,    621,    621,    621,    621, 
Branch target mis:          28,     24,     26,     24,     29,     29,     29,     29,     29,     29,     29,     29,     29,     29,     29,     29,     29,     29,     29,     29, 
Result: 99b314e94475979917f1597034f9fcef
Expected result: 99b314e94475979917f1597034f9fcef
Cycle counts:          308930,  92611,  92602,  92588,  92590,  92595,  92599,  92595,  92599,  92595,  92599,  92595,  92599,  92595,  92599,  92595,  92599,  92595,  92599,  92595, 
Branch dir mis:           648,    626,    622,    622,    619,    619,    619,    619,    619,    619,    619,    619,    619,    619,    619,    619,    619,    619,    619,    619, 
Branch target mis:          28,     24,     26,     24,     29,     28,     28,     28,     28,     28,     28,     28,     28,     28,     28,     28,     28,     28,     28,     28, 
Result: 61f46b171b138be4f6307eb3cded98e9
Expected result: 61f46b171b138be4f6307eb3cded98e9
Cycle counts:          311335,  92611,  92605,  92594,  92596,  92600,  92597,  92598,  92597,  92598,  92597,  92598,  92597,  92598,  92597,  92598,  92597,  92598,  92597,  92598, 
Branch dir mis:           646,    626,    623,    624,    621,    621,    621,    621,    621,    621,    621,    621,    621,    621,    621,    621,    621,    621,    621,    621, 
Branch target mis:          29,     24,     26,     24,     29,     29,     29,     29,     29,     29,     29,     29,     29,     29,     29,     29,     29,     29,     29,     29, 
Result: 7b6d91b2cb64e07b63de269b1537832b
Expected result: 7b6d91b2cb64e07b63de269b1537832b
Cycle counts:          308905,  92619,  92609,  92606,  92592,  92602,  92592,  92593,  92595,  92605,  92592,  92599,  92601,  92592,  92593,  92595,  92605,  92592,  92602,  92595, 
Branch dir mis:           646,    630,    626,    625,    619,    619,    619,    621,    619,    621,    619,    621,    619,    619,    621,    619,    621,    619,    621,    619, 
Branch target mis:          27,     25,     26,     28,     29,     28,     29,     26,     28,     28,     29,     29,     28,     29,     26,     28,     28,     29,     28,     28, 
Result: 2d65b177b9f8530114a5f2fe74b7d46a
Expected result: 2d65b177b9f853 114a5f2fe74b7d46a
Cycle counts:          311324,  92628,  92609,  92601,  92594,  92595,  92594,  92595,  92594,  92595,  92594,  92595,  92594,  92595,  92594,  92595,  92594,  92595,  92594,  92595, 
Branch dir mis:           649,    630,    623,    623,    620,    620,    620,    620,    620,    620,    620,    620,    620,    620,    620,    620,    620,    620,    620,    620, 
Branch target mis:          28,     26,     26,     28,     28,     29,     28,     29,     28,     29,     28,     29,     28,     29,     28,     29,     28,     29,     28,     29, 
Result: 79b83941e38ee00b9f8bf02c2ad283bf
Expected result: 79b83941e38ee0 b9f8bf02c2ad283bf
Cycle counts:          313443,  97417,  97407,  97408,  92591,  92598,  92601,  92593,  92601,  92593,  92601,  92593,  92601,  92593,  92601,  92593,  92601,  92593,  92601,  92593, 
Branch dir mis:           646,    626,    622,    619,    619,    621,    619,    619,    619,    619,    619,    619,    619,    619,    619,    619,    619,    619,    619,    619, 
Branch target mis:          29,     27,     28,     28,     28,     29,     28,     29,     28,     29,     28,     29,     28,     29,     28,     29,     28,     29,     28,     29, 
Result: 97e1a83f6a439690f5a4cb7732e289c1
Expected result: 97e1a83f6a439690f5a4cb7732e289c1
Cycle counts:          311341,  92625,  92609,  92601,  92594,  92595,  92594,  92595,  92594,  92595,  92594,  92595,  92594,  92595,  92594,  92595,  92594,  92595,  92594,  92595, 
Branch dir mis:           648,    629,    623,    623,    620,    620,    620,    620,    620,    620,    620,    620,    620,    620,    620,    620,    620,    620,    620,    620, 
Branch target mis:          29,     26,     26,     28,     28,     29,     28,     29,     28,     29,     28,     29,     28,     29,     28,     29,     28,     29,     28,     29, 
Result: 2874f55f4a2450079cadd108a495ef19
Expected result: 2874f55f4a2450 79cadd1 8a495ef19
Cycle counts:          308925,  92623,  92597,  92604,  92600,  92593,  92599,  92595,  92605,  92592,  92593,  92595,  92605,  92592,  92602,  92595,  92605,  92592,  92602,  92595, 
Branch dir mis:           646,    629,    622,    624,    619,    619,    621,    619,    621,    619,    621,    619,    621,    619,    621,    619,    621,    619,    621,    619, 
Branch target mis:          28,     25,     26,     28,     28,     29,     28,     28,     28,     29,     26,     28,     28,     29,     28,     28,     28,     29,     28,     28, 
Result: 869767b11c3b993e263a93d490a33805
Expected result: 869767b11c3b993e263a93d490a338 5
Cycle counts:          311321,  92634,  92609,  92604,  92594,  92595,  92594,  92595,  92594,  92595,  92594,  92595,  92594,  92595,  92594,  92595,  92594,  92595,  92594,  92595, 
Branch dir mis:           649,    632,    623,    624,    620,    620,    620,    620,    620,    620,    620,    620,    620,    620,    620,    620,    620,    620,    620,    620, 
Branch target mis:          27,     26,     26,     28,     28,     29,     28,     29,     28,     29,     28,     29,     28,     29,     28,     29,     28,     29,     28,     29, 
Result: 56c1dae7dd8dfae2827a3d873d9c13e7
Expected result: 56c1dae7dd8dfae2827a3d873d9c13e7
Cycle counts:          308916,  92628,  92609,  92601,  92594,  92603,  92599,  92603,  92599,  92603,  92599,  92603,  92599,  92603,  92599,  92603,  92599,  92603,  92599,  92603, 
Branch dir mis:           649,    630,    623,    623,    620,    620,    620,    620,    620,    620,    620,    620,    620,    620,    620,    620,    620,    620,    620,    620, 
Branch target mis:          27,     26,     26,     28,     28,     28,     28,     28,     28,     28,     28,     28,     28,     28,     28,     28,     28,     28,     28,     28, 
Result: d63f9d73a3bd96bf0af20fa266bb4953
Expected result: d63f9d73a3bd96bf af2 fa266bb4953
Cycle counts:          311316,  92634,  92609,  92601,  92594,  92595,  92594,  92595,  92594,  92595,  92594,  92595,  92594,  92595,  92594,  92595,  92594,  92595,  92594,  92595, 
Branch dir mis:           646,    632,    623,    623,    620,    620,    620,    620,    620,    620,    620,    620,    620,    620,    620,    620,    620,    620,    620,    620, 
Branch target mis:          28,     26,     26,     28,     28,     29,     28,     29,     28,     29,     28,     29,     28,     29,     28,     29,     28,     29,     28,     29, 
Result: 52afd4d28497bb3e92a8d4d80c02d824
Expected result: 52afd4d28497bb3e92a8d4d8 c 2d824
Cycle counts:          308908,  92619,  92609,  92606,  92592,  92602,  92592,  92602,  92595,  92605,  92592,  92602,  92595,  92605,  92592,  92602,  92595,  92605,  92592,  92602, 
Branch dir mis:           647,    630,    626,    625,    619,    619,    619,    621,    619,    621,    619,    621,    619,    621,    619,    621,    619,    621,    619,    621, 
Branch target mis:          27,     25,     26,     28,     29,     28,     29,     28,     28,     28,     29,     28,     28,     28,     29,     28,     28,     28,     29,     28, 
Result: ed89e0681a9df108870f628e18450867
Expected result: ed89e0681a9df1 887 f628e1845 867
Cycle counts:          311318,  92634,  92609,  92601,  92594,  92595,  92594,  92595,  92594,  92595,  92594,  92595,  92594,  92595,  92594,  92595,  92594,  92595,  92594,  92595, 
Branch dir mis:           646,    632,    623,    623,    620,    620,    620,    620,    620,    620,    620,    620,    620,    620,    620,    620,    620,    620,    620,    620, 
Branch target mis:          28,     26,     26,     28,     28,     29,     28,     29,     28,     29,     28,     29,     28,     29,     28,     29,     28,     29,     28,     29, 
Result: 67972eb3c2a2a90ecf4564bc91690fb1
Expected result: 67972eb3c2a2a9 ecf4564bc9169 fb1
Cycle counts:          308928,  92610,  92605,  92609,  92596,  92601,  92592,  92602,  92595,  92605,  92592,  92602,  92595,  92605,  92592,  92602,  92595,  92605,  92592,  92602, 
Branch dir mis:           648,    627,    625,    624,    621,    619,    619,    621,    619,    621,    619,    621,    619,    621,    619,    621,    619,    621,    619,    621, 
Branch target mis:          27,     25,     27,     28,     29,     28,     29,     28,     28,     28,     29,     28,     28,     28,     29,     28,     28,     28,     29,     28, 
Result: e27e3bbf90cfe6f704ef140cb5a5abd9
Expected result: e27e3bbf90cfe6f7 4ef14 cb5a5abd9
Cycle counts:          311315,  92615,  92605,  92594,  92596,  92600,  92597,  92598,  92597,  92598,  92597,  92598,  92597,  92598,  92597,  92598,  92597,  92598,  92597,  92598, 
Branch dir mis:           646,    627,    623,    624,    621,    621,    621,    621,    621,    621,    621,    621,    621,    621,    621,    621,    621,    621,    621,    621, 
Branch target mis:          28,     24,     26,     24,     29,     29,     29,     29,     29,     29,     29,     29,     29,     29,     29,     29,     29,     29,     29,     29, 
Result: 5e6b903720005f19dd67510672c5e560
Expected result: 5e6b903720 05f19dd6751 672c5e560
P
Cycle counts:          311335,  92609,  92602,  92604,  92598,  92598,  92599,  92599,  92599,  92599,  92599,  92599,  92599,  92599,  92599,  92599,  92599,  92599,  92599,  92599, 
Branch dir mis:           648,    627,    623,    624,    621,    621,    621,    621,    621,    621,    621,    621,    621,    621,    621,    621,    621,    621,    621,    621, 
Branch target mis:          28,     26,     26,     28,     29,     29,     29,     29,     29,     29,     29,     29,     29,     29,     29,     29,     29,     29,     29,     29, 
Result: 13289352ac0bd270b3558d83cd2311b8
Expected result: 13289352ac bd270b3558d83cd2311b8
Cycle counts:          308908,  92616,  92609,  92606,  92592,  92602,  92592,  92593,  92595,  92605,  92592,  92602,  92595,  92605,  92592,  92602,  92595,  92605,  92592,  92602, 
Branch dir mis:           647,    629,    626,    625,    619,    619,    619,    621,    619,    621,    619,    621,    619,    621,    619,    621,    619,    621,    619,    621, 
Branch target mis:          27,     25,     26,     28,     29,     28,     29,     26,     28,     28,     29,     28,     28,     28,     29,     28,     28,     28,     29,     28, 
Result: 65d4d3a9226a7e1346e539d9e519e6c0
Expected result: 65d4d3a9226a7e1346e539d9e519e6c0
Cycle counts:          311319,  92615,  92605,  92594,  92596,  92601,  92605,  92601,  92605,  92601,  92605,  92601,  92605,  92601,  92605,  92601,  92605,  92601,  92605,  92601, 
Branch dir mis:           647,    627,    623,    624,    621,    621,    621,    621,    621,    621,    621,    621,    621,    621,    621,    621,    621,    621,    621,    621, 
Branch target mis:          28,     24,     26,     24,     29,     28,     28,     28,     28,     28,     28,     28,     28,     28,     28,     28,     28,     28,     28,     28, 
Result: ea3a82b80abae70e75368e620879e49d
Expected result: ea3a82b8 abae7 e75368e62 879e49d
Cycle counts:          308933,  92616,  92609,  92606,  92592,  92602,  92592,  92602,  92595,  92605,  92592,  92599,  92601,  92592,  92593,  92595,  92605,  92592,  92602,  92595, 
Branch dir mis:           650,    629,    626,    625,    619,    619,    619,    621,    619,    621,    619,    621,    619,    619,    621,    619,    621,    619,    621,    619, 
Branch target mis:          27,     25,     26,     28,     29,     28,     29,     28,     28,     28,     29,     29,     28,     29,     26,     28,     28,     29,     28,     28, 
Result: c9e69f0f680a001949a3e0d7bf9b7039
Expected result: c9e69f f68 a 01949a3e0d7bf9b7039
Cycle counts:          311324,  92628,  92609,  92601,  92594,  92603,  92599,  92603,  92599,  92603,  92599,  92603,  92599,  92603,  92599,  92603,  92599,  92603,  92599,  92603, 
Branch dir mis:           649,    630,    623,    623,    620,    620,    620,    620,    620,    620,    620,    620,    620,    620,    620,    620,    620,    620,    620,    620, 
Branch target mis:          28,     26,     26,     28,     28,     28,     28,     28,     28,     28,     28,     28,     28,     28,     28,     28,     28,     28,     28,     28, 
Result: b6dfd6a64f422c3d198df94d1422a8e9
Expected result: b6dfd6a64f422c3d198df94d1422a8e9
Cycle counts:          308910,  92628,  92609,  92601,  92594,  92603,  92599,  92603,  92599,  92603,  92599,  92603,  92599,  92603,  92599,  92603,  92599,  92603,  92599,  92603, 
Branch dir mis:           647,    630,    623,    623,    620,    620,    620,    620,    620,    620,    620,    620,    620,    620,    620,    620,    620,    620,    620,    620, 
Branch target mis:          27,     26,     26,     28,     28,     28,     28,     28,     28,     28,     28,     28,     28,     28,     28,     28,     28,     28,     28,     28, 
Result: 251314100c821bf6180b5af652da3dc9
Expected result: 25131410 c821bf618 b5af652da3dc9
Cycle counts:          311330,  92611,  92605,  92594,  92596,  92601,  92605,  92601,  92605,  92601,  92605,  92601,  92605,  92601,  92605,  92601,  92605,  92601,  92605,  92601, 
Branch dir mis:           644,    626,    623,    624,    621,    621,    621,    621,    621,    621,    621,    621,    621,    621,    621,    621,    621,    621,    621,    621, 
Branch target mis:          29,     24,     26,     24,     29,     28,     28,     28,     28,     28,     28,     28,     28,     28,     28,     28,     28,     28,     28,     28, 
Result: 98668eae6d0b174e205b1be0d138f37d
Expected result: 98668eae6d b174e205b1be0d138f37d
Cycle counts:          308925,  92611,  92605,  92594,  92596,  92601,  92605,  92601,  92605,  92601,  92605,  92601,  92605,  92601,  92605,  92601,  92605,  92601,  92605,  92601, 
Branch dir mis:           646,    626,    623,    624,    621,    621,    621,    621,    621,    621,    621,    621,    621,    621,    621,    621,    621,    621,    621,    621, 
Branch target mis:          28,     24,     26,     24,     29,     28,     28,     28,     28,     28,     28,     28,     28,     28,     28,     28,     28,     28,     28,     28, 
Result: 1dea51c02083dad21a6e76fc03cb43e1
Expected result: 1dea51c02083dad21a6e76fc 3cb43e1
Cycle counts:          311334,  92611,  92605,  92594,  92596,  92601,  92605,  92601,  92605,  92601,  92605,  92601,  92605,  92601,  92605,  92601,  92605,  92601,  92605,  92601, 
Branch dir mis:           646,    626,    623,    624,    621,    621,    621,    621,    621,    621,    621,    621,    621,    621,    621,    621,    621,    621,    621,    621, 
Branch target mis:          29,     24,     26,     24,     29,     28,     28,     28,     28,     28,     28,     28,     28,     28,     28,     28,     28,     28,     28,     28, 
Result: e6192643c3514801cc92dc11adb19d42
Expected result: e6192643c35148 1cc92dc11adb19d42
Cycle counts:          308928,  92611,  92602,  92588,  92590,  92595,  92599,  92595,  92599,  92595,  92599,  92595,  92599,  92595,  92599,  92595,  92599,  92595,  92599,  92595, 
Branch dir mis:           647,    626,    622,    622,    619,    619,    619,    619,    619,    619,    619,    619,    619,    619,    619,    619,    619,    619,    619,    619, 
Branch target mis:          28,     24,     26,     24,     29,     28,     28,     28,     28,     28,     28,     28,     28,     28,     28,     28,     28,     28,     28,     28, 
Result: c164e1d55e2e11eb8c170535ac11e6c3
Expected result: c164e1d55e2e11eb8c17 535ac11e6c3
Cycle counts:          311312,  92615,  92605,  92594,  92596,  92601,  92605,  92601,  92605,  92601,  92605,  92601,  92605,  92601,  92605,  92601,  92605,  92601,  92605,  92601, 
Branch dir mis:           645,    627,    623,    624,    621,    621,    621,    621,    621,    621,    621,    621,    621,    621,    621,    621,    621,    621,    621,    621, 
Branch target mis:          28,     24,     26,     24,     29,     28,     28,     28,     28,     28,     28,     28,     28,     28,     28,     28,     28,     28,     28,     28, 
Result: f2798058dabebe15fbd41d1762feb141
Expected result: f2798058dabebe15fbd41d1762feb141
Cycle counts:          308914,  92614,  92610,  92606,  92592,  92587,  92601,  92595,  92605,  92592,  92602,  92595,  92605,  92592,  92602,  92595,  92605,  92592,  92602,  92595, 
Branch dir mis:           649,    628,    626,    622,    619,    619,    621,    619,    621,    619,    621,    619,    621,    619,    621,    619,    621,    619,    621,    619, 
Branch target mis:          27,     25,     27,     27,     29,     26,     28,     28,     28,     29,     28,     28,     28,     29,     28,     28,     28,     29,     28,     28, 
Result: f91f4cf16de3d25ead0456bc8e80883d
Expected result: f91f4cf16de3d25ead 456bc8e80883d
Cycle counts:          311318,  92634,  92609,  92601,  92594,  92603,  92599,  92603,  92599,  92603,  92599,  92603,  92599,  92603,  92599,  92603,  92599,  92603,  92599,  92603, 
Branch dir mis:           647,    632,    623,    623,    620,    620,    620,    620,    620,    620,    620,    620,    620,    620,    620,    620,    620,    620,    620,    620, 
Branch target mis:          28,     26,     26,     28,     28,     28,     28,     28,     28,     28,     28,     28,     28,     28,     28,     28,     28,     28,     28,     28, 
Result: 18eff98daeb9f48133b4dfa065326a3d
Expected result: 18eff98daeb9f48133b4dfa065326a3d
Cycle counts:          308934,  92625,  92609,  92601,  92594,  92603,  92599,  92603,  92599,  92603,  92599,  92603,  92599,  92603,  92599,  92603,  92599,  92603,  92599,  92603, 
Branch dir mis:           649,    629,    623,    623,    620,    620,    620,    620,    620,    620,    620,    620,    620,    620,    620,    620,    620,    620,    620,    620, 
Branch target mis:          28,     26,     26,     28,     28,     28,     28,     28,     28,     28,     28,     28,     28,     28,     28,     28,     28,     28,     28,     28, 
Result: 9a736d9df69e47aa3e20803dec1c9f03
Expected result: 9a736d9df69e47aa3e20803dec1c9f 3
Cycle counts:          311313,  92628,  92609,  92601,  92594,  92603,  92599,  92603,  92599,  92603,  92599,  92603,  92599,  92603,  92599,  92603,  92599,  92603,  92599,  92603, 
Branch dir mis:           646,    630,    623,    623,    620,    620,    620,    620,    620,    620,    620,    620,    620,    620,    620,    620,    620,    620,    620,    620, 
Branch target mis:          27,     26,     26,     28,     28,     28,     28,     28,     28,     28,     28,     28,     28,     28,     28,     28,     28,     28,     28,     28, 
Result: a1f9169be18ffab70567eb9e4eef61e0
Expected result: a1f9169be18ffab7 567eb9e4eef61e0
Cycle counts:          308905,  92616,  92609,  92606,  92592,  92602,  92592,  92602,  92595,  92605,  92592,  92602,  92595,  92605,  92592,  92602,  92595,  92605,  92592,  92602, 
Branch dir mis:           646,    629,    626,    625,    619,    619,    619,    621,    619,    621,    619,    621,    619,    621,    619,    621,    619,    621,    619,    621, 
Branch target mis:          27,     25,     26,     28,     29,     28,     29,     28,     28,     28,     29,     28,     28,     28,     29,     28,     28,     28,     29,     28, 
Result: ba6cffcd402357f54b39ee9fbdab792a
Expected result: ba6cffcd402357f54b39ee9fbdab792a
Cycle counts:          311335,  92611,  92605,  92594,  92596,  92601,  92605,  92601,  92605,  92601,  92605,  92601,  92605,  92601,  92605,  92601,  92605,  92601,  92605,  92601, 
Branch dir mis:           646,    626,    623,    624,    621,    621,    621,    621,    621,    621,    621,    621,    621,    621,    621,    621,    621,    621,    621,    621, 
Branch target mis:          29,     24,     26,     24,     29,     28,     28,     28,     28,     28,     28,     28,     28,     28,     28,     28,     28,     28,     28,     28, 
Result: 916c40e1d46f350cf5292fbfd74ae978
Expected result: 916c40e1d46f35 cf5292fbfd74ae978
Cycle counts:          308915,  92615,  92605,  92594,  92596,  92601,  92605,  92601,  92605,  92601,  92605,  92601,  92605,  92601,  92605,  92601,  92605,  92601,  92605,  92601, 
Branch dir mis:           649,    627,    623,    624,    621,    621,    621,    621,    621,    621,    621,    621,    621,    621,    621,    621,    621,    621,    621,    621, 
Branch target mis:          27,     24,     26,     24,     29,     28,     28,     28,     28,     28,     28,     28,     28,     28,     28,     28,     28,     28,     28,     28, 
Result: 0ef9fa4dacb3f9029e755b001fd007e1
Expected result:  ef9fa4dacb3f9 29e755b 01fd0 7e1
Cycle counts:          311308,  92619,  92609,  92606,  92592,  92602,  92592,  92593,  92595,  92605,  92592,  92602,  92595,  92605,  92592,  92602,  92595,  92605,  92592,  92602, 
Branch dir mis:           645,    630,    626,    625,    619,    619,    619,    621,    619,    621,    619,    621,    619,    621,    619,    621,    619,    621,    619,    621, 
Branch target mis:          27,     25,     26,     28,     29,     28,     29,     26,     28,     28,     29,     28,     28,     28,     29,     28,     28,     28,     29,     28, 
Result: 8b70cbfb2e1ce0a6e10979ec874837ad
Expected result: 8b70cbfb2e1ce0a6e1 979ec874837ad
Cycle counts:          308912,  92615,  92605,  92594,  92596,  92601,  92605,  92601,  92605,  92601,  92605,  92601,  92605,  92601,  92605,  92601,  92605,  92601,  92605,  92601, 
Branch dir mis:           648,    627,    623,    624,    621,    621,    621,    621,    621,    621,    621,    621,    621,    621,    621,    621,    621,    621,    621,    621, 
Branch target mis:          27,     24,     26,     24,     29,     28,     28,     28,     28,     28,     28,     28,     28,     28,     28,     28,     28,     28,     28,     28, 
Result: 124e5c136d69060020d9b746c4e1e002
Expected result: 124e5c136d69 6 020d9b746c4e1e0 2
Cycle counts:          311329,  92617,  92597,  92602,  92596,  92601,  92605,  92601,  92605,  92601,  92605,  92601,  92605,  92601,  92605,  92601,  92605,  92601,  92605,  92601, 
Branch dir mis:           645,    628,    623,    624,    621,    621,    621,    621,    621,    621,    621,    621,    621,    621,    621,    621,    621,    621,    621,    621, 
Branch target mis:          28,     24,     27,     28,     29,     28,     28,     28,     28,     28,     28,     28,     28,     28,     28,     28,     28,     28,     28,     28, 
Result: c30cdcfcc1cd4d0965e7588e752ae795
Expected result: c3 cdcfcc1cd4d 965e7588e752ae795
Cycle counts:          308905,  92615,  92605,  92594,  92596,  92601,  92605,  92601,  92605,  92601,  92605,  92601,  92605,  92601,  92605,  92601,  92605,  92601,  92605,  92601, 
Branch dir mis:           646,    627,    623,    624,    621,    621,    621,    621,    621,    621,    621,    621,    621,    621,    621,    621,    621,    621,    621,    621, 
Branch target mis:          27,     24,     26,     24,     29,     28,     28,     28,     28,     28,     28,     28,     28,     28,     28,     28,     28,     28,     28,     28, 
Result: cf57d3908bb5a6fa10ce682ad955bd53
Expected result: cf57d3908bb5a6fa10ce682ad955bd53
Cycle counts:          311316,  92615,  92605,  92594,  92596,  92601,  92605,  92601,  92605,  92601,  92605,  92601,  92605,  92601,  92605,  92601,  92605,  92601,  92605,  92601, 
Branch dir mis:           646,    627,    623,    624,    621,    621,    621,    621,    621,    621,    621,    621,    621,    621,    621,    621,    621,    621,    621,    621, 
Branch target mis:          28,     24,     26,     24,     29,     28,     28,     28,     28,     28,     28,     28,     28,     28,     28,     28,     28,     28,     28,     28, 
Result: 68fc66a9c5eba9de25351a0bda4b0c49
Expected result: 68fc66a9c5eba9de25351a bda4b c49
Cycle counts:          308930,  92611,  92605,  92594,  92596,  92601,  92605,  92601,  92605,  92601,  92605,  92601,  92605,  92601,  92605,  92601,  92605,  92601,  92605,  92601, 
Branch dir mis:           648,    626,    623,    624,    621,    621,    621,    621,    621,    621,    621,    621,    621,    621,    621,    621,    621,    621,    621,    621, 
Branch target mis:          28,     24,     26,     24,     29,     28,     28,     28,     28,     28,     28,     28,     28,     28,     28,     28,     28,     28,     28,     28, 
Result: 9022897360ac943f8331b21447bc0a69
Expected result: 9022897360ac943f8331b21447bc a69
Cycle counts:          311304,  92620,  92597,  92602,  92596,  92601,  92605,  92601,  92605,  92601,  92605,  92601,  92605,  92601,  92605,  92601,  92605,  92601,  92605,  92601, 
Branch dir mis:           642,    629,    623,    624,    621,    621,    621,    621,    621,    621,    621,    621,    621,    621,    621,    621,    621,    621,    621,    621, 
Branch target mis:          28,     24,     27,     28,     29,     28,     28,     28,     28,     28,     28,     28,     28,     28,     28,     28,     28,     28,     28,     28, 
Result: 5d3e27cd07364062a899e7900ffa54fe
Expected result: 5d3e27cd 7364062a899e790 ffa54fe
Cycle counts:          308915,  92628,  92609,  92601,  92594,  92603,  92599,  92603,  92599,  92603,  92599,  92603,  92599,  92603,  92599,  92603,  92599,  92603,  92599,  92603, 
Branch dir mis:           649,    630,    623,    623,    620,    620,    620,    620,    620,    620,    620,    620,    620,    620,    620,    620,    620,    620,    620,    620, 
Branch target mis:          27,     26,     26,     28,     28,     28,     28,     28,     28,     28,     28,     28,     28,     28,     28,     28,     28,     28,     28,     28, 
Result: 470e7fc9c149f61d15d47645aaf7a6b0
Expected result: 47 e7fc9c149f61d15d47645aaf7a6b0
Cycle counts:          311336,  92625,  92609,  92601,  92594,  92603,  92599,  92603,  92599,  92603,  92599,  92603,  92599,  92603,  92599,  92603,  92599,  92603,  92599,  92603, 
Branch dir mis:           647,    629,    623,    623,    620,    620,    620,    620,    620,    620,    620,    620,    620,    620,    620,    620,    620,    620,    620,    620, 
Branch target mis:          29,     26,     26,     28,     28,     28,     28,     28,     28,     28,     28,     28,     28,     28,     28,     28,     28,     28,     28,     28, 
Result: e1ab26510098e9c53aafc5b6d2560392
Expected result: e1ab2651 098e9c53aafc5b6d256 392
Cycle counts:          308931,  92616,  92609,  92606,  92592,  92602,  92592,  92593,  92595,  92605,  92592,  92602,  92595,  92605,  92592,  92602,  92595,  92605,  92592,  92602, 
Branch dir mis:           649,    629,    626,    625,    619,    619,    619,    621,    619,    621,    619,    621,    619,    621,    619,    621,    619,    621,    619,    621, 
Branch target mis:          27,     25,     26,     28,     29,     28,     29,     26,     28,     28,     29,     28,     28,     28,     29,     28,     28,     28,     29,     28, 
Result: ca51b9c22cd088cd0c4a50e5a05688ee
Expected result: ca51b9c22cd088cd c4a50e5a05688ee
Cycle counts:          311332,  92611,  92605,  92594,  92596,  92601,  92605,  92601,  92605,  92601,  92605,  92601,  92605,  92601,  92605,  92601,  92605,  92601,  92605,  92601, 
Branch dir mis:           645,    626,    623,    624,    621,    621,    621,    621,    621,    621,    621,    621,    621,    621,    621,    621,    621,    621,    621,    621, 
Branch target mis:          29,     24,     26,     24,     29,     28,     28,     28,     28,     28,     28,     28,     28,     28,     28,     28,     28,     28,     28,     28, 
Result: 9805af4e4d34390ef43f4f53de2850c2
Expected result: 98 5af4e4d3439 ef43f4f53de2850c2
Cycle counts:          308912,  92616,  92609,  92606,  92592,  92602,  92592,  92602,  92595,  92605,  92592,  92599,  92601,  92592,  92593,  92595,  92605,  92592,  92599,  92601, 
Branch dir mis:           648,    629,    626,    625,    619,    619,    619,    621,    619,    621,    619,    621,    619,    619,    621,    619,    621,    619,    621,    619, 
Branch target mis:          27,     25,     26,     28,     29,     28,     29,     28,     28,     28,     29,     29,     28,     29,     26,     28,     28,     29,     29,     28, 
Result: 660e6250e666218315ea504cc1847d94
Expected result: 66 e6250e666218315ea504cc1847d94
Cycle counts:          311316,  92615,  92605,  92594,  92596,  92601,  92605,  92601,  92605,  92601,  92605,  92601,  92605,  92601,  92605,  92601,  92605,  92601,  92605,  92601, 
Branch dir mis:           646,    628,    623,    624,    621,    621,    621,    621,    621,    621,    621,    621,    621,    621,    621,    621,    621,    621,    621,    621, 
Branch target mis:          28,     23,     26,     24,     29,     28,     28,     28,     28,     28,     28,     28,     28,     28,     28,     28,     28,     28,     28,     28, 
Result: 69b932f99c2e747bb2d9f0d04a9f86d6
Expected result: 69b932f99c2e747bb2d9f0d04a9f86d6
Cycle counts:          308901,  92616,  92609,  92606,  92592,  92602,  92592,  92593,  92595,  92605,  92592,  92602,  92595,  92605,  92592,  92602,  92595,  92605,  92592,  92602, 
Branch dir mis:           645,    629,    626,    625,    619,    619,    619,    621,    619,    621,    619,    621,    619,    621,    619,    621,    619,    621,    619,    621, 
Branch target mis:          27,     25,     26,     28,     29,     28,     29,     26,     28,     28,     29,     28,     28,     28,     29,     28,     28,     28,     29,     28, 
Result: b3f3573599eafce4211fb4edb64d6f71
Expected result: b3f3573599eafce4211fb4edb64d6f71
Cycle counts:          311300,  92614,  92605,  92593,  92593,  92599,  92595,  92599,  92595,  92599,  92595,  92599,  92595,  92599,  92595,  92599,  92595,  92599,  92595,  92599, 
Branch dir mis:           640,    627,    625,    622,    619,    619,    619,    619,    619,    619,    619,    619,    619,    619,    619,    619,    619,    619,    619,    619, 
Branch target mis:          29,     24,     27,     25,     28,     28,     28,     28,     28,     28,     28,     28,     28,     28,     28,     28,     28,     28,     28,     28, 
Result: b684d9b1f929c67a10e44c7da2f2a10b
Expected result: b684d9b1f929c67a10e44c7da2f2a1 b
Cycle counts:          308922,  92611,  92605,  92594,  92596,  92601,  92605,  92601,  92605,  92601,  92605,  92601,  92605,  92601,  92605,  92601,  92605,  92601,  92605,  92601, 
Branch dir mis:           645,    626,    623,    624,    621,    621,    621,    621,    621,    621,    621,    621,    621,    621,    621,    621,    621,    621,    621,    621, 
Branch target mis:          28,     24,     26,     24,     29,     28,     28,     28,     28,     28,     28,     28,     28,     28,     28,     28,     28,     28,     28,     28, 
Result: 09082338effda43c87e464266b6afc31
Expected result:  9 82338effda43c87e464266b6afc31
Cycle counts:          311303,  92614,  92597,  92602,  92596,  92601,  92605,  92601,  92605,  92601,  92605,  92601,  92605,  92601,  92605,  92601,  92605,  92601,  92605,  92601, 
Branch dir mis:           641,    627,    623,    624,    621,    621,    621,    621,    621,    621,    621,    621,    621,    621,    621,    621,    621,    621,    621,    621, 
Branch target mis:          29,     24,     27,     28,     29,     28,     28,     28,     28,     28,     28,     28,     28,     28,     28,     28,     28,     28,     28,     28, 
Result: 6c513d03a191da5119ca930cd0fb6b67
Expected result: 6c513d 3a191da5119ca93 cd0fb6b67
Cycle counts:          308915,  92613,  92606,  92613,  92593,  92599,  92602,  92600,  92596,  92606,  92590,  92606,  92590,  92606,  92590,  92606,  92590,  92606,  92590,  92606, 
Branch dir mis:           649,    628,    625,    624,    619,    621,    619,    621,    619,    621,    619,    621,    619,    621,    619,    621,    619,    621,    619,    621, 
Branch target mis:          27,     25,     26,     28,     29,     29,     28,     28,     28,     28,     28,     28,     28,     28,     28,     28,     28,     28,     28,     28, 
Result: 3c61cc2d37db3e95682670a45c8122ca
Expected result: 3c61cc2d37db3e95682670a45c8122ca
ATE0-->CMD Length Timed Out Busy
 Send sync error AT+BLEINIT=0-->OK
Cycle counts:          311313,  92616,  92602,  92602,  92596,  92601,  92592,  92602,  92595,  92605,  92592,  92602,  92595,  92605,  92592,  92602,  92595,  92605,  92592,  92602, 
Branch dir mis:           646,    628,    624,    622,    621,    619,    619,    621,    619,    621,    619,    621,    619,    621,    619,    621,    619,    621,    619,    621, 
Branch target mis:          27,     26,     27,     27,     29,     28,     29,     28,     28,     28,     29,     28,     28,     28,     29,     28,     28,     28,     29,     28, 
Result: 2e7225122e77b4501c60a3909c2b0709
Expected result: 2e7225122e77b4501c60a3909c2b 7 9
Cycle counts:          308908,  92618,  92605,  92594,  92596,  92601,  92605,  92601,  92605,  92601,  92605,  92601,  92605,  92601,  92605,  92601,  92605,  92601,  92605,  92601, 
Branch dir mis:           647,    628,    623,    624,    621,    621,    621,    621,    621,    621,    621,    621,    621,    621,    621,    621,    621,    621,    621,    621, 
Branch target mis:          27,     24,     26,     24,     29,     28,     28,     28,     28,     28,     28,     28,     28,     28,     28,     28,     28,     28,     28,     28, 
Result: 6c8a64f8d690355488461ba24c988c9b
Expected result: 6c8a64f8d690355488461ba24c988c9b
Cycle counts:          311313,  92618,  92605,  92594,  92596,  92601,  92605,  92601,  92605,  92601,  92605,  92601,  92605,  92601,  92605,  92601,  92605,  92601,  92605,  92601, 
Branch dir mis:           645,    628,    623,    624,    621,    621,    621,    621,    621,    621,    621,    621,    621,    621,    621,    621,    621,    621,    621,    621, 
Branch target mis:          28,     24,     26,     24,     29,     28,     28,     28,     28,     28,     28,     28,     28,     28,     28,     28,     28,     28,     28,     28, 
Result: a7c9e514a779f5ebd987db1dc2b00c5a
Expected result: a7c9e514a779f5ebd987db1dc2b0 c5a
Cycle counts:          308915,  92628,  92609,  92601,  92594,  92603,  92599,  92603,  92599,  92603,  92599,  92603,  92599,  92603,  92599,  92603,  92599,  92603,  92599,  92603, 
Branch dir mis:           649,    630,    623,    623,    620,    620,    620,    620,    620,    620,    620,    620,    620,    620,    620,    620,    620,    620,    620,    620, 
Branch target mis:          27,     26,     26,     28,     28,     28,     28,     28,     28,     28,     28,     28,     28,     28,     28,     28,     28,     28,     28,     28, 
Result: f7f32fac1774fc85c9f2f829a11b8c32
Expected result: f7f32fac1774fc85c9f2f829a11b8c32
Cycle counts:          311346,  92625,  92609,  92601,  92594,  92603,  92599,  92603,  92599,  92603,  92599,  92603,  92599,  92603,  92599,  92603,  92599,  92603,  92599,  92603, 
Branch dir mis:           649,    629,    623,    623,    620,    620,    620,    620,    620,    620,    620,    620,    620,    620,    620,    620,    620,    620,    620,    620, 
Branch target mis:          29,     26,     26,     28,     28,     28,     28,     28,     28,     28,     28,     28,     28,     28,     28,     28,     28,     28,     28,     28, 
Result: f4b0331622f99bd0373b57270105f1ee
Expected result: f4b0331622f99bd0373b5727 1 5f1ee
Cycle counts:          308905,  92613,  92606,  92613,  92591,  92606,  92590,  92606,  92590,  92606,  92590,  92606,  92590,  92606,  92590,  92606,  92590,  92606,  92590,  92606, 
Branch dir mis:           645,    628,    625,    624,    619,    621,    619,    621,    619,    621,    619,    621,    619,    621,    619,    621,    619,    621,    619,    621, 
Branch target mis:          27,     25,     26,     28,     28,     28,     28,     28,     28,     28,     28,     28,     28,     28,     28,     28,     28,     28,     28,     28, 
Result: 930e3c016e91528004ed4956ef844a48
Expected result: 93 e3c 16e915280 4ed4956ef844a48
Cycle counts:          311312,  92615,  92605,  92594,  92596,  92601,  92605,  92601,  92605,  92601,  92605,  92601,  92605,  92601,  92605,  92601,  92605,  92601,  92605,  92601, 
Branch dir mis:           645,    627,    623,    624,    621,    621,    621,    621,    621,    621,    621,    621,    621,    621,    621,    621,    621,    621,    621,    621, 
Branch target mis:          28,     24,     26,     24,     29,     28,     28,     28,     28,     28,     28,     28,     28,     28,     28,     28,     28,     28,     28,     28, 
Result: 1129efd4d7caeb266d6e93cd353508ac
Expected result: 1129efd4d7caeb266d6e93cd3535 8ac
Cycle counts:          308915,  92616,  92609,  92604,  92600,  92590,  92605,  92592,  92602,  92595,  92605,  92592,  92602,  92595,  92605,  92592,  92602,  92595,  92605,  92592, 
Branch dir mis:           649,    629,    626,    624,    619,    619,    621,    619,    621,    619,    621,    619,    621,    619,    621,    619,    621,    619,    621,    619, 
Branch target mis:          27,     25,     26,     28,     28,     28,     28,     29,     28,     28,     28,     29,     28,     28,     28,     29,     28,     28,     28,     29, 
Result: 3367605080ab8e86df9e8a33846cb2ca
Expected result: 3367605080ab8e86df9e8a33846cb2ca
Cycle counts:          311309,  92625,  92609,  92601,  92594,  92603,  92599,  92603,  92599,  92603,  92599,  92603,  92599,  92603,  92599,  92603,  92599,  92603,  92599,  92603, 
Branch dir mis:           643,    629,    623,    623,    620,    620,    620,    620,    620,    620,    620,    620,    620,    620,    620,    620,    620,    620,    620,    620, 
Branch target mis:          29,     26,     26,     28,     28,     28,     28,     28,     28,     28,     28,     28,     28,     28,     28,     28,     28,     28,     28,     28, 
Result: 26cdceb97345b8d605c88bbaae5ad174
Expected result: 26cdceb97345b8d6 5c88bbaae5ad174
Cycle counts:          308908,  92616,  92609,  92606,  92592,  92602,  92592,  92602,  92595,  92605,  92592,  92602,  92595,  92605,  92592,  92602,  92595,  92605,  92592,  92602, 
Branch dir mis:           647,    629,    626,    625,    619,    619,    619,    621,    619,    621,    619,    621,    619,    621,    619,    621,    619,    621,    619,    621, 
Branch target mis:          27,     25,     26,     28,     29,     28,     29,     28,     28,     28,     29,     28,     28,     28,     29,     28,     28,     28,     29,     28, 
Result: d89ba3e040605de1003c7059c2fc1a00
Expected result: d89ba3e040605de1 03c7059c2fc1a 0
Cycle counts:          311331,  92610,  92605,  92609,  92596,  92601,  92592,  92593,  92595,  92605,  92592,  92602,  92595,  92605,  92592,  92602,  92595,  92605,  92592,  92602, 
Branch dir mis:           646,    627,    625,    624,    621,    619,    619,    621,    619,    621,    619,    621,    619,    621,    619,    621,    619,    621,    619,    621, 
Branch target mis:          28,     25,     27,     28,     29,     28,     29,     26,     28,     28,     29,     28,     28,     28,     29,     28,     28,     28,     29,     28, 
Result: 84bbe2beded03a96e10997e0f1bf4f23
Expected result: 84bbe2beded03a96e1 997e0f1bf4f23
Cycle counts:          308911,  92616,  92609,  92606,  92592,  92602,  92592,  92602,  92595,  92605,  92592,  92602,  92595,  92605,  92592,  92602,  92595,  92605,  92592,  92602, 
Branch dir mis:           648,    629,    626,    625,    619,    619,    619,    621,    619,    621,    619,    621,    619,    621,    619,    621,    619,    621,    619,    621, 
Branch target mis:          27,     25,     26,     28,     29,     28,     29,     28,     28,     28,     29,     28,     28,     28,     29,     28,     28,     28,     29,     28, 
Result: 518935df0dc41233b35cb168aa029ad5
Expected result: 518935df dc41233b35cb168aa 29ad5
Cycle counts:          311309,  92614,  92597,  92602,  92596,  92601,  92605,  92601,  92605,  92601,  92605,  92601,  92605,  92601,  92605,  92601,  92605,  92601,  92605,  92601, 
Branch dir mis:           644,    627,    623,    624,    621,    621,    621,    621,    621,    621,    621,    621,    621,    621,    621,    621,    621,    621,    621,    621, 
Branch target mis:          28,     24,     27,     28,     29,     28,     28,     28,     28,     28,     28,     28,     28,     28,     28,     28,     28,     28,     28,     28, 
Result: b1526ff05dac76702d51f80082fe0f7c
Expected result: b1526ff05dac76702d51f8 082fe f7c
Cycle counts:          308925,  92623,  92597,  92604,  92600,  92593,  92599,  92595,  92605,  92592,  92593,  92595,  92605,  92592,  92602,  92595,  92605,  92592,  92602,  92595, 
Branch dir mis:           646,    629,    622,    624,    619,    619,    621,    619,    621,    619,    621,    619,    621,    619,    621,    619,    621,    619,    621,    619, 
Branch target mis:          28,     25,     26,     28,     28,     29,     28,     28,     28,     29,     26,     28,     28,     29,     28,     28,     28,     29,     28,     28, 
Result: 3fce9ec729af223dd7d38f0f2238afe7
Expected result: 3fce9ec729af223dd7d38f f2238afe7
Cycle counts:          311315,  92615,  92602,  92588,  92590,  92595,  92599,  92595,  92599,  92595,  92599,  92595,  92599,  92595,  92599,  92595,  92599,  92595,  92599,  92595, 
Branch dir mis:           646,    627,    622,    622,    619,    619,    619,    619,    619,    619,    619,    619,    619,    619,    619,    619,    619,    619,    619,    619, 
Branch target mis:          28,     24,     26,     24,     29,     28,     28,     28,     28,     28,     28,     28,     28,     28,     28,     28,     28,     28,     28,     28, 
Result: d8b90ff42f55cf74d3cc8035bdb95441
Expected result: d8b9 ff42f55cf74d3cc8035bdb95441
Cycle counts:          313437,  97423,  97412,  97406,  92598,  92596,  92606,  92590,  92606,  92590,  92606,  92590,  92606,  92590,  92606,  92590,  92606,  92590,  92606,  92590, 
Branch dir mis:           647,    628,    623,    623,    621,    619,    621,    619,    621,    619,    621,    619,    621,    619,    621,    619,    621,    619,    621,    619, 
Branch target mis:          26,     26,     26,     27,     29,     28,     28,     28,     28,     28,     28,     28,     28,     28,     28,     28,     28,     28,     28,     28, 
Result: 976243612936051d1c007dcf492b5651
Expected result: 976243612936 51d1c 07dcf492b5651
Cycle counts:          311309,  92616,  92609,  92606,  92592,  92602,  92592,  92593,  92595,  92605,  92592,  92602,  92595,  92605,  92592,  92602,  92595,  92605,  92592,  92602, 
Branch dir mis:           645,    629,    626,    625,    619,    619,    619,    621,    619,    621,    619,    621,    619,    621,    619,    621,    619,    621,    619,    621, 
Branch target mis:          27,     25,     26,     28,     29,     28,     29,     26,     28,     28,     29,     28,     28,     28,     29,     28,     28,     28,     29,     28, 
Result: 6c399ee30ed182f5c2d1e8a6d8abd3b7
Expected result: 6c399ee3 ed182f5c2d1e8a6d8abd3b7
Cycle counts:          308908,  92615,  92605,  92594,  92596,  92601,  92605,  92601,  92605,  92601,  92605,  92601,  92605,  92601,  92605,  92601,  92605,  92601,  92605,  92601, 
Branch dir mis:           647,    627,    623,    624,    621,    621,    621,    621,    621,    621,    621,    621,    621,    621,    621,    621,    621,    621,    621,    621, 
Branch target mis:          27,     24,     26,     24,     29,     28,     28,     28,     28,     28,     28,     28,     28,     28,     28,     28,     28,     28,     28,     28, 
Result: 4841b3268afc7fd3562c0b07840bb4e2
Expected result: 4841b3268afc7fd3562c b 784 bb4e2
Cycle counts:          311334,  92611,  92605,  92594,  92596,  92601,  92605,  92601,  92605,  92601,  92605,  92601,  92605,  92601,  92605,  92601,  92605,  92601,  92605,  92601, 
Branch dir mis:           646,    626,    623,    624,    621,    621,    621,    621,    621,    621,    621,    621,    621,    621,    621,    621,    621,    621,    621,    621, 
Branch target mis:          29,     24,     26,     24,     29,     28,     28,     28,     28,     28,     28,     28,     28,     28,     28,     28,     28,     28,     28,     28, 
Result: 527e6c0c40fde5ea468d5567647f9694
Expected result: 527e6c c40fde5ea468d5567647f9694
Cycle counts:          308931,  92610,  92605,  92609,  92596,  92601,  92592,  92593,  92595,  92605,  92592,  92602,  92595,  92605,  92592,  92602,  92595,  92605,  92592,  92602, 
Branch dir mis:           649,    627,    625,    624,    621,    619,    619,    621,    619,    621,    619,    621,    619,    621,    619,    621,    619,    621,    619,    621, 
Branch target mis:          27,     25,     27,     28,     29,     28,     29,     26,     28,     28,     29,     28,     28,     28,     29,     28,     28,     28,     29,     28, 
Result: 7e5364bcd052aefa3c6914948bbe23ff
Expected result: 7e5364bcd052aefa3c6914948bbe23ff
Cycle counts:          311312,  92615,  92605,  92594,  92596,  92601,  92605,  92601,  92605,  92601,  92605,  92601,  92605,  92601,  92605,  92601,  92605,  92601,  92605,  92601, 
Branch dir mis:           645,    628,    623,    624,    621,    621,    621,    621,    621,    621,    621,    621,    621,    621,    621,    621,    621,    621,    621,    621, 
Branch target mis:          28,     23,     26,     24,     29,     28,     28,     28,     28,     28,     28,     28,     28,     28,     28,     28,     28,     28,     28,     28, 
Result: c705b4a5c34ee27ec905a553246d3c74
Expected result: c7 5b4a5c34ee27ec9 5a553246d3c74
