Cycle counts:          311339,  92611,  92605,  92594,  92596,  92600,  92597,  92598,  92597,  92598,  92597,  92598,  92597,  92598,  92597,  92598,  92597,  92598,  92597,  92598, 
Branch dir mis:           648,    626,    623,    624,    621,    621,    621,    621,    621,    621,    621,    621,    621,    621,    621,    621,    621,    621,    621,    621, 
Brach target mis:          28,     24,     26,     24,     29,     29,     29,     29,     29,     29,     29,     29,     29,     29,     29,     29,     29,     29,     29,     29, 
Result: adfedc9dfa9b5065e038e57559f4ad8b
Expected result: adfedc9dfa9b5065e038e57559f4ad8b
Cycle counts:          308906,  92615,  92605,  92594,  92596,  92601,  92605,  92601,  92605,  92601,  92605,  92601,  92605,  92601,  92605,  92601,  92605,  92601,  92605,  92601, 
Branch dir mis:           646,    627,    623,    624,    621,    621,    621,    621,    621,    621,    621,    621,    621,    621,    621,    621,    621,    621,    621,    621, 
Brach target mis:          27,     24,     26,     24,     29,     28,     28,     28,     28,     28,     28,     28,     28,     28,     28,     28,     28,     28,     28,     28, 
Result: 9ccf32b4b42b26b893910f7716d46e24
Expected result: 9ccf32b4b42b26b89391f7716d46e24
Cycle counts:          311312,  92615,  92605,  92594,  92596,  92600,  92597,  92598,  92597,  92598,  92597,  92598,  92597,  92598,  92597,  92598,  92597,  92598,  92597,  92598, 
Branch dir mis:           645,    627,    623,    624,    621,    621,    621,    621,    621,    621,    621,    621,    621,    621,    621,    621,    621,    621,    621,    621, 
Brach target mis:          28,     24,     26,     24,     29,     29,     29,     29,     29,     29,     29,     29,     29,     29,     29,     29,     29,     29,     29,     29, 
Result: 16a99cb78b60c8e5f693f12c69a1839b
Expected result: 16a99cb78b60c8e5f693f12c69a1839b
Cycle counts:          308915,  92628,  92609,  92601,  92594,  92603,  92599,  92603,  92599,  92603,  92599,  92603,  92599,  92603,  92599,  92603,  92599,  92603,  92599,  92603, 
Branch dir mis:           649,    630,    623,    623,    620,    620,    620,    620,    620,    620,    620,    620,    620,    620,    620,    620,    620,    620,    620,    620, 
Brach target mis:          27,     26,     26,     28,     28,     28,     28,     28,     28,     28,     28,     28,     28,     28,     28,     28,     28,     28,     28,     28, 
Result: 01c2fb78846219dddebb1a4033aac1c7
Expected result: 1c2fb78846219dddebb1a4033aac1c7
Cycle counts:          311330,  92608,  92610,  92602,  92596,  92601,  92593,  92601,  92593,  92601,  92593,  92601,  92593,  92601,  92593,  92601,  92593,  92601,  92593,  92601, 
Branch dir mis:           645,    626,    626,    622,    621,    619,    619,    619,    619,    619,    619,    619,    619,    619,    619,    619,    619,    619,    619,    619, 
Brach target mis:          28,     25,     28,     27,     29,     28,     29,     28,     29,     28,     29,     28,     29,     28,     29,     28,     29,     28,     29,     28, 
Result: 0682a7e88d72c3e7dd261defd3b757e7
Expected result: 682a7e88d72c3e7dd261defd3b757e7
Cycle counts:          308932,  92625,  92609,  92601,  92594,  92603,  92599,  92603,  92599,  92603,  92599,  92603,  92599,  92603,  92599,  92603,  92599,  92603,  92599,  92603, 
Branch dir mis:           648,    629,    623,    623,    620,    620,    620,    620,    620,    620,    620,    620,    620,    620,    620,    620,    620,    620,    620,    620, 
Brach target mis:          28,     26,     26,     28,     28,     28,     28,     28,     28,     28,     28,     28,     28,     28,     28,     28,     28,     28,     28,     28, 
Result: 64eabc27d3b33987087b182c13fe0cfa
Expected result: 64eabc27d3b3398787b182c13fecfa
Cycle counts:          311328,  92611,  92602,  92588,  92590,  92594,  92591,  92592,  92591,  92592,  92591,  92592,  92591,  92592,  92591,  92592,  92591,  92592,  92591,  92592, 
Branch dir mis:           643,    626,    622,    622,    619,    619,    619,    619,    619,    619,    619,    619,    619,    619,    619,    619,    619,    619,    619,    619, 
Brach target mis:          29,     24,     26,     24,     29,     29,     29,     29,     29,     29,     29,     29,     29,     29,     29,     29,     29,     29,     29,     29, 
Result: b25df624e24e8a55c26cd62da78fdbba
Expected result: b25df624e24e8a55c26cd62da78fdbba
Cycle counts:          308909,  92616,  92609,  92606,  92592,  92602,  92592,  92602,  92595,  92605,  92592,  92602,  92595,  92605,  92592,  92602,  92595,  92605,  92592,  92602, 
Branch dir mis:           647,    629,    626,    625,    619,    619,    619,    621,    619,    621,    619,    621,    619,    621,    619,    621,    619,    621,    619,    621, 
Brach target mis:          27,     25,     26,     28,     29,     28,     29,     28,     28,     28,     29,     28,     28,     28,     29,     28,     28,     28,     29,     28, 
Result: 55d7584f6626a97fb818c17733d3bc64
Expected result: 55d7584f6626a97fb818c17733d3bc64
Cycle counts:          311319,  92615,  92605,  92594,  92596,  92600,  92597,  92598,  92597,  92598,  92597,  92598,  92597,  92598,  92597,  92598,  92597,  92598,  92597,  92598, 
Branch dir mis:           647,    627,    623,    624,    621,    621,    621,    621,    621,    621,    621,    621,    621,    621,    621,    621,    621,    621,    621,    621, 
Brach target mis:          28,     24,     26,     24,     29,     29,     29,     29,     29,     29,     29,     29,     29,     29,     29,     29,     29,     29,     29,     29, 
Result: 9939fa7c0a1095f04990b4dfec671715
Expected result: 9939fa7ca1095f04990b4dfec671715
Cycle counts:          308928,  92625,  92597,  92604,  92600,  92593,  92599,  92595,  92605,  92592,  92602,  92595,  92605,  92592,  92602,  92595,  92605,  92592,  92602,  92595, 
Branch dir mis:           647,    630,    622,    624,    619,    619,    621,    619,    621,    619,    621,    619,    621,    619,    621,    619,    621,    619,    621,    619, 
Brach target mis:          28,     25,     26,     28,     28,     29,     28,     28,     28,     29,     28,     28,     28,     29,     28,     28,     28,     29,     28,     28, 
Result: edaec32b7a2807fb8d5cba4e736143f9
Expected result: edaec32b7a287fb8d5cba4e736143f9
Cycle counts:          311306,  92613,  92605,  92609,  92596,  92601,  92593,  92601,  92593,  92601,  92593,  92601,  92593,  92601,  92593,  92601,  92593,  92601,  92593,  92601, 
Branch dir mis:           644,    628,    625,    624,    621,    619,    619,    619,    619,    619,    619,    619,    619,    619,    619,    619,    619,    619,    619,    619, 
Brach target mis:          27,     25,     27,     28,     29,     28,     29,     28,     29,     28,     29,     28,     29,     28,     29,     28,     29,     28,     29,     28, 
Result: 63314d724df66ec7846e446774a097eb
Expected result: 63314d724df66ec7846e446774a097eb
Cycle counts:          308915,  92614,  92611,  92606,  92592,  92587,  92599,  92601,  92592,  92593,  92595,  92605,  92592,  92599,  92601,  92592,  92593,  92595,  92605,  92592, 
Branch dir mis:           649,    628,    626,    622,    619,    619,    621,    619,    619,    621,    619,    621,    619,    621,    619,    619,    621,    619,    621,    619, 
Brach target mis:          27,     25,     27,     27,     29,     26,     29,     28,     29,     26,     28,     28,     29,     29,     28,     29,     26,     28,     28,     29, 
Result: 63361b23576f8f49628a9a743a817084
Expected result: 63361b23576f8f49628a9a743a817084
Cycle counts:          311327,  92628,  92609,  92601,  92594,  92595,  92594,  92595,  92594,  92595,  92594,  92595,  92594,  92595,  92594,  92595,  92594,  92595,  92594,  92595, 
Branch dir mis:           650,    630,    623,    623,    620,    620,    620,    620,    620,    620,    620,    620,    620,    620,    620,    620,    620,    620,    620,    620, 
Brach target mis:          28,     26,     26,     28,     28,     29,     28,     29,     28,     29,     28,     29,     28,     29,     28,     29,     28,     29,     28,     29, 
Result: 1db9da599eaf8016ba20392e3eb842b8
Expected result: 1db9da599eaf8016ba20392e3eb842b8
Cycle counts:          308932,  92625,  92609,  92601,  92594,  92603,  92599,  92603,  92599,  92603,  92599,  92603,  92599,  92603,  92599,  92603,  92599,  92603,  92599,  92603, 
Branch dir mis:           648,    629,    623,    623,    620,    620,    620,    620,    620,    620,    620,    620,    620,    620,    620,    620,    620,    620,    620,    620, 
Brach target mis:          28,     26,     26,     28,     28,     28,     28,     28,     28,     28,     28,     28,     28,     28,     28,     28,     28,     28,     28,     28, 
Result: 569f43defc56c000e163396619d23e5a
Expected result: 569f43defc56c00e163396619d23e5a
Cycle counts:          311327,  92628,  92609,  92601,  92594,  92595,  92594,  92595,  92594,  92595,  92594,  92595,  92594,  92595,  92594,  92595,  92594,  92595,  92594,  92595, 
Branch dir mis:           650,    630,    623,    623,    620,    620,    620,    620,    620,    620,    620,    620,    620,    620,    620,    620,    620,    620,    620,    620, 
Brach target mis:          28,     26,     26,     28,     28,     29,     28,     29,     28,     29,     28,     29,     28,     29,     28,     29,     28,     29,     28,     29, 
Result: 14a6ac7697781d25dec788c1f757a144
Expected result: 14a6ac7697781d25dec788c1f757a144
Cycle counts:          308922,  92614,  92605,  92606,  92592,  92587,  92601,  92595,  92605,  92592,  92602,  92595,  92605,  92592,  92602,  92595,  92605,  92592,  92602,  92595, 
Branch dir mis:           646,    628,    626,    622,    619,    619,    621,    619,    621,    619,    621,    619,    621,    619,    621,    619,    621,    619,    621,    619, 
Brach target mis:          27,     25,     25,     27,     29,     26,     28,     28,     28,     29,     28,     28,     28,     29,     28,     28,     28,     29,     28,     28, 
Result: 0fb24461d2428848ace93b953c1c4182
Expected result: fb24461d2428848ace93b953c1c4182
Cycle counts:          311334,  92625,  92609,  92601,  92594,  92595,  92594,  92595,  92594,  92595,  92594,  92595,  92594,  92595,  92594,  92595,  92594,  92595,  92594,  92595, 
Branch dir mis:           646,    629,    623,    623,    620,    620,    620,    620,    620,    620,    620,    620,    620,    620,    620,    620,    620,    620,    620,    620, 
Brach target mis:          29,     26,     26,     28,     28,     29,     28,     29,     28,     29,     28,     29,     28,     29,     28,     29,     28,     29,     28,     29, 
Result: 4c3a79d3c924ceb1501bca661f97cee5
Expected result: 4c3a79d3c924ceb1501bca661f97cee5
Cycle counts:          308942,  92622,  92609,  92601,  92594,  92603,  92599,  92603,  92599,  92603,  92599,  92603,  92599,  92603,  92599,  92603,  92599,  92603,  92599,  92603, 
Branch dir mis:           651,    628,    623,    623,    620,    620,    620,    620,    620,    620,    620,    620,    620,    620,    620,    620,    620,    620,    620,    620, 
Brach target mis:          28,     26,     26,     28,     28,     28,     28,     28,     28,     28,     28,     28,     28,     28,     28,     28,     28,     28,     28,     28, 
Result: a48c2014018effcdf7f74c3ea65c2426
Expected result: a48c201418effcdf7f74c3ea65c2426
Cycle counts:          311334,  92611,  92605,  92594,  92596,  92600,  92597,  92598,  92597,  92598,  92597,  92598,  92597,  92598,  92597,  92598,  92597,  92598,  92597,  92598, 
Branch dir mis:           646,    626,    623,    624,    621,    621,    621,    621,    621,    621,    621,    621,    621,    621,    621,    621,    621,    621,    621,    621, 
Brach target mis:          29,     24,     26,     24,     29,     29,     29,     29,     29,     29,     29,     29,     29,     29,     29,     29,     29,     29,     29,     29, 
Result: 96d0945c5e5b9307cf45201434943ce5
Expected result: 96d0945c5e5b937cf45201434943ce5
Cycle counts:          308917,  92615,  92605,  92594,  92596,  92601,  92605,  92601,  92605,  92601,  92605,  92601,  92605,  92601,  92605,  92601,  92605,  92601,  92605,  92601, 
Branch dir mis:           650,    627,    623,    624,    621,    621,    621,    621,    621,    621,    621,    621,    621,    621,    621,    621,    621,    621,    621,    621, 
Brach target mis:          27,     24,     26,     24,     29,     28,     28,     28,     28,     28,     28,     28,     28,     28,     28,     28,     28,     28,     28,     28, 
Result: bccb577fe296143940df008a209a38bf
Expected result: bccb577fe296143940df08a209a38bf
Cycle counts:          311315,  92615,  92605,  92594,  92596,  92600,  92597,  92598,  92597,  92598,  92597,  92598,  92597,  92598,  92597,  92598,  92597,  92598,  92597,  92598, 
Branch dir mis:           646,    627,    623,    624,    621,    621,    621,    621,    621,    621,    621,    621,    621,    621,    621,    621,    621,    621,    621,    621, 
Brach target mis:          28,     24,     26,     24,     29,     29,     29,     29,     29,     29,     29,     29,     29,     29,     29,     29,     29,     29,     29,     29, 
Result: 13d3dcd7c6dd9d1790041bb79d7edd5a
Expected result: 13d3dcd7c6dd9d179041bb79d7edd5a
Cycle counts:          308906,  92615,  92605,  92594,  92596,  92601,  92605,  92601,  92605,  92601,  92605,  92601,  92605,  92601,  92605,  92601,  92605,  92601,  92605,  92601, 
Branch dir mis:           646,    627,    623,    624,    621,    621,    621,    621,    621,    621,    621,    621,    621,    621,    621,    621,    621,    621,    621,    621, 
Brach target mis:          27,     24,     26,     24,     29,     28,     28,     28,     28,     28,     28,     28,     28,     28,     28,     28,     28,     28,     28,     28, 
Result: db74b9f2e232b779e6b2e79233645ccc
Expected result: db74b9f2e232b779e6b2e79233645ccc
Cycle counts:          311321,  92615,  92605,  92594,  92596,  92600,  92597,  92598,  92597,  92598,  92597,  92598,  92597,  92598,  92597,  92598,  92597,  92598,  92597,  92598, 
Branch dir mis:           648,    627,    623,    624,    621,    621,    621,    621,    621,    621,    621,    621,    621,    621,    621,    621,    621,    621,    621,    621, 
Brach target mis:          28,     24,     26,     24,     29,     29,     29,     29,     29,     29,     29,     29,     29,     29,     29,     29,     29,     29,     29,     29, 
Result: 55fc1687118ed316ec445bbcbae1cc9c
Expected result: 55fc1687118ed316ec445bbcbae1cc9c
Cycle counts:          308928,  92616,  92609,  92604,  92600,  92593,  92599,  92595,  92605,  92592,  92602,  92595,  92605,  92592,  92602,  92595,  92605,  92592,  92602,  92595, 
Branch dir mis:           648,    629,    626,    624,    619,    619,    621,    619,    621,    619,    621,    619,    621,    619,    621,    619,    621,    619,    621,    619, 
Brach target mis:          27,     25,     26,     28,     28,     29,     28,     28,     28,     29,     28,     28,     28,     29,     28,     28,     28,     29,     28,     28, 
Result: d0aef14052b6796912180279fa6ac834
Expected result: d0aef14052b679691218279fa6ac834
Cycle counts:          311311,  92625,  92609,  92601,  92594,  92595,  92594,  92595,  92594,  92595,  92594,  92595,  92594,  92595,  92594,  92595,  92594,  92595,  92594,  92595, 
Branch dir mis:           645,    629,    623,    623,    620,    620,    620,    620,    620,    620,    620,    620,    620,    620,    620,    620,    620,    620,    620,    620, 
Brach target mis:          28,     26,     26,     28,     28,     29,     28,     29,     28,     29,     28,     29,     28,     29,     28,     29,     28,     29,     28,     29, 
Result: 2e99e095939f095a47c10920d9a42f1d
Expected result: 2e99e095939f95a47c1920d9a42f1d
Cycle counts:          308908,  92616,  92609,  92606,  92592,  92602,  92592,  92593,  92595,  92605,  92592,  92599,  92601,  92592,  92593,  92595,  92605,  92592,  92599,  92601, 
Branch dir mis:           647,    629,    626,    625,    619,    619,    619,    621,    619,    621,    619,    621,    619,    619,    621,    619,    621,    619,    621,    619, 
Brach target mis:          27,     25,     26,     28,     29,     28,     29,     26,     28,     28,     29,     29,     28,     29,     26,     28,     28,     29,     29,     28, 
Result: 6fa376b5e461b39b7cb392168e1d1c6d
Expected result: 6fa376b5e461b39b7cb392168e1d1c6d
Cycle counts:          311311,  92615,  92605,  92594,  92596,  92600,  92597,  92598,  92597,  92598,  92597,  92598,  92597,  92598,  92597,  92598,  92597,  92598,  92597,  92598, 
Branch dir mis:           644,    627,    623,    624,    621,    621,    621,    621,    621,    621,    621,    621,    621,    621,    621,    621,    621,    621,    621,    621, 
Brach target mis:          28,     24,     26,     24,     29,     29,     29,     29,     29,     29,     29,     29,     29,     29,     29,     29,     29,     29,     29,     29, 
Result: 991acc05c8f9a0e09a2db120c8040d24
Expected result: 991acc5c8f9a0e09a2db120c84d24
Cycle counts:          308914,  92615,  92605,  92594,  92596,  92601,  92605,  92601,  92605,  92601,  92605,  92601,  92605,  92601,  92605,  92601,  92605,  92601,  92605,  92601, 
Branch dir mis:           649,    627,    623,    624,    621,    621,    621,    621,    621,    621,    621,    621,    621,    621,    621,    621,    621,    621,    621,    621, 
Brach target mis:          27,     24,     26,     24,     29,     28,     28,     28,     28,     28,     28,     28,     28,     28,     28,     28,     28,     28,     28,     28, 
Result: cb926d35962c92cc3b9d5499b659c39f
Expected result: cb926d35962c92cc3b9d5499b659c39f
Cycle counts:          311319,  92615,  92605,  92594,  92596,  92600,  92597,  92598,  92597,  92598,  92597,  92598,  92597,  92598,  92597,  92598,  92597,  92598,  92597,  92598, 
Branch dir mis:           647,    627,    623,    624,    621,    621,    621,    621,    621,    621,    621,    621,    621,    621,    621,    621,    621,    621,    621,    621, 
Brach target mis:          28,     24,     26,     24,     29,     29,     29,     29,     29,     29,     29,     29,     29,     29,     29,     29,     29,     29,     29,     29, 
Result: 7a8e1828375a1a737e4ad348dd47b080
Expected result: 7a8e1828375a1a737e4ad348dd47b080
Cycle counts:          308932,  92611,  92605,  92594,  92596,  92601,  92605,  92601,  92605,  92601,  92605,  92601,  92605,  92601,  92605,  92601,  92605,  92601,  92605,  92601, 
Branch dir mis:           649,    626,    623,    624,    621,    621,    621,    621,    621,    621,    621,    621,    621,    621,    621,    621,    621,    621,    621,    621, 
Brach target mis:          27,     24,     26,     24,     29,     28,     28,     28,     28,     28,     28,     28,     28,     28,     28,     28,     28,     28,     28,     28, 
Result: 98adb213f7da4171edd1c9e7094dd8d3
Expected result: 98adb213f7da4171edd1c9e794dd8d3
Cycle counts:          311327,  92617,  92597,  92602,  92596,  92600,  92597,  92598,  92597,  92598,  92597,  92598,  92597,  92598,  92597,  92598,  92597,  92598,  92597,  92598, 
Branch dir mis:           644,    628,    623,    624,    621,    621,    621,    621,    621,    621,    621,    621,    621,    621,    621,    621,    621,    621,    621,    621, 
Brach target mis:          29,     24,     27,     28,     29,     29,     29,     29,     29,     29,     29,     29,     29,     29,     29,     29,     29,     29,     29,     29, 
Result: 69e059908f64f93afcf4590071698a28
Expected result: 69e059908f64f93afcf459071698a28
Cycle counts:          308911,  92612,  92605,  92594,  92596,  92601,  92605,  92601,  92605,  92601,  92605,  92601,  92605,  92601,  92605,  92601,  92605,  92601,  92605,  92601, 
Branch dir mis:           648,    626,    623,    624,    621,    621,    621,    621,    621,    621,    621,    621,    621,    621,    621,    621,    621,    621,    621,    621, 
Brach target mis:          27,     24,     26,     24,     29,     28,     28,     28,     28,     28,     28,     28,     28,     28,     28,     28,     28,     28,     28,     28, 
Result: 21cdda4c0cd82c248059b0d044dd862e
Expected result: 21cdda4ccd82c248059b0d044dd862e
Cycle counts:          311305,  92621,  92597,  92602,  92596,  92600,  92597,  92598,  92597,  92598,  92597,  92598,  92597,  92598,  92597,  92598,  92597,  92598,  92597,  92598, 
Branch dir mis:           643,    629,    623,    624,    621,    621,    621,    621,    621,    621,    621,    621,    621,    621,    621,    621,    621,    621,    621,    621, 
Brach target mis:          28,     24,     27,     28,     29,     29,     29,     29,     29,     29,     29,     29,     29,     29,     29,     29,     29,     29,     29,     29, 
Result: 2d0f94faa8f2e5d67f0cc43e024cfd8d
Expected result: 2df94faa8f2e5d67fcc43e24cfd8d
Cycle counts:          308933,  92616,  92609,  92606,  92592,  92602,  92592,  92602,  92595,  92605,  92592,  92602,  92595,  92605,  92592,  92602,  92595,  92605,  92592,  92602, 
Branch dir mis:           650,    629,    626,    625,    619,    619,    619,    621,    619,    621,    619,    621,    619,    621,    619,    621,    619,    621,    619,    621, 
Brach target mis:          27,     25,     26,     28,     29,     28,     29,     28,     28,     28,     29,     28,     28,     28,     29,     28,     28,     28,     29,     28, 
Result: 5ae7f009dc8e6badb077c3e1cd5cb623
Expected result: 5ae7f09dc8e6badb077c3e1cd5cb623
Cycle counts:          311307,  92621,  92597,  92602,  92596,  92600,  92597,  92598,  92597,  92598,  92597,  92598,  92597,  92598,  92597,  92598,  92597,  92598,  92597,  92598, 
Branch dir mis:           643,    629,    623,    624,    621,    621,    621,    621,    621,    621,    621,    621,    621,    621,    621,    621,    621,    621,    621,    621, 
Brach target mis:          28,     24,     27,     28,     29,     29,     29,     29,     29,     29,     29,     29,     29,     29,     29,     29,     29,     29,     29,     29, 
Result: 82c4af3273ddd391cfc34ee6f82a6293
Expected result: 82c4af3273ddd391cfc34ee6f82a6293
Cycle counts:          308917,  92628,  92609,  92601,  92594,  92603,  92599,  92603,  92599,  92603,  92599,  92603,  92599,  92603,  92599,  92603,  92599,  92603,  92599,  92603, 
Branch dir mis:           650,    630,    623,    623,    620,    620,    620,    620,    620,    620,    620,    620,    620,    620,    620,    620,    620,    620,    620,    620, 
Brach target mis:          27,     26,     26,     28,     28,     28,     28,     28,     28,     28,     28,     28,     28,     28,     28,     28,     28,     28,     28,     28, 
Result: 8ca846c6a82a7acf23c412f575318caf
Expected result: 8ca846c6a82a7acf23c412f575318caf
Cycle counts:          311343,  92625,  92609,  92601,  92594,  92595,  92594,  92595,  92594,  92595,  92594,  92595,  92594,  92595,  92594,  92595,  92594,  92595,  92594,  92595, 
Branch dir mis:           649,    629,    623,    623,    620,    620,    620,    620,    620,    620,    620,    620,    620,    620,    620,    620,    620,    620,    620,    620, 
Brach target mis:          29,     26,     26,     28,     28,     29,     28,     29,     28,     29,     28,     29,     28,     29,     28,     29,     28,     29,     28,     29, 
Result: 6f33ac736b878f34cd786f894fbec472
Expected result: 6f33ac736b878f34cd786f894fbec472
Cycle counts:          308912,  92614,  92611,  92606,  92592,  92601,  92592,  92602,  92595,  92605,  92592,  92599,  92601,  92592,  92593,  92595,  92605,  92592,  92602,  92595, 
Branch dir mis:           649,    628,    626,    622,    619,    619,    619,    621,    619,    621,    619,    621,    619,    619,    621,    619,    621,    619,    621,    619, 
Brach target mis:          26,     25,     27,     27,     29,     28,     29,     28,     28,     28,     29,     29,     28,     29,     26,     28,     28,     29,     28,     28, 
Result: 286e0412bcb615e747a8df594ea66826
Expected result: 286e412bcb615e747a8df594ea66826
Cycle counts:          311310,  92625,  92609,  92601,  92594,  92595,  92594,  92595,  92594,  92595,  92594,  92595,  92594,  92595,  92594,  92595,  92594,  92595,  92594,  92595, 
Branch dir mis:           644,    629,    623,    623,    620,    620,    620,    620,    620,    620,    620,    620,    620,    620,    620,    620,    620,    620,    620,    620, 
Brach target mis:          28,     26,     26,     28,     28,     29,     28,     29,     28,     29,     28,     29,     28,     29,     28,     29,     28,     29,     28,     29, 
Result: a7024b597803b67a4392e1bdc43887d3
Expected result: a724b59783b67a4392e1bdc43887d3
Cycle counts:          308911,  92615,  92605,  92594,  92596,  92601,  92605,  92601,  92605,  92601,  92605,  92601,  92605,  92601,  92605,  92601,  92605,  92601,  92605,  92601, 
Branch dir mis:           648,    627,    623,    624,    621,    621,    621,    621,    621,    621,    621,    621,    621,    621,    621,    621,    621,    621,    621,    621, 
Brach target mis:          27,     24,     26,     24,     29,     28,     28,     28,     28,     28,     28,     28,     28,     28,     28,     28,     28,     28,     28,     28, 
Result: a1c33b4e7dccfecfa87a277cb46bdd5b
Expected result: a1c33b4e7dccfecfa87a277cb46bdd5b
Cycle counts:          311334,  92611,  92605,  92594,  92596,  92600,  92597,  92598,  92597,  92598,  92597,  92598,  92597,  92598,  92597,  92598,  92597,  92598,  92597,  92598, 
Branch dir mis:           646,    626,    623,    624,    621,    621,    621,    621,    621,    621,    621,    621,    621,    621,    621,    621,    621,    621,    621,    621, 
Brach target mis:          29,     24,     26,     24,     29,     29,     29,     29,     29,     29,     29,     29,     29,     29,     29,     29,     29,     29,     29,     29, 
Result: 1035f16cd65dea56cc6bde0debc644bd
Expected result: 1035f16cd65dea56cc6bdedebc644bd
Cycle counts:          308905,  92614,  92605,  92594,  92596,  92601,  92605,  92601,  92605,  92601,  92605,  92601,  92605,  92601,  92605,  92601,  92605,  92601,  92605,  92601, 
Branch dir mis:           645,    627,    623,    624,    621,    621,    621,    621,    621,    621,    621,    621,    621,    621,    621,    621,    621,    621,    621,    621, 
Brach target mis:          28,     24,     26,     24,     29,     28,     28,     28,     28,     28,     28,     28,     28,     28,     28,     28,     28,     28,     28,     28, 
Result: bd7e0c56ac6270d0c804d7a94b3b0aae
Expected result: bd7ec56ac6270d0c84d7a94b3baae
Cycle counts:          311339,  92615,  92605,  92594,  92596,  92600,  92597,  92598,  92597,  92598,  92597,  92598,  92597,  92598,  92597,  92598,  92597,  92598,  92597,  92598, 
Branch dir mis:           649,    627,    623,    624,    621,    621,    621,    621,    621,    621,    621,    621,    621,    621,    621,    621,    621,    621,    621,    621, 
Brach target mis:          28,     24,     26,     24,     29,     29,     29,     29,     29,     29,     29,     29,     29,     29,     29,     29,     29,     29,     29,     29, 
Result: ffe0124651c9c2522ff598301abdfc42
Expected result: ffe0124651c9c2522ff598301abdfc42
Cycle counts:          308927,  92611,  92605,  92594,  92596,  92601,  92605,  92601,  92605,  92601,  92605,  92601,  92605,  92601,  92605,  92601,  92605,  92601,  92605,  92601, 
Branch dir mis:           647,    626,    623,    624,    621,    621,    621,    621,    621,    621,    621,    621,    621,    621,    621,    621,    621,    621,    621,    621, 
Brach target mis:          28,     24,     26,     24,     29,     28,     28,     28,     28,     28,     28,     28,     28,     28,     28,     28,     28,     28,     28,     28, 
Result: eda2e510b30da30ce5e065cfd8ebc25e
Expected result: eda2e510b3da3ce5e065cfd8ebc25e
Cycle counts:          311334,  92611,  92605,  92594,  92596,  92600,  92597,  92598,  92597,  92598,  92597,  92598,  92597,  92598,  92597,  92598,  92597,  92598,  92597,  92598, 
Branch dir mis:           646,    626,    623,    624,    621,    621,    621,    621,    621,    621,    621,    621,    621,    621,    621,    621,    621,    621,    621,    621, 
Brach target mis:          29,     24,     26,     24,     29,     29,     29,     29,     29,     29,     29,     29,     29,     29,     29,     29,     29,     29,     29,     29, 
Result: 7e8c7ce257bd86d7b2dc4abd5297a895
Expected result: 7e8c7ce257bd86d7b2dc4abd5297a895
Cycle counts:          308926,  92611,  92605,  92594,  92596,  92601,  92605,  92601,  92605,  92601,  92605,  92601,  92605,  92601,  92605,  92601,  92605,  92601,  92605,  92601, 
Branch dir mis:           646,    626,    623,    624,    621,    621,    621,    621,    621,    621,    621,    621,    621,    621,    621,    621,    621,    621,    621,    621, 
Brach target mis:          28,     24,     26,     24,     29,     28,     28,     28,     28,     28,     28,     28,     28,     28,     28,     28,     28,     28,     28,     28, 
Result: db02a11bca8fbbf99d7263e1bde67390
Expected result: db2a11bca8fbbf99d7263e1bde67390
Cycle counts:          311330,  92611,  92605,  92594,  92596,  92600,  92597,  92598,  92597,  92598,  92597,  92598,  92597,  92598,  92597,  92598,  92597,  92598,  92597,  92598, 
Branch dir mis:           644,    626,    623,    624,    621,    621,    621,    621,    621,    621,    621,    621,    621,    621,    621,    621,    621,    621,    621,    621, 
Brach target mis:          29,     24,     26,     24,     29,     29,     29,     29,     29,     29,     29,     29,     29,     29,     29,     29,     29,     29,     29,     29, 
Result: ebb30e7d4b92a3072e209862cf51006a
Expected result: ebb3e7d4b92a372e209862cf5106a
Cycle counts:          308906,  92626,  92597,  92604,  92600,  92593,  92601,  92595,  92605,  92592,  92602,  92595,  92605,  92592,  92602,  92595,  92605,  92592,  92602,  92595, 
Branch dir mis:           645,    630,    622,    624,    619,    619,    621,    619,    621,    619,    621,    619,    621,    619,    621,    619,    621,    619,    621,    619, 
Brach target mis:          28,     25,     26,     28,     28,     29,     28,     28,     28,     29,     28,     28,     28,     29,     28,     28,     28,     29,     28,     28, 
Result: b2860cde59c1ac31ecb671bfa11d18bf
Expected result: b286cde59c1ac31ecb671bfa11d18bf
Cycle counts:          311315,  92625,  92609,  92601,  92594,  92595,  92594,  92595,  92594,  92595,  92594,  92595,  92594,  92595,  92594,  92595,  92594,  92595,  92594,  92595, 
Branch dir mis:           645,    629,    623,    623,    620,    620,    620,    620,    620,    620,    620,    620,    620,    620,    620,    620,    620,    620,    620,    620, 
Brach target mis:          29,     26,     26,     28,     28,     29,     28,     29,     28,     29,     28,     29,     28,     29,     28,     29,     28,     29,     28,     29, 
Result: 021f035e316de785d9deb5fdbb599996
Expected result: 21f35e316de785d9deb5fdbb599996
Cycle counts:          313456,  97418,  97410,  97406,  92598,  92601,  92593,  92601,  92593,  92601,  92593,  92601,  92593,  92601,  92593,  92601,  92593,  92601,  92593,  92601, 
Branch dir mis:           648,    627,    624,    622,    621,    619,    619,    619,    619,    619,    619,    619,    619,    619,    619,    619,    619,    619,    619,    619, 
Brach target mis:          26,     26,     27,     28,     29,     28,     29,     28,     29,     28,     29,     28,     29,     28,     29,     28,     29,     28,     29,     28, 
Result: e3996d38013cb2cbec7db56e51018469
Expected result: e3996d3813cb2cbec7db56e5118469
Cycle counts:          311309,  92621,  92597,  92602,  92596,  92600,  92597,  92598,  92597,  92598,  92597,  92598,  92597,  92598,  92597,  92598,  92597,  92598,  92597,  92598, 
Branch dir mis:           645,    629,    623,    624,    621,    621,    621,    621,    621,    621,    621,    621,    621,    621,    621,    621,    621,    621,    621,    621, 
Brach target mis:          27,     24,     27,     28,     29,     29,     29,     29,     29,     29,     29,     29,     29,     29,     29,     29,     29,     29,     29,     29, 
Result: 5492cdeac33940a0ecae643d019bed3c
Expected result: 5492cdeac33940a0ecae643d19bed3c
Cycle counts:          308911,  92615,  92605,  92594,  92596,  92601,  92605,  92601,  92605,  92601,  92605,  92601,  92605,  92601,  92605,  92601,  92605,  92601,  92605,  92601, 
Branch dir mis:           648,    627,    623,    624,    621,    621,    621,    621,    621,    621,    621,    621,    621,    621,    621,    621,    621,    621,    621,    621, 
Brach target mis:          27,     24,     26,     24,     29,     28,     28,     28,     28,     28,     28,     28,     28,     28,     28,     28,     28,     28,     28,     28, 
Result: b4ec0cdb78060675c8f1308c31287c27
Expected result: b4eccdb786675c8f1308c31287c27
Cycle counts:          311312,  92615,  92605,  92594,  92596,  92600,  92597,  92598,  92597,  92598,  92597,  92598,  92597,  92598,  92597,  92598,  92597,  92598,  92597,  92598, 
Branch dir mis:           645,    627,    623,    624,    621,    621,    621,    621,    621,    621,    621,    621,    621,    621,    621,    621,    621,    621,    621,    621, 
Brach target mis:          28,     24,     26,     24,     29,     29,     29,     29,     29,     29,     29,     29,     29,     29,     29,     29,     29,     29,     29,     29, 
Result: 7a3dfe081a99131826c4f985f361f018
Expected result: 7a3dfe81a99131826c4f985f361f018
Cycle counts:          308918,  92615,  92605,  92594,  92596,  92601,  92605,  92601,  92605,  92601,  92605,  92601,  92605,  92601,  92605,  92601,  92605,  92601,  92605,  92601, 
Branch dir mis:           650,    627,    623,    624,    621,    621,    621,    621,    621,    621,    621,    621,    621,    621,    621,    621,    621,    621,    621,    621, 
Brach target mis:          27,     24,     26,     24,     29,     28,     28,     28,     28,     28,     28,     28,     28,     28,     28,     28,     28,     28,     28,     28, 
Result: 34e4c14426982a1e023cad4dee910741
Expected result: 34e4c14426982a1e23cad4dee91741
AT+BLEINIT=0--> Send sync error AT+CWMODE=0-->OK
Cycle counts:          311317,  92611,  92605,  92594,  92596,  92600,  92597,  92598,  92597,  92598,  92597,  92598,  92597,  92598,  92597,  92598,  92597,  92598,  92597,  92598, 
Branch dir mis:           642,    626,    623,    624,    621,    621,    621,    621,    621,    621,    621,    621,    621,    621,    621,    621,    621,    621,    621,    621, 
Brach target mis:          27,     24,     26,     24,     29,     29,     29,     29,     29,     29,     29,     29,     29,     29,     29,     29,     29,     29,     29,     29, 
Result: fa225cbddb28cb4c1a5d767877f02366
Expected result: fa225cbddb28cb4c1a5d767877f02366
Cycle counts:          308928,  92611,  92605,  92594,  92596,  92601,  92605,  92601,  92605,  92601,  92605,  92601,  92605,  92601,  92605,  92601,  92605,  92601,  92605,  92601, 
Branch dir mis:           647,    626,    623,    624,    621,    621,    621,    621,    621,    621,    621,    621,    621,    621,    621,    621,    621,    621,    621,    621, 
Brach target mis:          28,     24,     26,     24,     29,     28,     28,     28,     28,     28,     28,     28,     28,     28,     28,     28,     28,     28,     28,     28, 
Result: b732e4b13590b5b60b3e448fb0931de6
Expected result: b732e4b13590b5b6b3e448fb0931de6
Cycle counts:          311331,  92617,  92597,  92602,  92596,  92600,  92597,  92598,  92597,  92598,  92597,  92598,  92597,  92598,  92597,  92598,  92597,  92598,  92597,  92598, 
Branch dir mis:           645,    628,    623,    624,    621,    621,    621,    621,    621,    621,    621,    621,    621,    621,    621,    621,    621,    621,    621,    621, 
Brach target mis:          29,     24,     27,     28,     29,     29,     29,     29,     29,     29,     29,     29,     29,     29,     29,     29,     29,     29,     29,     29, 
Result: ece88719b20920cefbd364b230124386
Expected result: ece88719b2920cefbd364b230124386
Cycle counts:          308906,  92611,  92605,  92594,  92596,  92601,  92605,  92601,  92605,  92601,  92605,  92601,  92605,  92601,  92605,  92601,  92605,  92601,  92605,  92601, 
Branch dir mis:           645,    626,    623,    624,    621,    621,    621,    621,    621,    621,    621,    621,    621,    621,    621,    621,    621,    621,    621,    621, 
Brach target mis:          28,     24,     26,     24,     29,     28,     28,     28,     28,     28,     28,     28,     28,     28,     28,     28,     28,     28,     28,     28, 
Result: b25102b5ea95b355118a349f975b3a6d
Expected result: b2512b5ea95b355118a349f975b3a6d
Cycle counts:          311318,  92634,  92609,  92601,  92594,  92595,  92594,  92595,  92594,  92595,  92594,  92595,  92594,  92595,  92594,  92595,  92594,  92595,  92594,  92595, 
Branch dir mis:           647,    632,    623,    623,    620,    620,    620,    620,    620,    620,    620,    620,    620,    620,    620,    620,    620,    620,    620,    620, 
Brach target mis:          28,     26,     26,     28,     28,     29,     28,     29,     28,     29,     28,     29,     28,     29,     28,     29,     28,     29,     28,     29, 
Result: 0771ded6c1c6aaac7e9b75c3c91c2153
Expected result: 771ded6c1c6aaac7e9b75c3c91c2153
Cycle counts:          308903,  92614,  92611,  92606,  92592,  92587,  92601,  92595,  92605,  92592,  92599,  92601,  92592,  92593,  92595,  92605,  92592,  92602,  92595,  92605, 
Branch dir mis:           645,    628,    626,    622,    619,    619,    621,    619,    621,    619,    621,    619,    619,    621,    619,    621,    619,    621,    619,    621, 
Brach target mis:          27,     25,     27,     27,     29,     26,     28,     28,     28,     29,     29,     28,     29,     26,     28,     28,     29,     28,     28,     28, 
Result: f1d692173543f2f235f63f5e6db0e74f
Expected result: f1d692173543f2f235f63f5e6db0e74f
Cycle counts:          311339,  92611,  92605,  92594,  92596,  92600,  92597,  92598,  92597,  92598,  92597,  92598,  92597,  92598,  92597,  92598,  92597,  92598,  92597,  92598, 
Branch dir mis:           647,    626,    623,    624,    621,    621,    621,    621,    621,    621,    621,    621,    621,    621,    621,    621,    621,    621,    621,    621, 
Brach target mis:          29,     24,     26,     24,     29,     29,     29,     29,     29,     29,     29,     29,     29,     29,     29,     29,     29,     29,     29,     29, 
Result: c8ffc289a97ce6c41b2fa0730ea1c94f
Expected result: c8ffc289a97ce6c41b2fa073ea1c94f
Cycle counts:          308904,  92615,  92605,  92594,  92596,  92601,  92605,  92601,  92605,  92601,  92605,  92601,  92605,  92601,  92605,  92601,  92605,  92601,  92605,  92601, 
Branch dir mis:           646,    627,    623,    624,    621,    621,    621,    621,    621,    621,    621,    621,    621,    621,    621,    621,    621,    621,    621,    621, 
Brach target mis:          27,     24,     26,     24,     29,     28,     28,     28,     28,     28,     28,     28,     28,     28,     28,     28,     28,     28,     28,     28, 
Result: ed37f16404c83e044356fe22f6a392e2
Expected result: ed37f1644c83e44356fe22f6a392e2
Cycle counts:          311319,  92610,  92605,  92609,  92596,  92601,  92593,  92601,  92593,  92601,  92593,  92601,  92593,  92601,  92593,  92601,  92593,  92601,  92593,  92601, 
Branch dir mis:           647,    627,    625,    624,    621,    619,    619,    619,    619,    619,    619,    619,    619,    619,    619,    619,    619,    619,    619,    619, 
Brach target mis:          28,     25,     27,     28,     29,     28,     29,     28,     29,     28,     29,     28,     29,     28,     29,     28,     29,     28,     29,     28, 
Result: d8c0eff2281b8a09f1192c57082cae36
Expected result: d8c0eff2281b8a9f1192c5782cae36
Cycle counts:          308928,  92611,  92602,  92588,  92590,  92595,  92599,  92595,  92599,  92595,  92599,  92595,  92599,  92595,  92599,  92595,  92599,  92595,  92599,  92595, 
Branch dir mis:           647,    626,    622,    622,    619,    619,    619,    619,    619,    619,    619,    619,    619,    619,    619,    619,    619,    619,    619,    619, 
Brach target mis:          28,     24,     26,     24,     29,     28,     28,     28,     28,     28,     28,     28,     28,     28,     28,     28,     28,     28,     28,     28, 
Result: 381ec78f4597d0172f380fd89c46a402
Expected result: 381ec78f4597d0172f38fd89c46a42
Cycle counts:          311337,  92611,  92605,  92594,  92596,  92600,  92597,  92598,  92597,  92598,  92597,  92598,  92597,  92598,  92597,  92598,  92597,  92598,  92597,  92598, 
Branch dir mis:           647,    626,    623,    624,    621,    621,    621,    621,    621,    621,    621,    621,    621,    621,    621,    621,    621,    621,    621,    621, 
Brach target mis:          29,     24,     26,     24,     29,     29,     29,     29,     29,     29,     29,     29,     29,     29,     29,     29,     29,     29,     29,     29, 
Result: 8d8cab65d11a46fa5dd6deb9507d66a1
Expected result: 8d8cab65d11a46fa5dd6deb9507d66a1
Cycle counts:          308928,  92611,  92605,  92594,  92596,  92601,  92605,  92601,  92605,  92601,  92605,  92601,  92605,  92601,  92605,  92601,  92605,  92601,  92605,  92601, 
Branch dir mis:           647,    626,    623,    624,    621,    621,    621,    621,    621,    621,    621,    621,    621,    621,    621,    621,    621,    621,    621,    621, 
Brach target mis:          28,     24,     26,     24,     29,     28,     28,     28,     28,     28,     28,     28,     28,     28,     28,     28,     28,     28,     28,     28, 
Result: fddaa471e39ee83e5241eee9756cbe4c
Expected result: fddaa471e39ee83e5241eee9756cbe4c
Cycle counts:          311335,  92611,  92605,  92594,  92596,  92600,  92597,  92598,  92597,  92598,  92597,  92598,  92597,  92598,  92597,  92598,  92597,  92598,  92597,  92598, 
Branch dir mis:           646,    626,    623,    624,    621,    621,    621,    621,    621,    621,    621,    621,    621,    621,    621,    621,    621,    621,    621,    621, 
Brach target mis:          29,     24,     26,     24,     29,     29,     29,     29,     29,     29,     29,     29,     29,     29,     29,     29,     29,     29,     29,     29, 
Result: 9caf85b0c5c9679917e1dd72d04cf98f
Expected result: 9caf85b0c5c9679917e1dd72d04cf98f
Cycle counts:          308911,  92615,  92602,  92588,  92590,  92595,  92599,  92595,  92599,  92595,  92599,  92595,  92599,  92595,  92599,  92595,  92599,  92595,  92599,  92595, 
Branch dir mis:           648,    627,    622,    622,    619,    619,    619,    619,    619,    619,    619,    619,    619,    619,    619,    619,    619,    619,    619,    619, 
Brach target mis:          27,     24,     26,     24,     29,     28,     28,     28,     28,     28,     28,     28,     28,     28,     28,     28,     28,     28,     28,     28, 
Result: 3178890a80e2516d1e03a53f1e91f807
Expected result: 317889a80e2516d1e3a53f1e91f87
Cycle counts:          311331,  92617,  92597,  92602,  92596,  92600,  92597,  92598,  92597,  92598,  92597,  92598,  92597,  92598,  92597,  92598,  92597,  92598,  92597,  92598, 
Branch dir mis:           645,    628,    623,    624,    621,    621,    621,    621,    621,    621,    621,    621,    621,    621,    621,    621,    621,    621,    621,    621, 
Brach target mis:          29,     24,     27,     28,     29,     29,     29,     29,     29,     29,     29,     29,     29,     29,     29,     29,     29,     29,     29,     29, 
Result: fdff01d598f5d86fc056dd35daff51a1
Expected result: fdff1d598f5d86fc056dd35daff51a1
Cycle counts:          308907,  92615,  92605,  92594,  92596,  92601,  92605,  92601,  92605,  92601,  92605,  92601,  92605,  92601,  92605,  92601,  92605,  92601,  92605,  92601, 
Branch dir mis:           647,    627,    623,    624,    621,    621,    621,    621,    621,    621,    621,    621,    621,    621,    621,    621,    621,    621,    621,    621, 
Brach target mis:          27,     24,     26,     24,     29,     28,     28,     28,     28,     28,     28,     28,     28,     28,     28,     28,     28,     28,     28,     28, 
Result: 5c9a10e13408a85db75fbf7f152c2923
Expected result: 5c9a10e1348a85db75fbf7f152c2923
Cycle counts:          311331,  92611,  92605,  92594,  92596,  92600,  92597,  92598,  92597,  92598,  92597,  92598,  92597,  92598,  92597,  92598,  92597,  92598,  92597,  92598, 
Branch dir mis:           645,    626,    623,    624,    621,    621,    621,    621,    621,    621,    621,    621,    621,    621,    621,    621,    621,    621,    621,    621, 
Brach target mis:          29,     24,     26,     24,     29,     29,     29,     29,     29,     29,     29,     29,     29,     29,     29,     29,     29,     29,     29,     29, 
Result: 139277957abb5879e811148f8e0103d2
Expected result: 139277957abb5879e811148f8e13d2
Cycle counts:          308906,  92619,  92609,  92606,  92592,  92602,  92592,  92602,  92595,  92605,  92592,  92602,  92595,  92605,  92592,  92602,  92595,  92605,  92592,  92602, 
Branch dir mis:           646,    630,    626,    625,    619,    619,    619,    621,    619,    621,    619,    621,    619,    621,    619,    621,    619,    621,    619,    621, 
Brach target mis:          27,     25,     26,     28,     29,     28,     29,     28,     28,     28,     29,     28,     28,     28,     29,     28,     28,     28,     29,     28, 
Result: c60a974fe488e99d46ddaa1d5b1ca6ad
Expected result: c6a974fe488e99d46ddaa1d5b1ca6ad
Cycle counts:          311334,  92611,  92605,  92594,  92596,  92600,  92597,  92598,  92597,  92598,  92597,  92598,  92597,  92598,  92597,  92598,  92597,  92598,  92597,  92598, 
Branch dir mis:           646,    626,    623,    624,    621,    621,    621,    621,    621,    621,    621,    621,    621,    621,    621,    621,    621,    621,    621,    621, 
Brach target mis:          29,     24,     26,     24,     29,     29,     29,     29,     29,     29,     29,     29,     29,     29,     29,     29,     29,     29,     29,     29, 
Result: 7cea9d042f61bb0e7ea8aacf6472ee8d
Expected result: 7cea9d42f61bbe7ea8aacf6472ee8d
Cycle counts:          308906,  92615,  92605,  92594,  92596,  92601,  92605,  92601,  92605,  92601,  92605,  92601,  92605,  92601,  92605,  92601,  92605,  92601,  92605,  92601, 
Branch dir mis:           646,    627,    623,    624,    621,    621,    621,    621,    621,    621,    621,    621,    621,    621,    621,    621,    621,    621,    621,    621, 
Brach target mis:          27,     24,     26,     24,     29,     28,     28,     28,     28,     28,     28,     28,     28,     28,     28,     28,     28,     28,     28,     28, 
Result: 78e84913da2d2dc6e0a7b318635d5dd5
Expected result: 78e84913da2d2dc6e0a7b318635d5dd5
ATE0-->Receive Length Timed Out Busy
Cycle counts:          308927,  92610,  92602,  92604,  92598,  92598,  92599,  92599,  92599,  92599,  92599,  92599,  92599,  92599,  92599,  92599,  92599,  92599,  92599,  92599, 
Branch dir mis:           648,    628,    623,    624,    621,    621,    621,    621,    621,    621,    621,    621,    621,    621,    621,    621,    621,    621,    621,    621, 
Brach target mis:          27,     25,     26,     28,     29,     29,     29,     29,     29,     29,     29,     29,     29,     29,     29,     29,     29,     29,     29,     29, 
Result: e1152e2896cb470ec774de4a60a69bf5
Expected result: e1152e2896cb47ec774de4a60a69bf5
Cycle counts:          311328,  92611,  92605,  92594,  92596,  92601,  92605,  92601,  92605,  92601,  92605,  92601,  92605,  92601,  92605,  92601,  92605,  92601,  92605,  92601, 
Branch dir mis:           644,    626,    623,    624,    621,    621,    621,    621,    621,    621,    621,    621,    621,    621,    621,    621,    621,    621,    621,    621, 
Brach target mis:          29,     24,     26,     24,     29,     28,     28,     28,     28,     28,     28,     28,     28,     28,     28,     28,     28,     28,     28,     28, 
Result: aa44b10dfb69c3e0cfa174485d54e90c
Expected result: aa44b1dfb69c3e0cfa174485d54e9c
Cycle counts:          308910,  92619,  92609,  92606,  92592,  92602,  92592,  92602,  92595,  92605,  92592,  92602,  92595,  92605,  92592,  92602,  92595,  92605,  92592,  92602, 
Branch dir mis:           647,    630,    626,    625,    619,    619,    619,    621,    619,    621,    619,    621,    619,    621,    619,    621,    619,    621,    619,    621, 
Brach target mis:          27,     25,     26,     28,     29,     28,     29,     28,     28,     28,     29,     28,     28,     28,     29,     28,     28,     28,     29,     28, 
Result: 9b502130829f8d6a08ad46a3f7700e9a
Expected result: 9b502130829f8d6a8ad46a3f770e9a
Cycle counts:          311331,  92617,  92597,  92602,  92596,  92601,  92605,  92601,  92605,  92601,  92605,  92601,  92605,  92601,  92605,  92601,  92605,  92601,  92605,  92601, 
Branch dir mis:           645,    628,    623,    624,    621,    621,    621,    621,    621,    621,    621,    621,    621,    621,    621,    621,    621,    621,    621,    621, 
Brach target mis:          29,     24,     27,     28,     29,     28,     28,     28,     28,     28,     28,     28,     28,     28,     28,     28,     28,     28,     28,     28, 
Result: f978334eaf1a93213d127c1d9ad23962
Expected result: f978334eaf1a93213d127c1d9ad23962
Cycle counts:          308923,  92611,  92605,  92594,  92596,  92601,  92605,  92601,  92605,  92601,  92605,  92601,  92605,  92601,  92605,  92601,  92605,  92601,  92605,  92601, 
Branch dir mis:           645,    626,    623,    624,    621,    621,    621,    621,    621,    621,    621,    621,    621,    621,    621,    621,    621,    621,    621,    621, 
Brach target mis:          28,     24,     26,     24,     29,     28,     28,     28,     28,     28,     28,     28,     28,     28,     28,     28,     28,     28,     28,     28, 
Result: c21fcea5db8c5d1df62b863aee66175c
Expected result: c21fcea5db8c5d1df62b863aee66175c
Cycle counts:          311320,  92634,  92609,  92601,  92594,  92603,  92599,  92603,  92599,  92603,  92599,  92603,  92599,  92603,  92599,  92603,  92599,  92603,  92599,  92603, 
Branch dir mis:           648,    632,    623,    623,    620,    620,    620,    620,    620,    620,    620,    620,    620,    620,    620,    620,    620,    620,    620,    620, 
Brach target mis:          28,     26,     26,     28,     28,     28,     28,     28,     28,     28,     28,     28,     28,     28,     28,     28,     28,     28,     28,     28, 
Result: d0cd7e2b7d9eda5a148693a23a014a71
Expected result: d0cd7e2b7d9eda5a148693a23a14a71
P
Cycle counts:          311327,  92609,  92602,  92604,  92598,  92598,  92597,  92598,  92597,  92598,  92597,  92598,  92597,  92598,  92597,  92598,  92597,  92598,  92597,  92598, 
Branch dir mis:           644,    627,    623,    624,    621,    621,    621,    621,    621,    621,    621,    621,    621,    621,    621,    621,    621,    621,    621,    621, 
Brach target mis:          28,     26,     26,     28,     29,     29,     29,     29,     29,     29,     29,     29,     29,     29,     29,     29,     29,     29,     29,     29, 
Result: 1338b463232144a9204283020161a0ba
Expected result: 1338b463232144a92042832161a0ba
Cycle counts:          308902,  92611,  92605,  92594,  92596,  92601,  92605,  92601,  92605,  92601,  92605,  92601,  92605,  92601,  92605,  92601,  92605,  92601,  92605,  92601, 
Branch dir mis:           644,    626,    623,    624,    621,    621,    621,    621,    621,    621,    621,    621,    621,    621,    621,    621,    621,    621,    621,    621, 
Brach target mis:          28,     24,     26,     24,     29,     28,     28,     28,     28,     28,     28,     28,     28,     28,     28,     28,     28,     28,     28,     28, 
Result: eb0e624be34c6c37b6df4262a95f2ab2
Expected result: ebe624be34c6c37b6df4262a95f2ab2
Cycle counts:          311329,  92611,  92605,  92594,  92596,  92600,  92597,  92598,  92597,  92598,  92597,  92598,  92597,  92598,  92597,  92598,  92597,  92598,  92597,  92598, 
Branch dir mis:           644,    626,    623,    624,    621,    621,    621,    621,    621,    621,    621,    621,    621,    621,    621,    621,    621,    621,    621,    621, 
Brach target mis:          29,     24,     26,     24,     29,     29,     29,     29,     29,     29,     29,     29,     29,     29,     29,     29,     29,     29,     29,     29, 
Result: 659738cdaa63733644bbdaae2c72b297
Expected result: 659738cdaa63733644bbdaae2c72b297
Cycle counts:          308912,  92614,  92610,  92606,  92592,  92587,  92601,  92595,  92605,  92592,  92602,  92595,  92605,  92592,  92602,  92595,  92605,  92592,  92602,  92595, 
Branch dir mis:           648,    628,    626,    622,    619,    619,    621,    619,    621,    619,    621,    619,    621,    619,    621,    619,    621,    619,    621,    619, 
Brach target mis:          27,     25,     27,     27,     29,     26,     28,     28,     28,     29,     28,     28,     28,     29,     28,     28,     28,     29,     28,     28, 
Result: b4d65083ffc2bb397be1c7895c585d3f
Expected result: b4d65083ffc2bb397be1c7895c585d3f
Cycle counts:          311325,  92628,  92609,  92601,  92594,  92595,  92594,  92595,  92594,  92595,  92594,  92595,  92594,  92595,  92594,  92595,  92594,  92595,  92594,  92595, 
Branch dir mis:           649,    630,    623,    623,    620,    620,    620,    620,    620,    620,    620,    620,    620,    620,    620,    620,    620,    620,    620,    620, 
Brach target mis:          28,     26,     26,     28,     28,     29,     28,     29,     28,     29,     28,     29,     28,     29,     28,     29,     28,     29,     28,     29, 
Result: 9486689f802ab1d5dece9a7f779642a6
Expected result: 9486689f802ab1d5dece9a7f779642a6
Cycle counts:          308906,  92614,  92611,  92606,  92592,  92601,  92595,  92605,  92592,  92602,  92595,  92605,  92592,  92602,  92595,  92605,  92592,  92602,  92595,  92605, 
Branch dir mis:           646,    628,    626,    622,    619,    621,    619,    621,    619,    621,    619,    621,    619,    621,    619,    621,    619,    621,    619,    621, 
Brach target mis:          27,     25,     27,     27,     29,     28,     28,     28,     29,     28,     28,     28,     29,     28,     28,     28,     29,     28,     28,     28, 
Result: 3ca882ba3796340f532552dd8faa9876
Expected result: 3ca882ba379634f532552dd8faa9876
Cycle counts:          311307,  92621,  92597,  92602,  92596,  92600,  92597,  92598,  92597,  92598,  92597,  92598,  92597,  92598,  92597,  92598,  92597,  92598,  92597,  92598, 
Branch dir mis:           643,    629,    623,    624,    621,    621,    621,    621,    621,    621,    621,    621,    621,    621,    621,    621,    621,    621,    621,    621, 
Brach target mis:          28,     24,     27,     28,     29,     29,     29,     29,     29,     29,     29,     29,     29,     29,     29,     29,     29,     29,     29,     29, 
Result: 056656e7dc3c600759510ad5d8cd0baa
Expected result: 56656e7dc3c6075951ad5d8cdbaa
Cycle counts:          308904,  92619,  92609,  92606,  92592,  92602,  92592,  92593,  92595,  92605,  92592,  92602,  92595,  92605,  92592,  92602,  92595,  92605,  92592,  92602, 
Branch dir mis:           646,    630,    626,    625,    619,    619,    619,    621,    619,    621,    619,    621,    619,    621,    619,    621,    619,    621,    619,    621, 
Brach target mis:          27,     25,     26,     28,     29,     28,     29,     26,     28,     28,     29,     28,     28,     28,     29,     28,     28,     28,     29,     28, 
Result: 9b2590b2b00878d5830dcda80577ddda
Expected result: 9b2590b2b0878d583dcda8577ddda
Cycle counts:          311312,  92615,  92605,  92594,  92596,  92600,  92597,  92598,  92597,  92598,  92597,  92598,  92597,  92598,  92597,  92598,  92597,  92598,  92597,  92598, 
Branch dir mis:           645,    627,    623,    624,    621,    621,    621,    621,    621,    621,    621,    621,    621,    621,    621,    621,    621,    621,    621,    621, 
Brach target mis:          28,     24,     26,     24,     29,     29,     29,     29,     29,     29,     29,     29,     29,     29,     29,     29,     29,     29,     29,     29, 
Result: 4aedd3473703db1c3f17f951ae740828
Expected result: 4aedd347373db1c3f17f951ae74828
Cycle counts:          308917,  92619,  92609,  92606,  92592,  92602,  92592,  92602,  92595,  92605,  92592,  92602,  92595,  92605,  92592,  92602,  92595,  92605,  92592,  92602, 
Branch dir mis:           650,    630,    626,    625,    619,    619,    619,    621,    619,    621,    619,    621,    619,    621,    619,    621,    619,    621,    619,    621, 
Brach target mis:          27,     25,     26,     28,     29,     28,     29,     28,     28,     28,     29,     28,     28,     28,     29,     28,     28,     28,     29,     28, 
Result: 39c3df70368b56c55aabe19b4be1b95b
Expected result: 39c3df70368b56c55aabe19b4be1b95b
Cycle counts:          311334,  92611,  92602,  92588,  92590,  92594,  92591,  92592,  92591,  92592,  92591,  92592,  92591,  92592,  92591,  92592,  92591,  92592,  92591,  92592, 
Branch dir mis:           646,    626,    622,    622,    619,    619,    619,    619,    619,    619,    619,    619,    619,    619,    619,    619,    619,    619,    619,    619, 
Brach target mis:          29,     24,     26,     24,     29,     29,     29,     29,     29,     29,     29,     29,     29,     29,     29,     29,     29,     29,     29,     29, 
Result: 88257349af4f28d8029277d6bac861d9
Expected result: 88257349af4f28d829277d6bac861d9
Cycle counts:          308918,  92619,  92609,  92606,  92592,  92602,  92592,  92593,  92595,  92605,  92592,  92602,  92595,  92605,  92592,  92602,  92595,  92605,  92592,  92602, 
Branch dir mis:           650,    630,    626,    625,    619,    619,    619,    621,    619,    621,    619,    621,    619,    621,    619,    621,    619,    621,    619,    621, 
Brach target mis:          27,     25,     26,     28,     29,     28,     29,     26,     28,     28,     29,     28,     28,     28,     29,     28,     28,     28,     29,     28, 
Result: d976213c41f67ccd4b943e15012627eb
Expected result: d976213c41f67ccd4b943e1512627eb
Cycle counts:          311308,  92621,  92597,  92602,  92596,  92600,  92597,  92598,  92597,  92598,  92597,  92598,  92597,  92598,  92597,  92598,  92597,  92598,  92597,  92598, 
Branch dir mis:           644,    629,    623,    624,    621,    621,    621,    621,    621,    621,    621,    621,    621,    621,    621,    621,    621,    621,    621,    621, 
Brach target mis:          28,     24,     27,     28,     29,     29,     29,     29,     29,     29,     29,     29,     29,     29,     29,     29,     29,     29,     29,     29, 
Result: d3582bc939da6581d3708514a40ff136
Expected result: d3582bc939da6581d3708514a4ff136
Cycle counts:          308927,  92611,  92605,  92594,  92596,  92601,  92605,  92601,  92605,  92601,  92605,  92601,  92605,  92601,  92605,  92601,  92605,  92601,  92605,  92601, 
Branch dir mis:           647,    626,    623,    624,    621,    621,    621,    621,    621,    621,    621,    621,    621,    621,    621,    621,    621,    621,    621,    621, 
Brach target mis:          28,     24,     26,     24,     29,     28,     28,     28,     28,     28,     28,     28,     28,     28,     28,     28,     28,     28,     28,     28, 
Result: 1218fba0e1323cc0bff21c2bfc91e091
Expected result: 1218fba0e1323cc0bff21c2bfc91e091
Cycle counts:          311335,  92611,  92605,  92594,  92596,  92600,  92597,  92598,  92597,  92598,  92597,  92598,  92597,  92598,  92597,  92598,  92597,  92598,  92597,  92598, 
Branch dir mis:           646,    626,    623,    624,    621,    621,    621,    621,    621,    621,    621,    621,    621,    621,    621,    621,    621,    621,    621,    621, 
Brach target mis:          29,     24,     26,     24,     29,     29,     29,     29,     29,     29,     29,     29,     29,     29,     29,     29,     29,     29,     29,     29, 
Result: 4f9c50fe976fc6036b8c6e92ffca54d7
Expected result: 4f9c50fe976fc636b8c6e92ffca54d7
Cycle counts:          311328,  92612,  92602,  92604,  92598,  92598,  92599,  92599,  92599,  92599,  92599,  92599,  92599,  92599,  92599,  92599,  92599,  92599,  92599,  92599, 
Branch dir mis:           647,    629,    623,    624,    621,    621,    621,    621,    621,    621,    621,    621,    621,    621,    621,    621,    621,    621,    621,    621, 
Brach target mis:          27,     25,     26,     28,     29,     29,     29,     29,     29,     29,     29,     29,     29,     29,     29,     29,     29,     29,     29,     29, 
Result: 4e6d38a11b65137519004d7920a08057
Expected result: 4e6d38a11b6513751904d7920a08057
Cycle counts:          308912,  92612,  92605,  92594,  92596,  92601,  92605,  92601,  92605,  92601,  92605,  92601,  92605,  92601,  92605,  92601,  92605,  92601,  92605,  92601, 
Branch dir mis:           648,    626,    623,    624,    621,    621,    621,    621,    621,    621,    621,    621,    621,    621,    621,    621,    621,    621,    621,    621, 
Brach target mis:          27,     24,     26,     24,     29,     28,     28,     28,     28,     28,     28,     28,     28,     28,     28,     28,     28,     28,     28,     28, 
Result: 66ef66eafcce95d408fa8c216ab47873
Expected result: 66ef66eafcce95d48fa8c216ab47873
Cycle counts:          311312,  92615,  92605,  92594,  92596,  92601,  92605,  92601,  92605,  92601,  92605,  92601,  92605,  92601,  92605,  92601,  92605,  92601,  92605,  92601, 
Branch dir mis:           645,    627,    623,    624,    621,    621,    621,    621,    621,    621,    621,    621,    621,    621,    621,    621,    621,    621,    621,    621, 
Brach target mis:          28,     24,     26,     24,     29,     28,     28,     28,     28,     28,     28,     28,     28,     28,     28,     28,     28,     28,     28,     28, 
Result: 711b7235ad9a92f776106b88bd77e46d
Expected result: 711b7235ad9a92f776106b88bd77e46d
Cycle counts:          308899,  92618,  92605,  92594,  92596,  92601,  92605,  92601,  92605,  92601,  92605,  92601,  92605,  92601,  92605,  92601,  92605,  92601,  92605,  92601, 
Branch dir mis:           644,    628,    623,    624,    621,    621,    621,    621,    621,    621,    621,    621,    621,    621,    621,    621,    621,    621,    621,    621, 
Brach target mis:          27,     24,     26,     24,     29,     28,     28,     28,     28,     28,     28,     28,     28,     28,     28,     28,     28,     28,     28,     28, 
Result: e050f9ce83fd1dec763407665f45857e
Expected result: e050f9ce83fd1dec76347665f45857e
Cycle counts:          311324,  92628,  92609,  92601,  92594,  92603,  92599,  92603,  92599,  92603,  92599,  92603,  92599,  92603,  92599,  92603,  92599,  92603,  92599,  92603, 
Branch dir mis:           649,    630,    623,    623,    620,    620,    620,    620,    620,    620,    620,    620,    620,    620,    620,    620,    620,    620,    620,    620, 
Brach target mis:          28,     26,     26,     28,     28,     28,     28,     28,     28,     28,     28,     28,     28,     28,     28,     28,     28,     28,     28,     28, 
Result: 803f70a9bc3aea40005b1bf380cba1ad
Expected result: 803f70a9bc3aea4005b1bf380cba1ad
