Cycle counts:          11717212, 10901613, 10862525, 10861054, 10890161, 10874720, 10911746, 10893627, 10906715, 10888606, 10905372, 10837626, 10831528, 10872954, 10895827, 10863277, 10886940, 10882634, 10883793, 10884831, 
Branch dir mis:            33,     25,     25,     24,     24,     24,     24,     24,     24,     24,     24,     24,     24,     24,     24,     24,     24,     24,     24,     24, 
Branch target mis:     30524,  30642,  30641,  30625,  30646,  30642,  30826,  30626,  30645,  30645,  30621,  30645,  30641,  30624,  30645,  30852,  31021,  30643,  30645,  30620, 
Result: 7cb5775f597d4f4019381280fbb5d65d4bb0f93999d2e983d83f3307bc0c9e11
Expected result: 7cb5775f597d4f4019381280fbb5d65d4bb0f93999d2e983d83f3307bc0c9e11
Cycle counts:          11778558, 10929502, 10901685, 10893874, 10886093, 10896261, 10854527, 10858009, 10928031, 10882993, 10840727, 10927754, 10914947, 10863663, 10901913, 10848014, 10873622, 10832148, 10857300, 10917630, 
Branch dir mis:            40,     25,     24,     24,     24,     24,     24,     24,     24,     24,     24,     24,     24,     24,     24,     24,     24,     24,     24,     24, 
Branch target mis:     31207,  30642,  30905,  31021,  30621,  30645,  30624,  30646,  30626,  30620,  30645,  30625,  30642,  30641,  30642,  30621,  30901,  31021,  30643,  30641, 
Result: 53d397286954c2c7d66928692d1230a9094d39e2fde29bd8d48c38fa8267cd04
Expected result: 53d397286954c2c7d66928692d1230a9094d39e2fde29bd8d48c38fa8267cd04
Cycle counts:          11715824, 10901615, 10862536, 10861054, 10890161, 10874720, 10911746, 10893627, 10906715, 10888606, 10905372, 10837626, 10831528, 10872954, 10895827, 10863277, 10886940, 10882634, 10883793, 10884831, 
Branch dir mis:            41,     25,     24,     24,     24,     24,     24,     24,     24,     24,     24,     24,     24,     24,     24,     24,     24,     24,     24,     24, 
Branch target mis:     31203,  30642,  30641,  30625,  30646,  30642,  30826,  30626,  30645,  30645,  30621,  30645,  30641,  30624,  30645,  30852,  31021,  30643,  30645,  30620, 
Result: 4620105f524711c8041003f182e6daf1e4199fd2162780071fd19b48b823591c
Expected result: 4620105f524711c8041003f182e6daf1e4199fd2162780071fd19b48b823591c
Cycle counts:          11778557, 10929500, 10901674, 10893874, 10886093, 10896261, 10854527, 10858009, 10928031, 10882993, 10840727, 10927754, 10914947, 10863663, 10901913, 10848014, 10873622, 10832148, 10857300, 10917630, 
Branch dir mis:            39,     25,     25,     24,     24,     24,     24,     24,     24,     24,     24,     24,     24,     24,     24,     24,     24,     24,     24,     24, 
Branch target mis:     31207,  30642,  30905,  31021,  30621,  30645,  30624,  30646,  30626,  30620,  30645,  30625,  30642,  30641,  30642,  30621,  30901,  31021,  30643,  30641, 
Result: 19067fdb831ef61f4e3b4320fea7e64f9255f8899830f04f692c5a2a8eab4d1d
Expected result: 19067fdb831ef61f4e3b4320fea7e64f9255f8899830f04f692c5a2a8eab4d1d
Cycle counts:          11715828, 10901613, 10862525, 10861054, 10890161, 10874720, 10911746, 10893627, 10906715, 10888606, 10905372, 10837626, 10831528, 10872954, 10895827, 10863277, 10886940, 10882634, 10883793, 10884831, 
Branch dir mis:            41,     25,     25,     24,     24,     24,     24,     24,     24,     24,     24,     24,     24,     24,     24,     24,     24,     24,     24,     24, 
Branch target mis:     31203,  30642,  30641,  30625,  30646,  30642,  30826,  30626,  30645,  30645,  30621,  30645,  30641,  30624,  30645,  30852,  31021,  30643,  30645,  30620, 
Result: 17049ab2c76a250dbbf0a1cf6addd4523d1e59e0e9c40785f112eb0f68e6ed10
Expected result: 17049ab2c76a250dbbf0a1cf6addd4523d1e59e0e9c40785f112eb0f68e6ed10
Cycle counts:          11775276, 10929502, 10901685, 10893874, 10886093, 10896261, 10854527, 10858009, 10928031, 10882993, 10840727, 10927754, 10914947, 10863663, 10901913, 10848014, 10873622, 10832148, 10857300, 10917630, 
Branch dir mis:            40,     25,     24,     24,     24,     24,     24,     24,     24,     24,     24,     24,     24,     24,     24,     24,     24,     24,     24,     24, 
Branch target mis:     29383,  30642,  30905,  31021,  30621,  30645,  30624,  30646,  30626,  30620,  30645,  30625,  30642,  30641,  30642,  30621,  30901,  31021,  30643,  30641, 
Result: 9e4fe2e2309ccfa704b4333def285df9fee8a8b5f38749130b1d91d55553c31b
Expected result: 9e4fe2e2309ccfa704b4333def285df9fee8a8b5f38749130b1d91d55553c31b
Cycle counts:          11715824, 10901615, 10862536, 10861054, 10890161, 10874720, 10911746, 10893627, 10906715, 10888606, 10905372, 10837626, 10831528, 10872954, 10895827, 10863277, 10886940, 10882634, 10883793, 10884831, 
Branch dir mis:            40,     25,     24,     24,     24,     24,     24,     24,     24,     24,     24,     24,     24,     24,     24,     24,     24,     24,     24,     24, 
Branch target mis:     31203,  30642,  30641,  30625,  30646,  30642,  30826,  30626,  30645,  30645,  30621,  30645,  30641,  30624,  30645,  30852,  31021,  30643,  30645,  30620, 
Result: aea55242ecccb0c5a5259d1bdbd6d3dd4b1295013662964e8e7baf99072d3f26
Expected result: aea55242ecccb0c5a5259d1bdbd6d3dd4b1295013662964e8e7baf99072d3f26
Cycle counts:          11775277, 10929497, 10901674, 10893874, 10886093, 10896261, 10854527, 10858009, 10928031, 10882993, 10840727, 10927754, 10914947, 10863663, 10901913, 10848014, 10873622, 10832148, 10857300, 10917630, 
Branch dir mis:            40,     24,     25,     24,     24,     24,     24,     24,     24,     24,     24,     24,     24,     24,     24,     24,     24,     24,     24,     24, 
Branch target mis:     29383,  30642,  30905,  31021,  30621,  30645,  30624,  30646,  30626,  30620,  30645,  30625,  30642,  30641,  30642,  30621,  30901,  31021,  30643,  30641, 
Result: 9859adf28abea1b1ee18e31e06516c61510a9adcc39b98e8d938b1b320282f02
Expected result: 9859adf28abea1b1ee18e31e06516c61510a9adcc39b98e8d938b1b320282f02
Cycle counts:          11712721, 10901615, 10862536, 10861054, 10890161, 10874720, 10911746, 10893627, 10906715, 10888606, 10905372, 10837626, 10831528, 10872954, 10895827, 10863277, 10886940, 10882634, 10883793, 10884831, 
Branch dir mis:            41,     25,     24,     24,     24,     24,     24,     24,     24,     24,     24,     24,     24,     24,     24,     24,     24,     24,     24,     24, 
Branch target mis:     29435,  30642,  30641,  30625,  30646,  30642,  30826,  30626,  30645,  30645,  30621,  30645,  30641,  30624,  30645,  30852,  31021,  30643,  30645,  30620, 
Result: b45eadd9f574d1e617f51aef9c874c8557490f90e871449df9903cca100bdb50
Expected result: b45eadd9f574d1e617f51aef9c874c8557490f90e871449df9903cca100bdb50
Cycle counts:          11778552, 10929502, 10901685, 10893874, 10886093, 10896261, 10854527, 10858009, 10928031, 10882993, 10840727, 10927754, 10914947, 10863663, 10901913, 10848014, 10873622, 10832148, 10857300, 10917630, 
Branch dir mis:            38,     25,     24,     24,     24,     24,     24,     24,     24,     24,     24,     24,     24,     24,     24,     24,     24,     24,     24,     24, 
Branch target mis:     31207,  30642,  30905,  31021,  30621,  30645,  30624,  30646,  30626,  30620,  30645,  30625,  30642,  30641,  30642,  30621,  30901,  31021,  30643,  30641, 
Result: 9d12dc42ad4c64078408825ac2f11d3d8ad3a155c9f2810d0d2de757c95ffc15
Expected result: 9d12dc42ad4c64078408825ac2f11d3d8ad3a155c9f2810d0d2de757c95ffc15
Cycle counts:          11712715, 10901615, 10862536, 10861054, 10890161, 10874720, 10911746, 10893627, 10906715, 10888606, 10905372, 10837626, 10831528, 10872954, 10895827, 10863277, 10886940, 10882634, 10883793, 10884831, 
Branch dir mis:            40,     25,     24,     24,     24,     24,     24,     24,     24,     24,     24,     24,     24,     24,     24,     24,     24,     24,     24,     24, 
Branch target mis:     29435,  30642,  30641,  30625,  30646,  30642,  30826,  30626,  30645,  30645,  30621,  30645,  30641,  30624,  30645,  30852,  31021,  30643,  30645,  30620, 
Result: c06ad97f179b72a18a17ca15eab316ea514dc00520b1dcdc40763e871293d013
Expected result: c06ad97f179b72a18a17ca15eab316ea514dc00520b1dcdc40763e871293d013
Cycle counts:          11775277, 10929502, 10901685, 10893874, 10886093, 10896261, 10854527, 10858009, 10928031, 10882993, 10840727, 10927754, 10914947, 10863663, 10901913, 10848014, 10873622, 10832148, 10857300, 10917630, 
Branch dir mis:            40,     25,     24,     24,     24,     24,     24,     24,     24,     24,     24,     24,     24,     24,     24,     24,     24,     24,     24,     24, 
Branch target mis:     29383,  30642,  30905,  31021,  30621,  30645,  30624,  30646,  30626,  30620,  30645,  30625,  30642,  30641,  30642,  30621,  30901,  31021,  30643,  30641, 
Result: 47c66600d7ae0afc00c5dfbf8ebd770fb2ca530b0a424a1b794e6b10dee67269
Expected result: 47c66600d7ae0afc00c5dfbf8ebd770fb2ca530b0a424a1b794e6b10dee67269
Cycle counts:          11765468, 11069858, 10867410, 10926402, 10904040, 10887526, 10849378, 10899868, 10855958, 10889086, 10814730, 10883860, 10931801, 10845333, 10948393, 10873652, 10820811, 10879959, 10866509, 10857164, 
Branch dir mis:            42,     25,     25,     24,     24,     24,     24,     24,     24,     24,     24,     24,     24,     24,     24,     24,     24,     24,     24,     24, 
Branch target mis:     29448,  61880,  30621,  30646,  30645,  30624,  30645,  30625,  30624,  30620,  30621,  30624,  30646,  30624,  30856,  30625,  30905,  30646,  30646,  30645, 
Result: 1e467bfa8a3cf5f53f5c1293232fe05ab271fda21e7bafe1711bf18b86387478
Expected result: 1e467bfa8a3cf5f53f5c1293232fe05ab271fda21e7bafe1711bf18b86387478
Cycle counts:          11775276, 10929502, 10901685, 10893874, 10886093, 10896261, 10854527, 10858009, 10928031, 10882993, 10840727, 10927754, 10914947, 10863663, 10901913, 10848014, 10873622, 10832148, 10857300, 10917630, 
Branch dir mis:            40,     25,     24,     24,     24,     24,     24,     24,     24,     24,     24,     24,     24,     24,     24,     24,     24,     24,     24,     24, 
Branch target mis:     29383,  30642,  30905,  31021,  30621,  30645,  30624,  30646,  30626,  30620,  30645,  30625,  30642,  30641,  30642,  30621,  30901,  31021,  30643,  30641, 
Result: c695ef65762061f80021462982fecbdebdc743279018013b757e1ea6a42ec422
Expected result: c695ef65762061f80021462982fecbdebdc743279018013b757e1ea6a42ec422
Cycle counts:          11715828, 10901615, 10862536, 10861054, 10890161, 10874720, 10911746, 10893627, 10906715, 10888606, 10905372, 10837626, 10831528, 10872954, 10895827, 10863277, 10886940, 10882634, 10883793, 10884831, 
Branch dir mis:            41,     25,     24,     24,     24,     24,     24,     24,     24,     24,     24,     24,     24,     24,     24,     24,     24,     24,     24,     24, 
Branch target mis:     31203,  30642,  30641,  30625,  30646,  30642,  30826,  30626,  30645,  30645,  30621,  30645,  30641,  30624,  30645,  30852,  31021,  30643,  30645,  30620, 
Result: e3fb7ca312cf153bee564ad5fda6961567bb04052ca93cc40acd6914ad6bc757
Expected result: e3fb7ca312cf153bee564ad5fda6961567bb04052ca93cc40acd6914ad6bc757
Cycle counts:          11775276, 10929502, 10901685, 10893874, 10886093, 10896261, 10854527, 10858009, 10928031, 10882993, 10840727, 10927754, 10914947, 10863663, 10901913, 10848014, 10873622, 10832148, 10857300, 10917630, 
Branch dir mis:            40,     25,     24,     24,     24,     24,     24,     24,     24,     24,     24,     24,     24,     24,     24,     24,     24,     24,     24,     24, 
Branch target mis:     29383,  30642,  30905,  31021,  30621,  30645,  30624,  30646,  30626,  30620,  30645,  30625,  30642,  30641,  30642,  30621,  30901,  31021,  30643,  30641, 
Result: 22b338fdea7fde73d5331b5b14dc7e1f595163fb2ec2890716b8ee69d37c2e2c
Expected result: 22b338fdea7fde73d5331b5b14dc7e1f595163fb2ec2890716b8ee69d37c2e2c
Cycle counts:          11715828, 10901622, 10862525, 10861054, 10890161, 10874720, 10911746, 10893627, 10906715, 10888606, 10905372, 10837626, 10831528, 10872954, 10895827, 10863277, 10886940, 10882634, 10883793, 10884831, 
Branch dir mis:            42,     24,     25,     24,     24,     24,     24,     24,     24,     24,     24,     24,     24,     24,     24,     24,     24,     24,     24,     24, 
Branch target mis:     31203,  30646,  30641,  30625,  30646,  30642,  30826,  30626,  30645,  30645,  30621,  30645,  30641,  30624,  30645,  30852,  31021,  30643,  30645,  30620, 
Result: 5437d373157f1aa569c09c8fdecf5a97d3e3da42538dd466a0b0e43982f63166
Expected result: 5437d373157f1aa569c09c8fdecf5a97d3e3da42538dd466a0b0e43982f63166
Cycle counts:          11775276, 10929502, 10901685, 10893874, 10886093, 10896261, 10854527, 10858009, 10928031, 10882993, 10840727, 10927754, 10914947, 10863663, 10901913, 10848014, 10873622, 10832148, 10857300, 10917630, 
Branch dir mis:            40,     25,     24,     24,     24,     24,     24,     24,     24,     24,     24,     24,     24,     24,     24,     24,     24,     24,     24,     24, 
Branch target mis:     29383,  30642,  30905,  31021,  30621,  30645,  30624,  30646,  30626,  30620,  30645,  30625,  30642,  30641,  30642,  30621,  30901,  31021,  30643,  30641, 
Result: 572073281c4c1c83ee10d7e294ada3da8825cf2ebdbe5c5705c94fdf8938bd0b
Expected result: 572073281c4c1c83ee10d7e294ada3da8825cf2ebdbe5c5705c94fdf8938bd0b
Cycle counts:          11712719, 10901610, 10862525, 10861054, 10890161, 10874720, 10911746, 10893627, 10906715, 10888606, 10905372, 10837626, 10831528, 10872954, 10895827, 10863277, 10886940, 10882634, 10883793, 10884831, 
Branch dir mis:            41,     24,     25,     24,     24,     24,     24,     24,     24,     24,     24,     24,     24,     24,     24,     24,     24,     24,     24,     24, 
Branch target mis:     29435,  30642,  30641,  30625,  30646,  30642,  30826,  30626,  30645,  30645,  30621,  30645,  30641,  30624,  30645,  30852,  31021,  30643,  30645,  30620, 
Result: fe9d749a91feff3dafaec570733234d3eaa7b445c75b5578379e05514e93c63f
Expected result: fe9d749a91feff3dafaec570733234d3eaa7b445c75b5578379e05514e93c63f
Cycle counts:          11778552, 10929502, 10901685, 10893874, 10886093, 10896261, 10854527, 10858009, 10928031, 10882993, 10840727, 10927754, 10914947, 10863663, 10901913, 10848014, 10873622, 10832148, 10857300, 10917630, 
Branch dir mis:            38,     25,     24,     24,     24,     24,     24,     24,     24,     24,     24,     24,     24,     24,     24,     24,     24,     24,     24,     24, 
Branch target mis:     31207,  30642,  30905,  31021,  30621,  30645,  30624,  30646,  30626,  30620,  30645,  30625,  30642,  30641,  30642,  30621,  30901,  31021,  30643,  30641, 
Result: b99bb1f3802370a3a9e2ba54b649fc255954979f08065bbff10e655e7cc0f16a
Expected result: b99bb1f3802370a3a9e2ba54b649fc255954979f08065bbff10e655e7cc0f16a
Cycle counts:          11715827, 10901615, 10862536, 10861054, 10890161, 10874720, 10911746, 10893627, 10906715, 10888606, 10905372, 10837626, 10831528, 10872954, 10895827, 10863277, 10886940, 10882634, 10883793, 10884831, 
Branch dir mis:            41,     25,     24,     24,     24,     24,     24,     24,     24,     24,     24,     24,     24,     24,     24,     24,     24,     24,     24,     24, 
Branch target mis:     31203,  30642,  30641,  30625,  30646,  30642,  30826,  30626,  30645,  30645,  30621,  30645,  30641,  30624,  30645,  30852,  31021,  30643,  30645,  30620, 
Result: 4ddc3d9dcc1579b0f8abbb5d14046a4bfa673642c80af02f7254682ee1367a64
Expected result: 4ddc3d9dcc1579b0f8abbb5d14046a4bfa673642c80af02f7254682ee1367a64
Cycle counts:          11775273, 10929502, 10901685, 10893874, 10886093, 10896261, 10854527, 10858009, 10928031, 10882993, 10840727, 10927754, 10914947, 10863663, 10901913, 10848014, 10873622, 10832148, 10857300, 10917630, 
Branch dir mis:            39,     25,     24,     24,     24,     24,     24,     24,     24,     24,     24,     24,     24,     24,     24,     24,     24,     24,     24,     24, 
Branch target mis:     29383,  30642,  30905,  31021,  30621,  30645,  30624,  30646,  30626,  30620,  30645,  30625,  30642,  30641,  30642,  30621,  30901,  31021,  30643,  30641, 
Result: 566f56e1a4e36f590e2d733830500f7ffbd3289009799b21425e87856b4c6634
Expected result: 566f56e1a4e36f590e2d733830500f7ffbd3289009799b21425e87856b4c6634
Cycle counts:          11715821, 10901615, 10862536, 10861054, 10890161, 10874720, 10911746, 10893627, 10906715, 10888606, 10905372, 10837626, 10831528, 10872954, 10895827, 10863277, 10886940, 10882634, 10883793, 10884831, 
Branch dir mis:            40,     25,     24,     24,     24,     24,     24,     24,     24,     24,     24,     24,     24,     24,     24,     24,     24,     24,     24,     24, 
Branch target mis:     31203,  30642,  30641,  30625,  30646,  30642,  30826,  30626,  30645,  30645,  30621,  30645,  30641,  30624,  30645,  30852,  31021,  30643,  30645,  30620, 
Result: 18b77a3167b61ec7be0506e63487de96cc1e0bd03d79926265ebd780a482201a
Expected result: 18b77a3167b61ec7be0506e63487de96cc1e0bd03d79926265ebd780a482201a
Cycle counts:          11775277, 10929497, 10901674, 10893874, 10886093, 10896261, 10854527, 10858009, 10928031, 10882993, 10840727, 10927754, 10914947, 10863663, 10901913, 10848014, 10873622, 10832148, 10857300, 10917630, 
Branch dir mis:            40,     24,     25,     24,     24,     24,     24,     24,     24,     24,     24,     24,     24,     24,     24,     24,     24,     24,     24,     24, 
Branch target mis:     29383,  30642,  30905,  31021,  30621,  30645,  30624,  30646,  30626,  30620,  30645,  30625,  30642,  30641,  30642,  30621,  30901,  31021,  30643,  30641, 
Result: ea1a2e6329886a001c340365b077a32475dfc2bf800cda2958777c475d977778
Expected result: ea1a2e6329886a001c340365b077a32475dfc2bf800cda2958777c475d977778
Cycle counts:          11712719, 10901610, 10862525, 10861054, 10890161, 10874720, 10911746, 10893627, 10906715, 10888606, 10905372, 10837626, 10831528, 10872954, 10895827, 10863277, 10886940, 10882634, 10883793, 10884831, 
Branch dir mis:            41,     24,     25,     24,     24,     24,     24,     24,     24,     24,     24,     24,     24,     24,     24,     24,     24,     24,     24,     24, 
Branch target mis:     29435,  30642,  30641,  30625,  30646,  30642,  30826,  30626,  30645,  30645,  30621,  30645,  30641,  30624,  30645,  30852,  31021,  30643,  30645,  30620, 
Result: 10f36cd99d08bfb1b049beb65d43200b0bc50b8b772c664a22dd6be968bcc563
Expected result: 10f36cd99d08bfb1b049beb65d43200b0bc50b8b772c664a22dd6be968bcc563
Cycle counts:          11775273, 10929502, 10901685, 10893874, 10886093, 10896261, 10854527, 10858009, 10928031, 10882993, 10840727, 10927754, 10914947, 10863663, 10901913, 10848014, 10873622, 10832148, 10857300, 10917630, 
Branch dir mis:            39,     25,     24,     24,     24,     24,     24,     24,     24,     24,     24,     24,     24,     24,     24,     24,     24,     24,     24,     24, 
Branch target mis:     29383,  30642,  30905,  31021,  30621,  30645,  30624,  30646,  30626,  30620,  30645,  30625,  30642,  30641,  30642,  30621,  30901,  31021,  30643,  30641, 
Result: 8649ad92300cda6b55888afaf9c730651b2569dea6851d579d9534d9aa4ff249
Expected result: 8649ad92300cda6b55888afaf9c730651b2569dea6851d579d9534d9aa4ff249
Cycle counts:          11715825, 10901610, 10862525, 10861054, 10890161, 10874720, 10911746, 10893627, 10906715, 10888606, 10905372, 10837626, 10831528, 10872954, 10895827, 10863277, 10886940, 10882634, 10883793, 10884831, 
Branch dir mis:            41,     24,     25,     24,     24,     24,     24,     24,     24,     24,     24,     24,     24,     24,     24,     24,     24,     24,     24,     24, 
Branch target mis:     31203,  30642,  30641,  30625,  30646,  30642,  30826,  30626,  30645,  30645,  30621,  30645,  30641,  30624,  30645,  30852,  31021,  30643,  30645,  30620, 
Result: eda20ae9ff531655a159bc19a882742c77da18a58491775e854ff1e11ef81e41
Expected result: eda20ae9ff531655a159bc19a882742c77da18a58491775e854ff1e11ef81e41
ATE0-->CMD Timed Out Busy
got recv error AT+BLEINIT=0-->ERR CODE:0x01090000
ERROR
Cycle counts:          11717164, 11071934, 10895574, 10871831, 10864735, 10923583, 10886895, 10917058, 10834572, 10882997, 10910627, 10878696, 10906444, 10888736, 10899921, 10881720, 10873343, 10847951, 10893138, 10870938, 
Branch dir mis:            40,     26,     24,     24,     24,     24,     24,     24,     24,     24,     24,     24,     24,     24,     24,     24,     24,     24,     24,     24, 
Branch target mis:     29449,  62877,  30621,  30624,  30620,  30645,  30645,  30645,  30826,  30827,  30625,  30645,  30642,  30645,  30641,  30624,  30856,  30646,  30645,  30820, 
Result: dfe647251c6f06267500cb0025a1e67c85e1929c7d31c0141f33ab30bac47e3a
Expected result: dfe647251c6f06267500cb0025a1e67c85e1929c7d31c0141f33ab30bac47e3a
Cycle counts:          11712715, 10901615, 10862536, 10861054, 10890161, 10874720, 10911746, 10893627, 10906715, 10888606, 10905372, 10837626, 10831528, 10872954, 10895827, 10863277, 10886940, 10882634, 10883793, 10884831, 
Branch dir mis:            40,     25,     24,     24,     24,     24,     24,     24,     24,     24,     24,     24,     24,     24,     24,     24,     24,     24,     24,     24, 
Branch target mis:     29435,  30642,  30641,  30625,  30646,  30642,  30826,  30626,  30645,  30645,  30621,  30645,  30641,  30624,  30645,  30852,  31021,  30643,  30645,  30620, 
Result: 4a4cb3246fbcadacd71e51f4965cf07a540319c22dc860bcc2ffb43d28160022
Expected result: 4a4cb3246fbcadacd71e51f4965cf07a540319c22dc860bcc2ffb43d28160022
Cycle counts:          11778561, 10929502, 10901685, 10893874, 10886093, 10896261, 10854527, 10858009, 10928031, 10882993, 10840727, 10927754, 10914947, 10863663, 10901913, 10848014, 10873622, 10832148, 10857300, 10917630, 
Branch dir mis:            40,     25,     24,     24,     24,     24,     24,     24,     24,     24,     24,     24,     24,     24,     24,     24,     24,     24,     24,     24, 
Branch target mis:     31207,  30642,  30905,  31021,  30621,  30645,  30624,  30646,  30626,  30620,  30645,  30625,  30642,  30641,  30642,  30621,  30901,  31021,  30643,  30641, 
Result: 3a3175256d102cebefb85a34a8a1f82561aca029e5474115f2ee105170664732
Expected result: 3a3175256d102cebefb85a34a8a1f82561aca029e5474115f2ee105170664732
Cycle counts:          11715821, 10901615, 10862536, 10861054, 10890161, 10874720, 10911746, 10893627, 10906715, 10888606, 10905372, 10837626, 10831528, 10872954, 10895827, 10863277, 10886940, 10882634, 10883793, 10884831, 
Branch dir mis:            40,     25,     24,     24,     24,     24,     24,     24,     24,     24,     24,     24,     24,     24,     24,     24,     24,     24,     24,     24, 
Branch target mis:     31203,  30642,  30641,  30625,  30646,  30642,  30826,  30626,  30645,  30645,  30621,  30645,  30641,  30624,  30645,  30852,  31021,  30643,  30645,  30620, 
Result: 3b72612a32d09ab632227fbdabecfffebf2bac7ccd9eeb2f2e3dd3674cb63372
Expected result: 3b72612a32d09ab632227fbdabecfffebf2bac7ccd9eeb2f2e3dd3674cb63372
Cycle counts:          11778558, 10929502, 10901685, 10893874, 10886093, 10896261, 10854527, 10858009, 10928031, 10882993, 10840727, 10927754, 10914947, 10863663, 10901913, 10848014, 10873622, 10832148, 10857300, 10917630, 
Branch dir mis:            40,     25,     24,     24,     24,     24,     24,     24,     24,     24,     24,     24,     24,     24,     24,     24,     24,     24,     24,     24, 
Branch target mis:     31207,  30642,  30905,  31021,  30621,  30645,  30624,  30646,  30626,  30620,  30645,  30625,  30642,  30641,  30642,  30621,  30901,  31021,  30643,  30641, 
Result: d3bd9af18a1f847dd4cf69d6cdf0378bc5ae9aba4b9d42b4b9943fd80ee7af15
Expected result: d3bd9af18a1f847dd4cf69d6cdf0378bc5ae9aba4b9d42b4b9943fd80ee7af15
Cycle counts:          11715824, 10901615, 10862536, 10861054, 10890161, 10874720, 10911746, 10893627, 10906715, 10888606, 10905372, 10837626, 10831528, 10872954, 10895827, 10863277, 10886940, 10882634, 10883793, 10884831, 
Branch dir mis:            41,     25,     24,     24,     24,     24,     24,     24,     24,     24,     24,     24,     24,     24,     24,     24,     24,     24,     24,     24, 
Branch target mis:     31203,  30642,  30641,  30625,  30646,  30642,  30826,  30626,  30645,  30645,  30621,  30645,  30641,  30624,  30645,  30852,  31021,  30643,  30645,  30620, 
Result: c79db90a970e3bc208d08326bd86e1a487f068afbbc3a547b11e50444525e80d
Expected result: c79db90a970e3bc208d08326bd86e1a487f068afbbc3a547b11e50444525e80d
Cycle counts:          11775273, 10929502, 10901685, 10893874, 10886093, 10896261, 10854527, 10858009, 10928031, 10882993, 10840727, 10927754, 10914947, 10863663, 10901913, 10848014, 10873622, 10832148, 10857300, 10917630, 
Branch dir mis:            39,     25,     24,     24,     24,     24,     24,     24,     24,     24,     24,     24,     24,     24,     24,     24,     24,     24,     24,     24, 
Branch target mis:     29383,  30642,  30905,  31021,  30621,  30645,  30624,  30646,  30626,  30620,  30645,  30625,  30642,  30641,  30642,  30621,  30901,  31021,  30643,  30641, 
Result: 1a09f97e75b282d9566e6e8994bfd4cec294ddcb75cf0a216b5ac49d34381602
Expected result: 1a09f97e75b282d9566e6e8994bfd4cec294ddcb75cf0a216b5ac49d34381602
Cycle counts:          11717119, 10901615, 10862536, 10861054, 10890161, 10874720, 10911746, 10893627, 10906715, 10888606, 10905372, 10837626, 10831528, 10872954, 10895827, 10863277, 10886940, 10882634, 10883793, 10884831, 
Branch dir mis:            40,     25,     24,     24,     24,     24,     24,     24,     24,     24,     24,     24,     24,     24,     24,     24,     24,     24,     24,     24, 
Branch target mis:     30496,  30642,  30641,  30625,  30646,  30642,  30826,  30626,  30645,  30645,  30621,  30645,  30641,  30624,  30645,  30852,  31021,  30643,  30645,  30620, 
Result: ac0f446d57b1222aec62acc2ac8c3f45d0f4c6cfbf27730c0a02adc09b00512e
Expected result: ac0f446d57b1222aec62acc2ac8c3f45d0f4c6cfbf27730c0a02adc09b00512e
Cycle counts:          11775277, 10929502, 10901685, 10893874, 10886093, 10896261, 10854527, 10858009, 10928031, 10882993, 10840727, 10927754, 10914947, 10863663, 10901913, 10848014, 10873622, 10832148, 10857300, 10917630, 
Branch dir mis:            40,     25,     24,     24,     24,     24,     24,     24,     24,     24,     24,     24,     24,     24,     24,     24,     24,     24,     24,     24, 
Branch target mis:     29383,  30642,  30905,  31021,  30621,  30645,  30624,  30646,  30626,  30620,  30645,  30625,  30642,  30641,  30642,  30621,  30901,  31021,  30643,  30641, 
Result: 3aaeeb9f4916e9dbb2558036eb5e8bac4dcfd322cd75e08f174c0d2c506b150a
Expected result: 3aaeeb9f4916e9dbb2558036eb5e8bac4dcfd322cd75e08f174c0d2c506b150a
Cycle counts:          11715828, 10901625, 10862525, 10861054, 10890161, 10874720, 10911746, 10893627, 10906715, 10888606, 10905372, 10837626, 10831528, 10872954, 10895827, 10863277, 10886940, 10882634, 10883793, 10884831, 
Branch dir mis:            42,     25,     25,     24,     24,     24,     24,     24,     24,     24,     24,     24,     24,     24,     24,     24,     24,     24,     24,     24, 
Branch target mis:     31203,  30646,  30641,  30625,  30646,  30642,  30826,  30626,  30645,  30645,  30621,  30645,  30641,  30624,  30645,  30852,  31021,  30643,  30645,  30620, 
Result: 09935579f62d7aa362d58a26a0a72c737a5bd0b1c3d4d56fcc42a5c95e48c766
Expected result: 09935579f62d7aa362d58a26a0a72c737a5bd0b1c3d4d56fcc42a5c95e48c766
Cycle counts:          11779674, 10929509, 10901674, 10893874, 10886093, 10896261, 10854527, 10858009, 10928031, 10882993, 10840727, 10927754, 10914947, 10863663, 10901913, 10848014, 10873622, 10832148, 10857300, 10917630, 
Branch dir mis:            39,     24,     25,     24,     24,     24,     24,     24,     24,     24,     24,     24,     24,     24,     24,     24,     24,     24,     24,     24, 
Branch target mis:     30445,  30646,  30905,  31021,  30621,  30645,  30624,  30646,  30626,  30620,  30645,  30625,  30642,  30641,  30642,  30621,  30901,  31021,  30643,  30641, 
Result: e16ac9c382a69ca3be109bb8cd13cb4333d4bba0927afb57a816a12e54359452
Expected result: e16ac9c382a69ca3be109bb8cd13cb4333d4bba0927afb57a816a12e54359452
Cycle counts:          11712719, 10901610, 10862525, 10861054, 10890161, 10874720, 10911746, 10893627, 10906715, 10888606, 10905372, 10837626, 10831528, 10872954, 10895827, 10863277, 10886940, 10882634, 10883793, 10884831, 
Branch dir mis:            41,     24,     25,     24,     24,     24,     24,     24,     24,     24,     24,     24,     24,     24,     24,     24,     24,     24,     24,     24, 
Branch target mis:     29435,  30642,  30641,  30625,  30646,  30642,  30826,  30626,  30645,  30645,  30621,  30645,  30641,  30624,  30645,  30852,  31021,  30643,  30645,  30620, 
Result: 55147ad02c5f66b0c49781a5f14841149406509f614a099e9f5817525b72011b
Expected result: 55147ad02c5f66b0c49781a5f14841149406509f614a099e9f5817525b72011b
Cycle counts:          11775273, 10929502, 10901685, 10893874, 10886093, 10896261, 10854527, 10858009, 10928031, 10882993, 10840727, 10927754, 10914947, 10863663, 10901913, 10848014, 10873622, 10832148, 10857300, 10917630, 
Branch dir mis:            39,     25,     24,     24,     24,     24,     24,     24,     24,     24,     24,     24,     24,     24,     24,     24,     24,     24,     24,     24, 
Branch target mis:     29383,  30642,  30905,  31021,  30621,  30645,  30624,  30646,  30626,  30620,  30645,  30625,  30642,  30641,  30642,  30621,  30901,  31021,  30643,  30641, 
Result: 1ebd59fb6c84d8d656ad48b1c85b872d1a1ceae041f3078c61c5cedb0d8d8b69
Expected result: 1ebd59fb6c84d8d656ad48b1c85b872d1a1ceae041f3078c61c5cedb0d8d8b69
Cycle counts:          11712715, 10901615, 10862536, 10861054, 10890161, 10874720, 10911746, 10893627, 10906715, 10888606, 10905372, 10837626, 10831528, 10872954, 10895827, 10863277, 10886940, 10882634, 10883793, 10884831, 
Branch dir mis:            40,     25,     24,     24,     24,     24,     24,     24,     24,     24,     24,     24,     24,     24,     24,     24,     24,     24,     24,     24, 
Branch target mis:     29435,  30642,  30641,  30625,  30646,  30642,  30826,  30626,  30645,  30645,  30621,  30645,  30641,  30624,  30645,  30852,  31021,  30643,  30645,  30620, 
Result: 9376f2fb0d1c7b286a6a36f866c80dd23da11bae330ad7c44519ffd01103b57b
Expected result: 9376f2fb0d1c7b286a6a36f866c80dd23da11bae330ad7c44519ffd01103b57b
Cycle counts:          11775270, 10929502, 10901685, 10893874, 10886093, 10896261, 10854527, 10858009, 10928031, 10882993, 10840727, 10927754, 10914947, 10863663, 10901913, 10848014, 10873622, 10832148, 10857300, 10917630, 
Branch dir mis:            38,     25,     24,     24,     24,     24,     24,     24,     24,     24,     24,     24,     24,     24,     24,     24,     24,     24,     24,     24, 
Branch target mis:     29383,  30642,  30905,  31021,  30621,  30645,  30624,  30646,  30626,  30620,  30645,  30625,  30642,  30641,  30642,  30621,  30901,  31021,  30643,  30641, 
Result: 9cd1d057736d7dcc77e920da58292d75888a3cdc1c74da8228948b0849825a6f
Expected result: 9cd1d057736d7dcc77e920da58292d75888a3cdc1c74da8228948b0849825a6f
Cycle counts:          11765261, 10963185, 10867433, 10926402, 10904040, 10887526, 10849378, 10899868, 10855958, 10889086, 10814730, 10883860, 10931801, 10845333, 10948393, 10873652, 10820811, 10879959, 10866509, 10857164, 
Branch dir mis:            40,     25,     24,     24,     24,     24,     24,     24,     24,     24,     24,     24,     24,     24,     24,     24,     24,     24,     24,     24, 
Branch target mis:     29400,  28531,  30625,  30646,  30645,  30624,  30645,  30625,  30624,  30620,  30621,  30624,  30646,  30624,  30856,  30625,  30905,  30646,  30646,  30645, 
Result: 115079f3e4842501f7a03c3266751422b5469bcfd91a4d3d1a36ec75089c0a7f
Expected result: 115079f3e4842501f7a03c3266751422b5469bcfd91a4d3d1a36ec75089c0a7f
Cycle counts:          11775276, 10929502, 10901685, 10893874, 10886093, 10896261, 10854527, 10858009, 10928031, 10882993, 10840727, 10927754, 10914947, 10863663, 10901913, 10848014, 10873622, 10832148, 10857300, 10917630, 
Branch dir mis:            40,     25,     24,     24,     24,     24,     24,     24,     24,     24,     24,     24,     24,     24,     24,     24,     24,     24,     24,     24, 
Branch target mis:     29383,  30642,  30905,  31021,  30621,  30645,  30624,  30646,  30626,  30620,  30645,  30625,  30642,  30641,  30642,  30621,  30901,  31021,  30643,  30641, 
Result: a47d476086cc6376643bf221bc8673063c4f05d71398a7b0444415a9e0d8e853
Expected result: a47d476086cc6376643bf221bc8673063c4f05d71398a7b0444415a9e0d8e853
Cycle counts:          11715824, 10901615, 10862536, 10861054, 10890161, 10874720, 10911746, 10893627, 10906715, 10888606, 10905372, 10837626, 10831528, 10872954, 10895827, 10863277, 10886940, 10882634, 10883793, 10884831, 
Branch dir mis:            41,     25,     24,     24,     24,     24,     24,     24,     24,     24,     24,     24,     24,     24,     24,     24,     24,     24,     24,     24, 
Branch target mis:     31203,  30642,  30641,  30625,  30646,  30642,  30826,  30626,  30645,  30645,  30621,  30645,  30641,  30624,  30645,  30852,  31021,  30643,  30645,  30620, 
Result: c0aac02edaa89eca3a5cfb7afd98f96c18827c4b0532a777abee8ad50c1a0777
Expected result: c0aac02edaa89eca3a5cfb7afd98f96c18827c4b0532a777abee8ad50c1a0777
Cycle counts:          11778555, 10929502, 10901685, 10893874, 10886093, 10896261, 10854527, 10858009, 10928031, 10882993, 10840727, 10927754, 10914947, 10863663, 10901913, 10848014, 10873622, 10832148, 10857300, 10917630, 
Branch dir mis:            39,     25,     24,     24,     24,     24,     24,     24,     24,     24,     24,     24,     24,     24,     24,     24,     24,     24,     24,     24, 
Branch target mis:     31207,  30642,  30905,  31021,  30621,  30645,  30624,  30646,  30626,  30620,  30645,  30625,  30642,  30641,  30642,  30621,  30901,  31021,  30643,  30641, 
Result: 188594bb6aa33ccb508e81573c660f53efa29bb4e92d459dfeb00c5870aef05b
Expected result: 188594bb6aa33ccb508e81573c660f53efa29bb4e92d459dfeb00c5870aef05b
Cycle counts:          11715821, 10901615, 10862536, 10861054, 10890161, 10874720, 10911746, 10893627, 10906715, 10888606, 10905372, 10837626, 10831528, 10872954, 10895827, 10863277, 10886940, 10882634, 10883793, 10884831, 
Branch dir mis:            40,     25,     24,     24,     24,     24,     24,     24,     24,     24,     24,     24,     24,     24,     24,     24,     24,     24,     24,     24, 
Branch target mis:     31203,  30642,  30641,  30625,  30646,  30642,  30826,  30626,  30645,  30645,  30621,  30645,  30641,  30624,  30645,  30852,  31021,  30643,  30645,  30620, 
Result: 9ceb1031ce76d090c9f2ea5103eb8b65067724b6772e7e7eaec200c58a94bc1c
Expected result: 9ceb1031ce76d090c9f2ea5103eb8b65067724b6772e7e7eaec200c58a94bc1c
Cycle counts:          11778555, 10929502, 10901685, 10893874, 10886093, 10896261, 10854527, 10858009, 10928031, 10882993, 10840727, 10927754, 10914947, 10863663, 10901913, 10848014, 10873622, 10832148, 10857300, 10917630, 
Branch dir mis:            39,     25,     24,     24,     24,     24,     24,     24,     24,     24,     24,     24,     24,     24,     24,     24,     24,     24,     24,     24, 
Branch target mis:     31207,  30642,  30905,  31021,  30621,  30645,  30624,  30646,  30626,  30620,  30645,  30625,  30642,  30641,  30642,  30621,  30901,  31021,  30643,  30641, 
Result: 7694500072b4745282a6880236303e42bcade5ce532e6d73412498d2f6489f5c
Expected result: 7694500072b4745282a6880236303e42bcade5ce532e6d73412498d2f6489f5c
Cycle counts:          11712722, 10901622, 10862525, 10861054, 10890161, 10874720, 10911746, 10893627, 10906715, 10888606, 10905372, 10837626, 10831528, 10872954, 10895827, 10863277, 10886940, 10882634, 10883793, 10884831, 
Branch dir mis:            42,     24,     25,     24,     24,     24,     24,     24,     24,     24,     24,     24,     24,     24,     24,     24,     24,     24,     24,     24, 
Branch target mis:     29435,  30646,  30641,  30625,  30646,  30642,  30826,  30626,  30645,  30645,  30621,  30645,  30641,  30624,  30645,  30852,  31021,  30643,  30645,  30620, 
Result: a7a7e724c13435bd9bd606e06ff9d94572495e6c675229808a32e38f199f332c
Expected result: a7a7e724c13435bd9bd606e06ff9d94572495e6c675229808a32e38f199f332c
Cycle counts:          11778559, 10929509, 10901677, 10893874, 10886093, 10896261, 10854527, 10858009, 10928031, 10882993, 10840727, 10927754, 10914947, 10863663, 10901913, 10848014, 10873622, 10832148, 10857300, 10917630, 
Branch dir mis:            40,     24,     26,     24,     24,     24,     24,     24,     24,     24,     24,     24,     24,     24,     24,     24,     24,     24,     24,     24, 
Branch target mis:     31207,  30646,  30905,  31021,  30621,  30645,  30624,  30646,  30626,  30620,  30645,  30625,  30642,  30641,  30642,  30621,  30901,  31021,  30643,  30641, 
Result: 13157411f5db304d9fc4209b3138983d6ceda1e5d5321544b2674e7342c0935c
Expected result: 13157411f5db304d9fc4209b3138983d6ceda1e5d5321544b2674e7342c0935c
Cycle counts:          11715828, 10901625, 10862525, 10861054, 10890161, 10874720, 10911746, 10893627, 10906715, 10888606, 10905372, 10837626, 10831528, 10872954, 10895827, 10863277, 10886940, 10882634, 10883793, 10884831, 
Branch dir mis:            42,     25,     25,     24,     24,     24,     24,     24,     24,     24,     24,     24,     24,     24,     24,     24,     24,     24,     24,     24, 
Branch target mis:     31203,  30646,  30641,  30625,  30646,  30642,  30826,  30626,  30645,  30645,  30621,  30645,  30641,  30624,  30645,  30852,  31021,  30643,  30645,  30620, 
Result: 741512fc3f98e929d6bce2556ce10edf2e7604685986be464a2bcabce24ffb0f
Expected result: 741512fc3f98e929d6bce2556ce10edf2e7604685986be464a2bcabce24ffb0f
Cycle counts:          11775273, 10929502, 10901685, 10893874, 10886093, 10896261, 10854527, 10858009, 10928031, 10882993, 10840727, 10927754, 10914947, 10863663, 10901913, 10848014, 10873622, 10832148, 10857300, 10917630, 
Branch dir mis:            39,     25,     24,     24,     24,     24,     24,     24,     24,     24,     24,     24,     24,     24,     24,     24,     24,     24,     24,     24, 
Branch target mis:     29383,  30642,  30905,  31021,  30621,  30645,  30624,  30646,  30626,  30620,  30645,  30625,  30642,  30641,  30642,  30621,  30901,  31021,  30643,  30641, 
Result: 8e35882ad541729c05c010ff7d08a851b501db451a1ddb54f63a17e778357d77
Expected result: 8e35882ad541729c05c010ff7d08a851b501db451a1ddb54f63a17e778357d77
Cycle counts:          11712722, 10901625, 10862525, 10861054, 10890161, 10874720, 10911746, 10893627, 10906715, 10888606, 10905372, 10837626, 10831528, 10872954, 10895827, 10863277, 10886940, 10882634, 10883793, 10884831, 
Branch dir mis:            42,     25,     25,     24,     24,     24,     24,     24,     24,     24,     24,     24,     24,     24,     24,     24,     24,     24,     24,     24, 
Branch target mis:     29435,  30646,  30641,  30625,  30646,  30642,  30826,  30626,  30645,  30645,  30621,  30645,  30641,  30624,  30645,  30852,  31021,  30643,  30645,  30620, 
Result: 553de664945bf3e53ec38ba818776a51b70cfb07b2039fa763bfe36354c4c97d
Expected result: 553de664945bf3e53ec38ba818776a51b70cfb07b2039fa763bfe36354c4c97d
Cycle counts:          11779674, 10929500, 10901674, 10893874, 10886093, 10896261, 10854527, 10858009, 10928031, 10882993, 10840727, 10927754, 10914947, 10863663, 10901913, 10848014, 10873622, 10832148, 10857300, 10917630, 
Branch dir mis:            39,     25,     25,     24,     24,     24,     24,     24,     24,     24,     24,     24,     24,     24,     24,     24,     24,     24,     24,     24, 
Branch target mis:     30445,  30642,  30905,  31021,  30621,  30645,  30624,  30646,  30626,  30620,  30645,  30625,  30642,  30641,  30642,  30621,  30901,  31021,  30643,  30641, 
Result: 074b792c8d29ea85a5b82b4ed247cf6629eebeb277cfa5c45459f065b3e70210
Expected result: 074b792c8d29ea85a5b82b4ed247cf6629eebeb277cfa5c45459f065b3e70210
Cycle counts:          11715839, 10901625, 10862525, 10861054, 10890161, 10874720, 10911746, 10893627, 10906715, 10888606, 10905372, 10837626, 10831528, 10872954, 10895827, 10863277, 10886940, 10882634, 10883793, 10884831, 
Branch dir mis:            40,     25,     25,     24,     24,     24,     24,     24,     24,     24,     24,     24,     24,     24,     24,     24,     24,     24,     24,     24, 
Branch target mis:     31213,  30646,  30641,  30625,  30646,  30642,  30826,  30626,  30645,  30645,  30621,  30645,  30641,  30624,  30645,  30852,  31021,  30643,  30645,  30620, 
Result: 8c4d21834e3facbc126b7776002b5b88817bfb36887a088fbb1f170e72dd270c
Expected result: 8c4d21834e3facbc126b7776002b5b88817bfb36887a088fbb1f170e72dd270c
Cycle counts:          11778558, 10929502, 10901685, 10893874, 10886093, 10896261, 10854527, 10858009, 10928031, 10882993, 10840727, 10927754, 10914947, 10863663, 10901913, 10848014, 10873622, 10832148, 10857300, 10917630, 
Branch dir mis:            40,     25,     24,     24,     24,     24,     24,     24,     24,     24,     24,     24,     24,     24,     24,     24,     24,     24,     24,     24, 
Branch target mis:     31207,  30642,  30905,  31021,  30621,  30645,  30624,  30646,  30626,  30620,  30645,  30625,  30642,  30641,  30642,  30621,  30901,  31021,  30643,  30641, 
Result: 29eb3f8fca0f952f6fec01986c8316fa810eb65ec3f8cce9309389d34ec43a5f
Expected result: 29eb3f8fca0f952f6fec01986c8316fa810eb65ec3f8cce9309389d34ec43a5f
Cycle counts:          11765464, 10963081, 10867433, 10926402, 10904040, 10887526, 10849378, 10899868, 10855958, 10889086, 10814730, 10883860, 10931801, 10845333, 10948393, 10873652, 10820811, 10879959, 10866509, 10857164, 
Branch dir mis:            41,     26,     24,     24,     24,     24,     24,     24,     24,     24,     24,     24,     24,     24,     24,     24,     24,     24,     24,     24, 
Branch target mis:     29448,  28507,  30625,  30646,  30645,  30624,  30645,  30625,  30624,  30620,  30621,  30624,  30646,  30624,  30856,  30625,  30905,  30646,  30646,  30645, 
Result: fa099fce2d08ee55b35c3fcc871d90b5b0cdba539ec4b7e17fddbde943887767
Expected result: fa099fce2d08ee55b35c3fcc871d90b5b0cdba539ec4b7e17fddbde943887767
Cycle counts:          11778562, 10929497, 10901674, 10893874, 10886093, 10896261, 10854527, 10858009, 10928031, 10882993, 10840727, 10927754, 10914947, 10863663, 10901913, 10848014, 10873622, 10832148, 10857300, 10917630, 
Branch dir mis:            41,     24,     25,     24,     24,     24,     24,     24,     24,     24,     24,     24,     24,     24,     24,     24,     24,     24,     24,     24, 
Branch target mis:     31207,  30642,  30905,  31021,  30621,  30645,  30624,  30646,  30626,  30620,  30645,  30625,  30642,  30641,  30642,  30621,  30901,  31021,  30643,  30641, 
Result: 23a74731b8d4b7ed99b40c78a36d9b7da6c91b3da544698c59bd580da91ccb72
Expected result: 23a74731b8d4b7ed99b40c78a36d9b7da6c91b3da544698c59bd580da91ccb72
Cycle counts:          11715831, 10901622, 10862525, 10861054, 10890161, 10874720, 10911746, 10893627, 10906715, 10888606, 10905372, 10837626, 10831528, 10872954, 10895827, 10863277, 10886940, 10882634, 10883793, 10884831, 
Branch dir mis:            42,     24,     25,     24,     24,     24,     24,     24,     24,     24,     24,     24,     24,     24,     24,     24,     24,     24,     24,     24, 
Branch target mis:     31203,  30646,  30641,  30625,  30646,  30642,  30826,  30626,  30645,  30645,  30621,  30645,  30641,  30624,  30645,  30852,  31021,  30643,  30645,  30620, 
Result: 7f018f3498137b949208730a43a1a301da862d729b1e584343fa5d8a83828e6a
Expected result: 7f018f3498137b949208730a43a1a301da862d729b1e584343fa5d8a83828e6a
Cycle counts:          11778552, 10929502, 10901685, 10893874, 10886093, 10896261, 10854527, 10858009, 10928031, 10882993, 10840727, 10927754, 10914947, 10863663, 10901913, 10848014, 10873622, 10832148, 10857300, 10917630, 
Branch dir mis:            38,     25,     24,     24,     24,     24,     24,     24,     24,     24,     24,     24,     24,     24,     24,     24,     24,     24,     24,     24, 
Branch target mis:     31207,  30642,  30905,  31021,  30621,  30645,  30624,  30646,  30626,  30620,  30645,  30625,  30642,  30641,  30642,  30621,  30901,  31021,  30643,  30641, 
Result: 0359ecd48b4530f8fe9383faa854e627ceee97af2cff86ebcdc0e76fd1605476
Expected result: 0359ecd48b4530f8fe9383faa854e627ceee97af2cff86ebcdc0e76fd1605476
Cycle counts:          11712706, 10901615, 10862536, 10861054, 10890161, 10874720, 10911746, 10893627, 10906715, 10888606, 10905372, 10837626, 10831528, 10872954, 10895827, 10863277, 10886940, 10882634, 10883793, 10884831, 
Branch dir mis:            38,     25,     24,     24,     24,     24,     24,     24,     24,     24,     24,     24,     24,     24,     24,     24,     24,     24,     24,     24, 
Branch target mis:     29433,  30642,  30641,  30625,  30646,  30642,  30826,  30626,  30645,  30645,  30621,  30645,  30641,  30624,  30645,  30852,  31021,  30643,  30645,  30620, 
Result: fb6616a5b73b3b15a91094c53f9227d5338eadbbff89da3c2c0c85d0ed4c723c
Expected result: fb6616a5b73b3b15a91094c53f9227d5338eadbbff89da3c2c0c85d0ed4c723c
Cycle counts:          11775273, 10929502, 10901685, 10893874, 10886093, 10896261, 10854527, 10858009, 10928031, 10882993, 10840727, 10927754, 10914947, 10863663, 10901913, 10848014, 10873622, 10832148, 10857300, 10917630, 
Branch dir mis:            39,     25,     24,     24,     24,     24,     24,     24,     24,     24,     24,     24,     24,     24,     24,     24,     24,     24,     24,     24, 
Branch target mis:     29383,  30642,  30905,  31021,  30621,  30645,  30624,  30646,  30626,  30620,  30645,  30625,  30642,  30641,  30642,  30621,  30901,  31021,  30643,  30641, 
Result: 9575f286aada59082604b98c4730d8fa19f23a0077b09b2de96139a451b35a30
Expected result: 9575f286aada59082604b98c4730d8fa19f23a0077b09b2de96139a451b35a30
Cycle counts:          11712715, 10901615, 10862536, 10861054, 10890161, 10874720, 10911746, 10893627, 10906715, 10888606, 10905372, 10837626, 10831528, 10872954, 10895827, 10863277, 10886940, 10882634, 10883793, 10884831, 
Branch dir mis:            40,     25,     24,     24,     24,     24,     24,     24,     24,     24,     24,     24,     24,     24,     24,     24,     24,     24,     24,     24, 
Branch target mis:     29435,  30642,  30641,  30625,  30646,  30642,  30826,  30626,  30645,  30645,  30621,  30645,  30641,  30624,  30645,  30852,  31021,  30643,  30645,  30620, 
Result: 478ebde75719e032ec64f2c10dc564ececd3f73c310fc92dfec9f2a1433a4f48
Expected result: 478ebde75719e032ec64f2c10dc564ececd3f73c310fc92dfec9f2a1433a4f48
Cycle counts:          11778559, 10929497, 10901674, 10893874, 10886093, 10896261, 10854527, 10858009, 10928031, 10882993, 10840727, 10927754, 10914947, 10863663, 10901913, 10848014, 10873622, 10832148, 10857300, 10917630, 
Branch dir mis:            40,     24,     25,     24,     24,     24,     24,     24,     24,     24,     24,     24,     24,     24,     24,     24,     24,     24,     24,     24, 
Branch target mis:     31207,  30642,  30905,  31021,  30621,  30645,  30624,  30646,  30626,  30620,  30645,  30625,  30642,  30641,  30642,  30621,  30901,  31021,  30643,  30641, 
Result: d6124861c1bc909b61135642de4ce8fca768a7eb5b97071414721a6af2d30672
Expected result: d6124861c1bc909b61135642de4ce8fca768a7eb5b97071414721a6af2d30672
Cycle counts:          11715821, 10901615, 10862536, 10861054, 10890161, 10874720, 10911746, 10893627, 10906715, 10888606, 10905372, 10837626, 10831528, 10872954, 10895827, 10863277, 10886940, 10882634, 10883793, 10884831, 
Branch dir mis:            40,     25,     24,     24,     24,     24,     24,     24,     24,     24,     24,     24,     24,     24,     24,     24,     24,     24,     24,     24, 
Branch target mis:     31203,  30642,  30641,  30625,  30646,  30642,  30826,  30626,  30645,  30645,  30621,  30645,  30641,  30624,  30645,  30852,  31021,  30643,  30645,  30620, 
Result: 901d21ea7ebe9f9515a94c89d1c9410369a964229f499d7be333faec73a86f09
Expected result: 901d21ea7ebe9f9515a94c89d1c9410369a964229f499d7be333faec73a86f09
Cycle counts:          11778562, 10929497, 10901674, 10893874, 10886093, 10896261, 10854527, 10858009, 10928031, 10882993, 10840727, 10927754, 10914947, 10863663, 10901913, 10848014, 10873622, 10832148, 10857300, 10917630, 
Branch dir mis:            40,     24,     25,     24,     24,     24,     24,     24,     24,     24,     24,     24,     24,     24,     24,     24,     24,     24,     24,     24, 
Branch target mis:     31207,  30642,  30905,  31021,  30621,  30645,  30624,  30646,  30626,  30620,  30645,  30625,  30642,  30641,  30642,  30621,  30901,  31021,  30643,  30641, 
Result: b00f729d5f709fa56f66cb247ff8bace1cdd814467817d0626068f9cb9d14250
Expected result: b00f729d5f709fa56f66cb247ff8bace1cdd814467817d0626068f9cb9d14250
Cycle counts:          11715839, 10901622, 10862525, 10861054, 10890161, 10874720, 10911746, 10893627, 10906715, 10888606, 10905372, 10837626, 10831528, 10872954, 10895827, 10863277, 10886940, 10882634, 10883793, 10884831, 
Branch dir mis:            40,     24,     25,     24,     24,     24,     24,     24,     24,     24,     24,     24,     24,     24,     24,     24,     24,     24,     24,     24, 
Branch target mis:     31213,  30646,  30641,  30625,  30646,  30642,  30826,  30626,  30645,  30645,  30621,  30645,  30641,  30624,  30645,  30852,  31021,  30643,  30645,  30620, 
Result: 2fc1a8b3cf95172c4412b6c662acf084bba52ffd8adcf1227e68998ba3898417
Expected result: 2fc1a8b3cf95172c4412b6c662acf084bba52ffd8adcf1227e68998ba3898417
Cycle counts:          11778558, 10929502, 10901685, 10893874, 10886093, 10896261, 10854527, 10858009, 10928031, 10882993, 10840727, 10927754, 10914947, 10863663, 10901913, 10848014, 10873622, 10832148, 10857300, 10917630, 
Branch dir mis:            40,     25,     24,     24,     24,     24,     24,     24,     24,     24,     24,     24,     24,     24,     24,     24,     24,     24,     24,     24, 
Branch target mis:     31207,  30642,  30905,  31021,  30621,  30645,  30624,  30646,  30626,  30620,  30645,  30625,  30642,  30641,  30642,  30621,  30901,  31021,  30643,  30641, 
Result: f63d342433f0faa0c545bb6702ed8f7e08fbf26a01b49a3ccc8fa110c58abe39
Expected result: f63d342433f0faa0c545bb6702ed8f7e08fbf26a01b49a3ccc8fa110c58abe39
Cycle counts:          11712715, 10901615, 10862536, 10861054, 10890161, 10874720, 10911746, 10893627, 10906715, 10888606, 10905372, 10837626, 10831528, 10872954, 10895827, 10863277, 10886940, 10882634, 10883793, 10884831, 
Branch dir mis:            40,     25,     24,     24,     24,     24,     24,     24,     24,     24,     24,     24,     24,     24,     24,     24,     24,     24,     24,     24, 
Branch target mis:     29435,  30642,  30641,  30625,  30646,  30642,  30826,  30626,  30645,  30645,  30621,  30645,  30641,  30624,  30645,  30852,  31021,  30643,  30645,  30620, 
Result: 3510c074aa032864142476d2df8ac2ad0040bb6c722084c48285cf7f873ab714
Expected result: 3510c074aa032864142476d2df8ac2ad0040bb6c722084c48285cf7f873ab714
Cycle counts:          11778565, 10929509, 10901674, 10893874, 10886093, 10896261, 10854527, 10858009, 10928031, 10882993, 10840727, 10927754, 10914947, 10863663, 10901913, 10848014, 10873622, 10832148, 10857300, 10917630, 
Branch dir mis:            41,     24,     25,     24,     24,     24,     24,     24,     24,     24,     24,     24,     24,     24,     24,     24,     24,     24,     24,     24, 
Branch target mis:     31207,  30646,  30905,  31021,  30621,  30645,  30624,  30646,  30626,  30620,  30645,  30625,  30642,  30641,  30642,  30621,  30901,  31021,  30643,  30641, 
Result: 30b25d42ba9eac9adcb2685a14ab8b019e76da913940d5a1c57d10ade90b264c
Expected result: 30b25d42ba9eac9adcb2685a14ab8b019e76da913940d5a1c57d10ade90b264c
Cycle counts:          11715824, 10901615, 10862536, 10861054, 10890161, 10874720, 10911746, 10893627, 10906715, 10888606, 10905372, 10837626, 10831528, 10872954, 10895827, 10863277, 10886940, 10882634, 10883793, 10884831, 
Branch dir mis:            41,     25,     24,     24,     24,     24,     24,     24,     24,     24,     24,     24,     24,     24,     24,     24,     24,     24,     24,     24, 
Branch target mis:     31203,  30642,  30641,  30625,  30646,  30642,  30826,  30626,  30645,  30645,  30621,  30645,  30641,  30624,  30645,  30852,  31021,  30643,  30645,  30620, 
Result: 83f2ef4f5899bd6812632c8db6e9f1d0fd3ba7e632b431c69d13c3b587990363
Expected result: 83f2ef4f5899bd6812632c8db6e9f1d0fd3ba7e632b431c69d13c3b587990363
Cycle counts:          11778555, 10929502, 10901685, 10893874, 10886093, 10896261, 10854527, 10858009, 10928031, 10882993, 10840727, 10927754, 10914947, 10863663, 10901913, 10848014, 10873622, 10832148, 10857300, 10917630, 
Branch dir mis:            39,     25,     24,     24,     24,     24,     24,     24,     24,     24,     24,     24,     24,     24,     24,     24,     24,     24,     24,     24, 
Branch target mis:     31207,  30642,  30905,  31021,  30621,  30645,  30624,  30646,  30626,  30620,  30645,  30625,  30642,  30641,  30642,  30621,  30901,  31021,  30643,  30641, 
Result: aad5fbd658fad22c414bb718b75b68616288fa0282dd7abf6fa1189d79fe7b6a
Expected result: aad5fbd658fad22c414bb718b75b68616288fa0282dd7abf6fa1189d79fe7b6a
Cycle counts:          11715821, 10901615, 10862536, 10861054, 10890161, 10874720, 10911746, 10893627, 10906715, 10888606, 10905372, 10837626, 10831528, 10872954, 10895827, 10863277, 10886940, 10882634, 10883793, 10884831, 
Branch dir mis:            40,     25,     24,     24,     24,     24,     24,     24,     24,     24,     24,     24,     24,     24,     24,     24,     24,     24,     24,     24, 
Branch target mis:     31203,  30642,  30641,  30625,  30646,  30642,  30826,  30626,  30645,  30645,  30621,  30645,  30641,  30624,  30645,  30852,  31021,  30643,  30645,  30620, 
Result: da49bd7d5f64c9c394a2cc22608f30d4c7a03e78b2e44d573be5f68991250e36
Expected result: da49bd7d5f64c9c394a2cc22608f30d4c7a03e78b2e44d573be5f68991250e36
Cycle counts:          11778555, 10929502, 10901685, 10893874, 10886093, 10896261, 10854527, 10858009, 10928031, 10882993, 10840727, 10927754, 10914947, 10863663, 10901913, 10848014, 10873622, 10832148, 10857300, 10917630, 
Branch dir mis:            39,     25,     24,     24,     24,     24,     24,     24,     24,     24,     24,     24,     24,     24,     24,     24,     24,     24,     24,     24, 
Branch target mis:     31207,  30642,  30905,  31021,  30621,  30645,  30624,  30646,  30626,  30620,  30645,  30625,  30642,  30641,  30642,  30621,  30901,  31021,  30643,  30641, 
Result: 7d648ba7ae9e2884b7bc7ced6721955342a0821b896fd9802eea8a767926364f
Expected result: 7d648ba7ae9e2884b7bc7ced6721955342a0821b896fd9802eea8a767926364f
Cycle counts:          11712715, 10901615, 10862536, 10861054, 10890161, 10874720, 10911746, 10893627, 10906715, 10888606, 10905372, 10837626, 10831528, 10872954, 10895827, 10863277, 10886940, 10882634, 10883793, 10884831, 
Branch dir mis:            40,     25,     24,     24,     24,     24,     24,     24,     24,     24,     24,     24,     24,     24,     24,     24,     24,     24,     24,     24, 
Branch target mis:     29435,  30642,  30641,  30625,  30646,  30642,  30826,  30626,  30645,  30645,  30621,  30645,  30641,  30624,  30645,  30852,  31021,  30643,  30645,  30620, 
Result: 24450957f23dc096e5cabd7e0c08a01f3a6e7f0a35a9a31886f80e77c17a5155
Expected result: 24450957f23dc096e5cabd7e0c08a01f3a6e7f0a35a9a31886f80e77c17a5155
ATE0-->CMD Length Timed Out Busy
 Send sync error AT+BLEINIT=0-->OK
Cycle counts:          11715828, 10901615, 10862536, 10861054, 10890161, 10874720, 10911746, 10893627, 10906715, 10888606, 10905372, 10837626, 10831528, 10872954, 10895827, 10863277, 10886940, 10882634, 10883793, 10884831, 
Branch dir mis:            39,     25,     24,     24,     24,     24,     24,     24,     24,     24,     24,     24,     24,     24,     24,     24,     24,     24,     24,     24, 
Branch target mis:     31209,  30642,  30641,  30625,  30646,  30642,  30826,  30626,  30645,  30645,  30621,  30645,  30641,  30624,  30645,  30852,  31021,  30643,  30645,  30620, 
Result: 436622c62f70ec284a04321367c315b05e6b718ccae5d99ac07b1411b9b2fd76
Expected result: 436622c62f70ec284a04321367c315b05e6b718ccae5d99ac07b1411b9b2fd76
Cycle counts:          11712710, 10901610, 10862525, 10861054, 10890161, 10874720, 10911746, 10893627, 10906715, 10888606, 10905372, 10837626, 10831528, 10872954, 10895827, 10863277, 10886940, 10882634, 10883793, 10884831, 
Branch dir mis:            40,     24,     25,     24,     24,     24,     24,     24,     24,     24,     24,     24,     24,     24,     24,     24,     24,     24,     24,     24, 
Branch target mis:     29433,  30642,  30641,  30625,  30646,  30642,  30826,  30626,  30645,  30645,  30621,  30645,  30641,  30624,  30645,  30852,  31021,  30643,  30645,  30620, 
Result: d0521810d1aa944342349633675bfe1a5b860339d3230a8eaf59c968119ed56f
Expected result: d0521810d1aa944342349633675bfe1a5b860339d3230a8eaf59c968119ed56f
Cycle counts:          11775273, 10929502, 10901685, 10893874, 10886093, 10896261, 10854527, 10858009, 10928031, 10882993, 10840727, 10927754, 10914947, 10863663, 10901913, 10848014, 10873622, 10832148, 10857300, 10917630, 
Branch dir mis:            39,     25,     24,     24,     24,     24,     24,     24,     24,     24,     24,     24,     24,     24,     24,     24,     24,     24,     24,     24, 
Branch target mis:     29383,  30642,  30905,  31021,  30621,  30645,  30624,  30646,  30626,  30620,  30645,  30625,  30642,  30641,  30642,  30621,  30901,  31021,  30643,  30641, 
Result: b00b7c57a6eb885c16a297c999c5b0458dea7b4338d8d45e8bbdb5db83d76763
Expected result: b00b7c57a6eb885c16a297c999c5b0458dea7b4338d8d45e8bbdb5db83d76763
Cycle counts:          11715828, 10901615, 10862536, 10861054, 10890161, 10874720, 10911746, 10893627, 10906715, 10888606, 10905372, 10837626, 10831528, 10872954, 10895827, 10863277, 10886940, 10882634, 10883793, 10884831, 
Branch dir mis:            39,     25,     24,     24,     24,     24,     24,     24,     24,     24,     24,     24,     24,     24,     24,     24,     24,     24,     24,     24, 
Branch target mis:     31209,  30642,  30641,  30625,  30646,  30642,  30826,  30626,  30645,  30645,  30621,  30645,  30641,  30624,  30645,  30852,  31021,  30643,  30645,  30620, 
Result: df7cf01ecfe9a93d253976926e8bb1b263d090d367d697459f9b87ddbb6ffa68
Expected result: df7cf01ecfe9a93d253976926e8bb1b263d090d367d697459f9b87ddbb6ffa68
Cycle counts:          11775273, 10929502, 10901685, 10893874, 10886093, 10896261, 10854527, 10858009, 10928031, 10882993, 10840727, 10927754, 10914947, 10863663, 10901913, 10848014, 10873622, 10832148, 10857300, 10917630, 
Branch dir mis:            39,     25,     24,     24,     24,     24,     24,     24,     24,     24,     24,     24,     24,     24,     24,     24,     24,     24,     24,     24, 
Branch target mis:     29383,  30642,  30905,  31021,  30621,  30645,  30624,  30646,  30626,  30620,  30645,  30625,  30642,  30641,  30642,  30621,  30901,  31021,  30643,  30641, 
Result: 24f28ffd41449ccb8f6c943504da7caaf38ee648fee35c84aa1e5f03dd27da2e
Expected result: 24f28ffd41449ccb8f6c943504da7caaf38ee648fee35c84aa1e5f03dd27da2e
Cycle counts:          11712719, 10901610, 10862525, 10861054, 10890161, 10874720, 10911746, 10893627, 10906715, 10888606, 10905372, 10837626, 10831528, 10872954, 10895827, 10863277, 10886940, 10882634, 10883793, 10884831, 
Branch dir mis:            41,     24,     25,     24,     24,     24,     24,     24,     24,     24,     24,     24,     24,     24,     24,     24,     24,     24,     24,     24, 
Branch target mis:     29435,  30642,  30641,  30625,  30646,  30642,  30826,  30626,  30645,  30645,  30621,  30645,  30641,  30624,  30645,  30852,  31021,  30643,  30645,  30620, 
Result: 26e3f7475f26504b391a4a572563d2c89d55ae71210a6602ac2696d4647afd65
Expected result: 26e3f7475f26504b391a4a572563d2c89d55ae71210a6602ac2696d4647afd65
Cycle counts:          11779674, 10929500, 10901674, 10893874, 10886093, 10896261, 10854527, 10858009, 10928031, 10882993, 10840727, 10927754, 10914947, 10863663, 10901913, 10848014, 10873622, 10832148, 10857300, 10917630, 
Branch dir mis:            39,     25,     25,     24,     24,     24,     24,     24,     24,     24,     24,     24,     24,     24,     24,     24,     24,     24,     24,     24, 
Branch target mis:     30445,  30642,  30905,  31021,  30621,  30645,  30624,  30646,  30626,  30620,  30645,  30625,  30642,  30641,  30642,  30621,  30901,  31021,  30643,  30641, 
Result: b2cd67daaec3e682041905125ac2a51b8d073cf8272a719c9c66aa301d6ac316
Expected result: 0dc314036a2592d8ea0d1c0799367f42a5ae7b8fda4c18e817bf91b14ed24c5b
