[1F[0J[?25h[0;39;49mBench Clock Reset Complete
ATE0-->ATE0
OK
AT+BLEINIT=0-->OK
AT+CWMODE=0-->OK
Cycle counts:          652989, 364489, 364488, 364870, 364863, 364863, 364863, 364863, 364863, 364863, 364863, 364863, 364863, 364863, 364863, 364863, 364863, 364863, 364863, 364863, 364863, 364863, 364863, 364863, 364863, 364863, 364863, 364863, 364863, 364863, 364863, 364863, 364863, 364863, 364863, 364863, 364863, 364863, 364863, 364863, 364863, 364863, 364863, 364863, 364863, 364863, 364863, 364863, 364863, 364863, 
Branch mispredictions:           245,    361,    362,    489,    487,    487,    487,    487,    487,    487,    487,    487,    487,    487,    487,    487,    487,    487,    487,    487,    487,    487,    487,    487,    487,    487,    487,    487,    487,    487,    487,    487,    487,    487,    487,    487,    487,    487,    487,    487,    487,    487,    487,    487,    487,    487,    487,    487,    487,    487, 
ICache misses:       133,      0,      0,      0,      0,      0,      0,      0,      0,      0,      0,      0,      0,      0,      0,      0,      0,      0,      0,      0,      0,      0,      0,      0,      0,      0,      0,      0,      0,      0,      0,      0,      0,      0,      0,      0,      0,      0,      0,      0,      0,      0,      0,      0,      0,      0,      0,      0,      0,      0, 
Result: a1700d8cf66798a1f6a59db7eb322c9e
Expected result: 0xa1, 0x70, 0x0d, 0x8c, 0xf6, 0x67, 0x98, 0xa1, 0xf6, 0xa5, 0x9d, 0xb7, 0xeb, 0x32, 0x2c, 0x9e
[1F[0J[?25h[0;39;49mBench Clock Reset Complete
ATE0-->ATE0
OK
AT+BLEINIT=0-->OK
AT+CWMODE=0-->OK
Cycle counts:          654143, 363543, 363548, 363921, 364484, 364868, 364868, 364868, 364868, 364868, 364868, 364868, 364868, 364868, 364868, 364868, 364868, 364868, 364868, 364868, 364868, 364868, 364868, 364868, 364868, 364868, 364868, 364868, 364868, 364868, 364868, 364868, 364868, 364868, 364868, 364868, 364868, 364868, 364868, 364868, 364868, 364868, 364868, 364868, 364868, 364868, 364868, 364868, 364868, 364868, 
Branch mispredictions:           629,     46,     49,    173,    361,    489,    489,    489,    489,    489,    489,    489,    489,    489,    489,    489,    489,    489,    489,    489,    489,    489,    489,    489,    489,    489,    489,    489,    489,    489,    489,    489,    489,    489,    489,    489,    489,    489,    489,    489,    489,    489,    489,    489,    489,    489,    489,    489,    489,    489, 
ICache misses:       133,      0,      0,      0,      0,      0,      0,      0,      0,      0,      0,      0,      0,      0,      0,      0,      0,      0,      0,      0,      0,      0,      0,      0,      0,      0,      0,      0,      0,      0,      0,      0,      0,      0,      0,      0,      0,      0,      0,      0,      0,      0,      0,      0,      0,      0,      0,      0,      0,      0, 
Result: fa17445a520405175954cbd53c738b0b
Expected result: 0xfa, 0x17, 0x44, 0x5a, 0x52, 0x04, 0x05, 0x17, 0x59, 0x54, 0xcb, 0xd5, 0x3c, 0x73, 0x8b, 0x0b
[1F[0J[?25h[0;39;49mBench Clock Reset Complete
ATE0-->OK
AT+BLEINIT=0-->OK
AT+CWMODE=0-->OK
Cycle counts:          654321, 363544, 364294, 363917, 364867, 364867, 364867, 364867, 364867, 364867, 364867, 364867, 364867, 364867, 364867, 364867, 364867, 364867, 364867, 364867, 364867, 364867, 364867, 364867, 364867, 364867, 364867, 364867, 364867, 364867, 364867, 364867, 364867, 364867, 364867, 364867, 364867, 364867, 364867, 364867, 364867, 364867, 364867, 364867, 364867, 364867, 364867, 364867, 364867, 364867, 
Branch mispredictions:           689,     46,    297,    171,    488,    488,    488,    488,    488,    488,    488,    488,    488,    488,    488,    488,    488,    488,    488,    488,    488,    488,    488,    488,    488,    488,    488,    488,    488,    488,    488,    488,    488,    488,    488,    488,    488,    488,    488,    488,    488,    488,    488,    488,    488,    488,    488,    488,    488,    488, 
ICache misses:       133,      0,      0,      0,      0,      0,      0,      0,      0,      0,      0,      0,      0,      0,      0,      0,      0,      0,      0,      0,      0,      0,      0,      0,      0,      0,      0,      0,      0,      0,      0,      0,      0,      0,      0,      0,      0,      0,      0,      0,      0,      0,      0,      0,      0,      0,      0,      0,      0,      0, 
Result: e24b09249374c8595216830dbc63221a
Expected result: 0xe2, 0x4b, 0x09, 0x24, 0x93, 0x74, 0xc8, 0x59, 0x52, 0x16, 0x83, 0x0d, 0xbc, 0x63, 0x22, 0x1a
[1F[0J[?25h[0;39;49mBench Clock Reset Complete
ATE0-->ATE0
OK
AT+BLEINIT=0-->OK
AT+CWMODE=0-->OK
Cycle counts:          654331, 363543, 364113, 363919, 363543, 365046, 364860, 364860, 364860, 364860, 364860, 364860, 364860, 364860, 364860, 364860, 364860, 364860, 364860, 364860, 364860, 364860, 364860, 364860, 364860, 364860, 364860, 364860, 364860, 364860, 364860, 364860, 364860, 364860, 364860, 364860, 364860, 364860, 364860, 364860, 364860, 364860, 364860, 364860, 364860, 364860, 364860, 364860, 364860, 364860, 
Branch mispredictions:           692,     46,    237,    172,     47,    548,    486,    486,    486,    486,    486,    486,    486,    486,    486,    486,    486,    486,    486,    486,    486,    486,    486,    486,    486,    486,    486,    486,    486,    486,    486,    486,    486,    486,    486,    486,    486,    486,    486,    486,    486,    486,    486,    486,    486,    486,    486,    486,    486,    486, 
ICache misses:       133,      0,      0,      0,      0,      0,      0,      0,      0,      0,      0,      0,      0,      0,      0,      0,      0,      0,      0,      0,      0,      0,      0,      0,      0,      0,      0,      0,      0,      0,      0,      0,      0,      0,      0,      0,      0,      0,      0,      0,      0,      0,      0,      0,      0,      0,      0,      0,      0,      0, 
Result: eb932c887dc15901849a9a1c4d8b4ad7
Expected result: 0xeb, 0x93, 0x2c, 0x88, 0x7d, 0xc1, 0x59, 0x01, 0x84, 0x9a, 0x9a, 0x1c, 0x4d, 0x8b, 0x4a, 0xd7
[1F[0J[?25h[0;39;49mBench Clock Reset Complete
ATE0-->OK
AT+BLEINIT=0-->OK
AT+CWMODE=0-->OK
Cycle counts:          654138, 363541, 364489, 364475, 364468, 364471, 364468, 364867, 364867, 364867, 364867, 364867, 364867, 364867, 364867, 364867, 364867, 364867, 364867, 364867, 364867, 364867, 364867, 364867, 364867, 364867, 364867, 364867, 364867, 364867, 364867, 364867, 364867, 364867, 364867, 364867, 364867, 364867, 364867, 364867, 364867, 364867, 364867, 364867, 364867, 364867, 364867, 364867, 364867, 364867, 
Branch mispredictions:           628,     45,    362,    357,    355,    356,    355,    488,    488,    488,    488,    488,    488,    488,    488,    488,    488,    488,    488,    488,    488,    488,    488,    488,    488,    488,    488,    488,    488,    488,    488,    488,    488,    488,    488,    488,    488,    488,    488,    488,    488,    488,    488,    488,    488,    488,    488,    488,    488,    488, 
ICache misses:       133,      0,      0,      0,      0,      0,      0,      0,      0,      0,      0,      0,      0,      0,      0,      0,      0,      0,      0,      0,      0,      0,      0,      0,      0,      0,      0,      0,      0,      0,      0,      0,      0,      0,      0,      0,      0,      0,      0,      0,      0,      0,      0,      0,      0,      0,      0,      0,      0,      0, 
Result: 2e771a36e942fd1d15c3978d41070ddf
Expected result: 0x2e, 0x77, 0x1a, 0x36, 0xe9, 0x42, 0xfd, 0x1d, 0x15, 0xc3, 0x97, 0x8d, 0x41, 0x07, 0x0d, 0xdf
[1F[0J[?25h[0;39;49mBench Clock Reset Complete
ATE0-->ATE0
OK
AT+BLEINIT=0-->OK
AT+CWMODE=0-->OK
Cycle counts:          652997, 364485, 365055, 364477, 364473, 363534, 363534, 363534, 363534, 363534, 363534, 363534, 363534, 363534, 363534, 363534, 363534, 363534, 363534, 363534, 363534, 363534, 363534, 363534, 363534, 363534, 363534, 363534, 363534, 363534, 363534, 363534, 363534, 363534, 363534, 363534, 363534, 363534, 363534, 363534, 363534, 363534, 363534, 363534, 363534, 363534, 363534, 363534, 363534, 363534, 
Branch mispredictions:           247,    360,    551,    358,    357,     44,     44,     44,     44,     44,     44,     44,     44,     44,     44,     44,     44,     44,     44,     44,     44,     44,     44,     44,     44,     44,     44,     44,     44,     44,     44,     44,     44,     44,     44,     44,     44,     44,     44,     44,     44,     44,     44,     44,     44,     44,     44,     44,     44,     44, 
ICache misses:       133,      0,      0,      0,      0,      0,      0,      0,      0,      0,      0,      0,      0,      0,      0,      0,      0,      0,      0,      0,      0,      0,      0,      0,      0,      0,      0,      0,      0,      0,      0,      0,      0,      0,      0,      0,      0,      0,      0,      0,      0,      0,      0,      0,      0,      0,      0,      0,      0,      0, 
Result: 62d133289cbb63daf0ad0f4fc32fcd73
Expected result: 0x62, 0xd1, 0x33, 0x28, 0x9c, 0xbb, 0x63, 0xda, 0xf0, 0xad, 0x0f, 0x4f, 0xc3, 0x2f, 0xcd, 0x73
[1F[0J[?25h[0;39;49mBench Clock Reset Complete
ATE0-->OK
AT+BLEINIT=0-->OK
AT+CWMODE=0-->OK
Cycle counts:          654151, 364486, 364482, 363536, 363532, 363532, 363529, 363529, 363529, 363529, 363529, 363529, 363529, 363529, 363529, 363529, 363529, 363529, 363529, 363529, 363529, 363529, 363529, 363529, 363529, 363529, 363529, 363529, 363529, 363529, 363529, 363529, 363529, 363529, 363529, 363529, 363529, 363529, 363529, 363529, 363529, 363529, 363529, 363529, 363529, 363529, 363529, 363529, 363529, 363529, 
Branch mispredictions:           632,    360,    360,     44,     43,     43,     42,     42,     42,     42,     42,     42,     42,     42,     42,     42,     42,     42,     42,     42,     42,     42,     42,     42,     42,     42,     42,     42,     42,     42,     42,     42,     42,     42,     42,     42,     42,     42,     42,     42,     42,     42,     42,     42,     42,     42,     42,     42,     42,     42, 
ICache misses:       133,      0,      0,      0,      0,      0,      0,      0,      0,      0,      0,      0,      0,      0,      0,      0,      0,      0,      0,      0,      0,      0,      0,      0,      0,      0,      0,      0,      0,      0,      0,      0,      0,      0,      0,      0,      0,      0,      0,      0,      0,      0,      0,      0,      0,      0,      0,      0,      0,      0, 
Result: b246b9591731921424b3ac08ada366c1
Expected result: 0xb2, 0x46, 0xb9, 0x59, 0x17, 0x31, 0x92, 0x14, 0x24, 0xb3, 0xac, 0x08, 0xad, 0xa3, 0x66, 0xc1
[1F[0J[?25h[0;39;49mBench Clock Reset Complete
ATE0--> Send Flag error: #0 #0 #0 #0 AT+BLEINIT=0-->AT+BLEINIT=0
OK
AT+CWMODE=0-->AT+CWMODE=0
OK
Cycle counts:          653001, 363543, 364116, 363538, 363534, 363531, 363531, 363534, 363534, 363531, 363531, 363534, 363534, 363531, 363531, 363534, 363534, 363531, 363531, 363534, 363534, 363531, 363531, 363534, 363534, 363531, 363531, 363534, 363534, 363531, 363531, 363534, 363534, 363531, 363531, 363534, 363534, 363531, 363531, 363534, 363534, 363531, 363531, 363534, 363534, 363531, 363531, 363534, 363534, 363531, 
Branch mispredictions:           249,     46,    238,     45,     44,     43,     43,     44,     44,     43,     43,     44,     44,     43,     43,     44,     44,     43,     43,     44,     44,     43,     43,     44,     44,     43,     43,     44,     44,     43,     43,     44,     44,     43,     43,     44,     44,     43,     43,     44,     44,     43,     43,     44,     44,     43,     43,     44,     44,     43, 
ICache misses:       133,      0,      0,      0,      0,      0,      0,      0,      0,      0,      0,      0,      0,      0,      0,      0,      0,      0,      0,      0,      0,      0,      0,      0,      0,      0,      0,      0,      0,      0,      0,      0,      0,      0,      0,      0,      0,      0,      0,      0,      0,      0,      0,      0,      0,      0,      0,      0,      0,      0, 
Result: 9580e731e20aaa7de3a14b9c3d2bce77
Expected result: 0x95, 0x80, 0xe7, 0x31, 0xe2, 0x0a, 0xaa, 0x7d, 0xe3, 0xa1, 0x4b, 0x9c, 0x3d, 0x2b, 0xce, 0x77
[1F[0J[?25h[0;39;49mBench Clock Reset Complete
ATE0-->ATE0
OK
AT+BLEINIT=0-->OK
AT+CWMODE=0-->OK
Cycle counts:          654133, 365247, 364488, 364477, 364473, 363534, 363534, 363531, 363531, 363534, 363534, 363531, 363531, 363534, 363534, 363531, 363531, 363534, 363534, 363531, 363531, 363534, 363534, 363531, 363531, 363534, 363534, 363531, 363531, 363534, 363534, 363531, 363531, 363534, 363534, 363531, 363531, 363534, 363534, 363531, 363531, 363534, 363534, 363531, 363531, 363534, 363534, 363531, 363531, 363534, 
Branch mispredictions:           626,    614,    362,    358,    357,     44,     44,     43,     43,     44,     44,     43,     43,     44,     44,     43,     43,     44,     44,     43,     43,     44,     44,     43,     43,     44,     44,     43,     43,     44,     44,     43,     43,     44,     44,     43,     43,     44,     44,     43,     43,     44,     44,     43,     43,     44,     44,     43,     43,     44, 
ICache misses:       133,      0,      0,      0,      0,      0,      0,      0,      0,      0,      0,      0,      0,      0,      0,      0,      0,      0,      0,      0,      0,      0,      0,      0,      0,      0,      0,      0,      0,      0,      0,      0,      0,      0,      0,      0,      0,      0,      0,      0,      0,      0,      0,      0,      0,      0,      0,      0,      0,      0, 
Result: 0e3c29832d7f5209be8da50ee3cfc8c7
Expected result: 0x0e, 0x3c, 0x29, 0x83, 0x2d, 0x7f, 0x52, 0x09, 0xbe, 0x8d, 0xa5, 0x0e, 0xe3, 0xcf, 0xc8, 0xc7
[1F[0J[?25h[0;39;49mBench Clock Reset Complete
ATE0-->ATE0
OK
AT+BLEINIT=0-->OK
AT+CWMODE=0-->OK
Cycle counts:          654328, 364485, 364113, 363535, 363531, 363534, 363534, 363534, 363534, 363534, 363534, 363534, 363534, 363534, 363534, 363534, 363534, 363534, 363534, 363534, 363534, 363534, 363534, 363534, 363534, 363534, 363534, 363534, 363534, 363534, 363534, 363534, 363534, 363534, 363534, 363534, 363534, 363534, 363534, 363534, 363534, 363534, 363534, 363534, 363534, 363534, 363534, 363534, 363534, 363534, 
Branch mispredictions:           691,    360,    237,     44,     43,     44,     44,     44,     44,     44,     44,     44,     44,     44,     44,     44,     44,     44,     44,     44,     44,     44,     44,     44,     44,     44,     44,     44,     44,     44,     44,     44,     44,     44,     44,     44,     44,     44,     44,     44,     44,     44,     44,     44,     44,     44,     44,     44,     44,     44, 
ICache misses:       133,      0,      0,      0,      0,      0,      0,      0,      0,      0,      0,      0,      0,      0,      0,      0,      0,      0,      0,      0,      0,      0,      0,      0,      0,      0,      0,      0,      0,      0,      0,      0,      0,      0,      0,      0,      0,      0,      0,      0,      0,      0,      0,      0,      0,      0,      0,      0,      0,      0, 
Result: a50c4cce4a4c18fe9e7ee5ef4ddd585f
Expected result: 0xa5, 0x0c, 0x4c, 0xce, 0x4a, 0x4c, 0x18, 0xfe, 0x9e, 0x7e, 0xe5, 0xef, 0x4d, 0xdd, 0x58, 0x5f
[1F[0J[?25h[0;39;49mBench Clock Reset Complete
ATE0-->OK
AT+BLEINIT=0-->OK
AT+CWMODE=0-->OK
Cycle counts:          654139, 364483, 364479, 364478, 364471, 363532, 363532, 363532, 363532, 363529, 363529, 363532, 363532, 363529, 363529, 363532, 363532, 363529, 363529, 363532, 363532, 363529, 363529, 363532, 363532, 363529, 363529, 363532, 363532, 363529, 363529, 363532, 363532, 363529, 363529, 363532, 363532, 363529, 363529, 363532, 363532, 363529, 363529, 363532, 363532, 363529, 363529, 363532, 363532, 363529, 
Branch mispredictions:           628,    359,    359,    358,    356,     43,     43,     43,     43,     42,     42,     43,     43,     42,     42,     43,     43,     42,     42,     43,     43,     42,     42,     43,     43,     42,     42,     43,     43,     42,     42,     43,     43,     42,     42,     43,     43,     42,     42,     43,     43,     42,     42,     43,     43,     42,     42,     43,     43,     42, 
ICache misses:       133,      0,      0,      0,      0,      0,      0,      0,      0,      0,      0,      0,      0,      0,      0,      0,      0,      0,      0,      0,      0,      0,      0,      0,      0,      0,      0,      0,      0,      0,      0,      0,      0,      0,      0,      0,      0,      0,      0,      0,      0,      0,      0,      0,      0,      0,      0,      0,      0,      0, 
Result: 952ca43231047ae1e085b4e4ed7083a2
Expected result: 0x95, 0x2c, 0xa4, 0x32, 0x31, 0x04, 0x7a, 0xe1, 0xe0, 0x85, 0xb4, 0xe4, 0xed, 0x70, 0x83, 0xa2
[1F[0J[?25h[0;39;49mBench Clock Reset Complete
ATE0-->ATE0
OK
AT+BLEINIT=0-->OK
AT+CWMODE=0-->OK
Cycle counts:          654133, 364485, 364116, 363538, 363534, 363534, 363534, 363534, 363534, 363534, 363534, 363534, 363534, 363534, 363534, 363534, 363534, 363534, 363534, 363534, 363534, 363534, 363534, 363534, 363534, 363534, 363534, 363534, 363534, 363534, 363534, 363534, 363534, 363534, 363534, 363534, 363534, 363534, 363534, 363534, 363534, 363534, 363534, 363534, 363534, 363534, 363534, 363534, 363534, 363534, 
Branch mispredictions:           626,    360,    238,     45,     44,     44,     44,     44,     44,     44,     44,     44,     44,     44,     44,     44,     44,     44,     44,     44,     44,     44,     44,     44,     44,     44,     44,     44,     44,     44,     44,     44,     44,     44,     44,     44,     44,     44,     44,     44,     44,     44,     44,     44,     44,     44,     44,     44,     44,     44, 
ICache misses:       133,      0,      0,      0,      0,      0,      0,      0,      0,      0,      0,      0,      0,      0,      0,      0,      0,      0,      0,      0,      0,      0,      0,      0,      0,      0,      0,      0,      0,      0,      0,      0,      0,      0,      0,      0,      0,      0,      0,      0,      0,      0,      0,      0,      0,      0,      0,      0,      0,      0, 
Result: 8ea48dd6a2631d7a89518c50dac1d076
Expected result: 0x8e, 0xa4, 0x8d, 0xd6, 0xa2, 0x63, 0x1d, 0x7a, 0x89, 0x51, 0x8c, 0x50, 0xda, 0xc1, 0xd0, 0x76
[1F[0J[?25h[0;39;49mBench Clock Reset Complete
ATE0-->OK
AT+BLEINIT=0-->OK
AT+CWMODE=0-->OK
Cycle counts:          654139, 364485, 364116, 363538, 363531, 363531, 363531, 363534, 363534, 363531, 363531, 363534, 363534, 363531, 363531, 363534, 363534, 363531, 363531, 363534, 363534, 363531, 363531, 363534, 363534, 363531, 363531, 363534, 363534, 363531, 363531, 363534, 363534, 363531, 363531, 363534, 363534, 363531, 363531, 363534, 363534, 363531, 363531, 363534, 363534, 363531, 363531, 363534, 363534, 363531, 
Branch mispredictions:           628,    360,    238,     45,     43,     43,     43,     44,     44,     43,     43,     44,     44,     43,     43,     44,     44,     43,     43,     44,     44,     43,     43,     44,     44,     43,     43,     44,     44,     43,     43,     44,     44,     43,     43,     44,     44,     43,     43,     44,     44,     43,     43,     44,     44,     43,     43,     44,     44,     43, 
ICache misses:       133,      0,      0,      0,      0,      0,      0,      0,      0,      0,      0,      0,      0,      0,      0,      0,      0,      0,      0,      0,      0,      0,      0,      0,      0,      0,      0,      0,      0,      0,      0,      0,      0,      0,      0,      0,      0,      0,      0,      0,      0,      0,      0,      0,      0,      0,      0,      0,      0,      0, 
Result: 1335cc22d6bde12379c5592f6237c839
Expected result: 0x13, 0x35, 0xcc, 0x22, 0xd6, 0xbd, 0xe1, 0x23, 0x79, 0xc5, 0x59, 0x2f, 0x62, 0x37, 0xc8, 0x39
[1F[0J[?25h[0;39;49mBench Clock Reset Complete
ATE0-->ATE0
OK
AT+BLEINIT=0-->OK
AT+CWMODE=0-->OK
Cycle counts:          652993, 364485, 364116, 363538, 363534, 363534, 363534, 363534, 363534, 363534, 363534, 363534, 363534, 363534, 363534, 363534, 363534, 363534, 363534, 363534, 363534, 363534, 363534, 363534, 363534, 363534, 363534, 363534, 363534, 363534, 363534, 363534, 363534, 363534, 363534, 363534, 363534, 363534, 363534, 363534, 363534, 363534, 363534, 363534, 363534, 363534, 363534, 363534, 363534, 363534, 
Branch mispredictions:           246,    360,    238,     45,     44,     44,     44,     44,     44,     44,     44,     44,     44,     44,     44,     44,     44,     44,     44,     44,     44,     44,     44,     44,     44,     44,     44,     44,     44,     44,     44,     44,     44,     44,     44,     44,     44,     44,     44,     44,     44,     44,     44,     44,     44,     44,     44,     44,     44,     44, 
ICache misses:       133,      0,      0,      0,      0,      0,      0,      0,      0,      0,      0,      0,      0,      0,      0,      0,      0,      0,      0,      0,      0,      0,      0,      0,      0,      0,      0,      0,      0,      0,      0,      0,      0,      0,      0,      0,      0,      0,      0,      0,      0,      0,      0,      0,      0,      0,      0,      0,      0,      0, 
Result: 536bda9411ff126eb6157a047a649d6e
Expected result: 0x53, 0x6b, 0xda, 0x94, 0x11, 0xff, 0x12, 0x6e, 0xb6, 0x15, 0x7a, 0x04, 0x7a, 0x64, 0x9d, 0x6e
[1F[0J[?25h[0;39;49mBench Clock Reset Complete
ATE0-->OK
AT+BLEINIT=0-->OK
AT+CWMODE=0-->OK
Cycle counts:          654331, 364483, 364482, 364289, 363528, 363532, 363532, 363529, 363529, 363532, 363532, 363529, 363529, 363532, 363532, 363529, 363529, 363532, 363532, 363529, 363529, 363532, 363532, 363529, 363529, 363532, 363532, 363529, 363529, 363532, 363532, 363529, 363529, 363532, 363532, 363529, 363529, 363532, 363532, 363529, 363529, 363532, 363532, 363529, 363529, 363532, 363532, 363529, 363529, 363532, 
Branch mispredictions:           692,    359,    360,    295,     42,     43,     43,     42,     42,     43,     43,     42,     42,     43,     43,     42,     42,     43,     43,     42,     42,     43,     43,     42,     42,     43,     43,     42,     42,     43,     43,     42,     42,     43,     43,     42,     42,     43,     43,     42,     42,     43,     43,     42,     42,     43,     43,     42,     42,     43, 
ICache misses:       133,      0,      0,      0,      0,      0,      0,      0,      0,      0,      0,      0,      0,      0,      0,      0,      0,      0,      0,      0,      0,      0,      0,      0,      0,      0,      0,      0,      0,      0,      0,      0,      0,      0,      0,      0,      0,      0,      0,      0,      0,      0,      0,      0,      0,      0,      0,      0,      0,      0, 
Result: 732322283c664785f6def75c943d0857
Expected result: 0x73, 0x23, 0x22, 0x28, 0x3c, 0x66, 0x47, 0x85, 0xf6, 0xde, 0xf7, 0x5c, 0x94, 0x3d, 0x08, 0x57
[1F[0J[?25h[0;39;49mBench Clock Reset Complete
ATE0-->ATE0
OK
AT+BLEINIT=0-->OK
AT+CWMODE=0-->OK
Cycle counts:          654155, 364482, 363546, 363535, 363531, 363531, 363531, 363531, 363531, 363531, 363531, 363531, 363531, 363531, 363531, 363531, 363531, 363531, 363531, 363531, 363531, 363531, 363531, 363531, 363531, 363531, 363531, 363531, 363531, 363531, 363531, 363531, 363531, 363531, 363531, 363531, 363531, 363531, 363531, 363531, 363531, 363531, 363531, 363531, 363531, 363531, 363531, 363531, 363531, 363531, 
Branch mispredictions:           633,    359,     48,     44,     43,     43,     43,     43,     43,     43,     43,     43,     43,     43,     43,     43,     43,     43,     43,     43,     43,     43,     43,     43,     43,     43,     43,     43,     43,     43,     43,     43,     43,     43,     43,     43,     43,     43,     43,     43,     43,     43,     43,     43,     43,     43,     43,     43,     43,     43, 
ICache misses:       133,      0,      0,      0,      0,      0,      0,      0,      0,      0,      0,      0,      0,      0,      0,      0,      0,      0,      0,      0,      0,      0,      0,      0,      0,      0,      0,      0,      0,      0,      0,      0,      0,      0,      0,      0,      0,      0,      0,      0,      0,      0,      0,      0,      0,      0,      0,      0,      0,      0, 
Result: 743e68a8c0e436d4b7bb548ceef1ecf6
Expected result: 0x74, 0x3e, 0x68, 0xa8, 0xc0, 0xe4, 0x36, 0xd4, 0xb7, 0xbb, 0x54, 0x8c, 0xee, 0xf1, 0xec, 0xf6
[1F[0J[?25h[0;39;49mBench Clock Reset Complete
ATE0-->OK
AT+BLEINIT=0-->OK
AT+CWMODE=0-->OK
Cycle counts:          654136, 364483, 364482, 364475, 364471, 364471, 363532, 363532, 363529, 363529, 363532, 363532, 363529, 363529, 363532, 363532, 363529, 363529, 363532, 363532, 363529, 363529, 363532, 363532, 363529, 363529, 363532, 363532, 363529, 363529, 363532, 363532, 363529, 363529, 363532, 363532, 363529, 363529, 363532, 363532, 363529, 363529, 363532, 363532, 363529, 363529, 363532, 363532, 363529, 363529, 
Branch mispredictions:           627,    359,    360,    357,    356,    356,     43,     43,     42,     42,     43,     43,     42,     42,     43,     43,     42,     42,     43,     43,     42,     42,     43,     43,     42,     42,     43,     43,     42,     42,     43,     43,     42,     42,     43,     43,     42,     42,     43,     43,     42,     42,     43,     43,     42,     42,     43,     43,     42,     42, 
ICache misses:       133,      0,      0,      0,      0,      0,      0,      0,      0,      0,      0,      0,      0,      0,      0,      0,      0,      0,      0,      0,      0,      0,      0,      0,      0,      0,      0,      0,      0,      0,      0,      0,      0,      0,      0,      0,      0,      0,      0,      0,      0,      0,      0,      0,      0,      0,      0,      0,      0,      0, 
Result: 17aee9fd4696c1a32e8d477aeeae6bd1
Expected result: 0x17, 0xae, 0xe9, 0xfd, 0x46, 0x96, 0xc1, 0xa3, 0x2e, 0x8d, 0x47, 0x7a, 0xee, 0xae, 0x6b, 0xd1
[1F[0J[?25h[0;39;49mBench Clock Reset Complete
ATE0-->ATE0
OK
AT+BLEINIT=0-->OK
AT+CWMODE=0-->OK
Cycle counts:          654136, 364483, 364482, 364475, 364471, 364471, 364471, 363532, 363526, 363532, 363526, 363532, 363526, 363532, 363526, 363532, 363526, 363532, 363526, 363532, 363526, 363532, 363526, 363532, 363526, 363532, 363526, 363532, 363526, 363532, 363526, 363532, 363526, 363532, 363526, 363532, 363526, 363532, 363526, 363532, 363526, 363532, 363526, 363532, 363526, 363532, 363526, 363532, 363526, 363532, 
Branch mispredictions:           627,    359,    360,    357,    356,    356,    356,     43,     41,     43,     41,     43,     41,     43,     41,     43,     41,     43,     41,     43,     41,     43,     41,     43,     41,     43,     41,     43,     41,     43,     41,     43,     41,     43,     41,     43,     41,     43,     41,     43,     41,     43,     41,     43,     41,     43,     41,     43,     41,     43, 
ICache misses:       133,      0,      0,      0,      0,      0,      0,      0,      0,      0,      0,      0,      0,      0,      0,      0,      0,      0,      0,      0,      0,      0,      0,      0,      0,      0,      0,      0,      0,      0,      0,      0,      0,      0,      0,      0,      0,      0,      0,      0,      0,      0,      0,      0,      0,      0,      0,      0,      0,      0, 
Result: 3aa6226d403265c46e928f35007a31ca
Expected result: 0x3a, 0xa6, 0x22, 0x6d, 0x40, 0x32, 0x65, 0xc4, 0x6e, 0x92, 0x8f, 0x35, 0x00, 0x7a, 0x31, 0xca
[1F[0J[?25h[0;39;49mBench Clock Reset Complete
ATE0-->OK
AT+BLEINIT=0-->OK
AT+CWMODE=0-->OK
Cycle counts:          654331, 363547, 364486, 363536, 363529, 363532, 363532, 363529, 363529, 363532, 363532, 363529, 363529, 363532, 363532, 363529, 363529, 363532, 363532, 363529, 363529, 363532, 363532, 363529, 363529, 363532, 363532, 363529, 363529, 363532, 363532, 363529, 363529, 363532, 363532, 363529, 363529, 363532, 363532, 363529, 363529, 363532, 363532, 363529, 363529, 363532, 363532, 363529, 363529, 363532, 
Branch mispredictions:           692,     47,    361,     44,     42,     43,     43,     42,     42,     43,     43,     42,     42,     43,     43,     42,     42,     43,     43,     42,     42,     43,     43,     42,     42,     43,     43,     42,     42,     43,     43,     42,     42,     43,     43,     42,     42,     43,     43,     42,     42,     43,     43,     42,     42,     43,     43,     42,     42,     43, 
ICache misses:       133,      0,      0,      0,      0,      0,      0,      0,      0,      0,      0,      0,      0,      0,      0,      0,      0,      0,      0,      0,      0,      0,      0,      0,      0,      0,      0,      0,      0,      0,      0,      0,      0,      0,      0,      0,      0,      0,      0,      0,      0,      0,      0,      0,      0,      0,      0,      0,      0,      0, 
Result: 057deb6b9866c4cfbcfbebe57d33abb1
Expected result: 0x05, 0x7d, 0xeb, 0x6b, 0x98, 0x66, 0xc4, 0xcf, 0xbc, 0xfb, 0xeb, 0xe5, 0x7d, 0x33, 0xab, 0xb1
[1F[0J[?25h[0;39;49mBench Clock Reset Complete
ATE0-->ATE0
OK
AT+BLEINIT=0-->OK
AT+CWMODE=0-->OK
Cycle counts:          654133, 365247, 365247, 363538, 363534, 363534, 363534, 363534, 363534, 363534, 363534, 363534, 363534, 363534, 363534, 363534, 363534, 363534, 363534, 363534, 363534, 363534, 363534, 363534, 363534, 363534, 363534, 363534, 363534, 363534, 363534, 363534, 363534, 363534, 363534, 363534, 363534, 363534, 363534, 363534, 363534, 363534, 363534, 363534, 363534, 363534, 363534, 363534, 363534, 363534, 
Branch mispredictions:           626,    614,    615,     45,     44,     44,     44,     44,     44,     44,     44,     44,     44,     44,     44,     44,     44,     44,     44,     44,     44,     44,     44,     44,     44,     44,     44,     44,     44,     44,     44,     44,     44,     44,     44,     44,     44,     44,     44,     44,     44,     44,     44,     44,     44,     44,     44,     44,     44,     44, 
ICache misses:       133,      0,      0,      0,      0,      0,      0,      0,      0,      0,      0,      0,      0,      0,      0,      0,      0,      0,      0,      0,      0,      0,      0,      0,      0,      0,      0,      0,      0,      0,      0,      0,      0,      0,      0,      0,      0,      0,      0,      0,      0,      0,      0,      0,      0,      0,      0,      0,      0,      0, 
Result: c647799964e925ccfe694482a6d70c46
Expected result: 0xc6, 0x47, 0x79, 0x99, 0x64, 0xe9, 0x25, 0xcc, 0xfe, 0x69, 0x44, 0x82, 0xa6, 0xd7, 0x0c, 0x46
