[1F[0J[?25h[0;39;49mBench Clock Reset Complete
ATE0-->OK
AT+BLEINIT=0-->OK
AT+CWMODE=0-->OK
Cycle counts:          203557,  38561,  38559,  38567,  38556,  38558,  38559,  38552,  38553,  38552,  38589,  38559,  38552,  38559,  38552,  38559,  38552,  38559,  38552,  38559,  38552,  38559,  38552,  38559,  38552,  38559,  38552,  38559,  38552,  38559,  38552,  38559,  38552,  38559,  38552,  38559,  38552,  38559,  38552,  38559,  38552,  38559,  38552,  38559,  38552,  38559,  38552,  38559,  38552,  38559, 
Branch mispredictions:            28,     14,     13,     16,     12,     13,     13,     11,     11,     11,     23,     13,     11,     13,     11,     13,     11,     13,     11,     13,     11,     13,     11,     13,     11,     13,     11,     13,     11,     13,     11,     13,     11,     13,     11,     13,     11,     13,     11,     13,     11,     13,     11,     13,     11,     13,     11,     13,     11,     13, 
ICache misses:        75,      0,      0,      0,      0,      0,      0,      0,      0,      0,      0,      0,      0,      0,      0,      0,      0,      0,      0,      0,      0,      0,      0,      0,      0,      0,      0,      0,      0,      0,      0,      0,      0,      0,      0,      0,      0,      0,      0,      0,      0,      0,      0,      0,      0,      0,      0,      0,      0,      0, 
Result: 8d7ab16322c02567dc1ffefd4b354ff5
Expected result: 0x8d, 0x7a, 0xb1, 0x63, 0x22, 0xc0, 0x25, 0x67, 0xdc, 0x1f, 0xfe, 0xfd, 0x4b, 0x35, 0x4f, 0xf5
[1F[0J[?25h[0;39;49mBench Clock Reset Complete
ATE0-->ATE0
OK
AT+BLEINIT=0-->OK
AT+CWMODE=0-->OK
Cycle counts:          203554,  38587,  38558,  38556,  38555,  38552,  38581,  38567,  38559,  38561,  38562,  38564,  38553,  38583,  38559,  38555,  38556,  38555,  38556,  38555,  38556,  38555,  38556,  38555,  38556,  38555,  38556,  38555,  38556,  38555,  38556,  38555,  38556,  38555,  38556,  38555,  38556,  38555,  38556,  38555,  38556,  38555,  38556,  38555,  38556,  38555,  38556,  38555,  38556,  38555, 
Branch mispredictions:            27,     22,     13,     12,     12,     11,     20,     16,     13,     14,     14,     15,     11,     21,     13,     12,     12,     12,     12,     12,     12,     12,     12,     12,     12,     12,     12,     12,     12,     12,     12,     12,     12,     12,     12,     12,     12,     12,     12,     12,     12,     12,     12,     12,     12,     12,     12,     12,     12,     12, 
ICache misses:        75,      0,      0,      0,      0,      0,      0,      0,      0,      0,      0,      0,      0,      0,      0,      0,      0,      0,      0,      0,      0,      0,      0,      0,      0,      0,      0,      0,      0,      0,      0,      0,      0,      0,      0,      0,      0,      0,      0,      0,      0,      0,      0,      0,      0,      0,      0,      0,      0,      0, 
Result: 87f248e034b69f1e61ac24b9e5431a2f
Expected result: 0x87, 0xf2, 0x48, 0xe0, 0x34, 0xb6, 0x9f, 0x1e, 0x61, 0xac, 0x24, 0xb9, 0xe5, 0x43, 0x1a, 0x2f
