1F[[?2[0;49mh ock et Clete
A--K
LET=->ATDE=>O
ore main
passed mainloop
before mainloop
passed mainloop
Cycle counts:          276597176, 3988499107, 16000001, 2131488248,   6184, 2147472863,      0, 2147488129,   6336, 2147669440, 4294770687, 537000221, 1610494308, 2415941004, 4026499059, 537000503, 3773966794, 4278967295,      1, 536999064, 
Branch dir mis:        13321685, 2295170427, 2147473168, 15999744, 520999884, 3758082612, 4294852095, 16000001, 520991848, 3758090648, 2147372928, 2147479167, 2147488129, 2415947400, 1879015480, 2147483583, 2147488249, 2147594248, 4294852096, 33554560, 
Branch target mis:    8645463, 1402423575, 3758425644, 4294508800, 4294967039, 2147488129, 2163479168, 4278967552, 4294967039, 2147488129,   6384, 2147472783, 16000001, 2131488128,   6432, 4294957404, 2147482627, 16000001, 2131494576, 2181027280, 
Result: e22fb8f671e9ac501e01e827cb6f8be6c7bce654178007db484e53eafafe6031
Expected result: e22fb8f671e9ac501e01e827cb6f8be6c7bce654178007db484e53eafafe6031
before mainloop
passed mainloop
before mainloop
passed mainloop
Cycle counts:          277445942, 3987475732, 16000001, 2131488248,   6184, 2147472863,      0, 2147488129,   6336, 2147669440, 4294770687, 537000221, 1610494308, 2415941004, 4026499059, 537000503, 3773966794, 4278967295,      1, 536999064, 
Branch dir mis:        13459199, 2268229743, 2147473168, 15999744, 520999884, 3758082612, 4294852095, 16000001, 520991848, 3758090648, 2147372928, 2147479167, 2147488129, 2415947400, 1879015480, 2147483583, 2147488249, 2147594248, 4294852096, 33554560, 
Branch target mis:    8618644, 1385139331, 3758425644, 4294508800, 4294967039, 2147488129, 2163479168, 4278967552, 4294967039, 2147488129,   6384, 2147472783, 16000001, 2131488128,   6432, 4294957404, 2147482627, 16000001, 2131494576, 2181027280, 
Result: 427a2f035d8ab02ab1f6636e2c5a74038259dd256841bc31392cd5bc1c752362
Expected result: 427a2f035d8ab02ab1f6636e2c5a74038259dd256841bc31392cd5bc1c752362
before mainloop
passed mainloop
before mainloop
passed mainloop
Cycle counts:          277154541, 3987939091, 16000001, 2131488248,   6184, 2147472863,      0, 2147488129,   6336, 2147669440, 4294770687, 537000221, 1610494308, 2415941004, 4026499059, 537000503, 3773966794, 4278967295,      1, 536999064, 
Branch dir mis:        13443676, 2241155385, 2147473168, 15999744, 520999884, 3758082612, 4294852095, 16000001, 520991848, 3758090648, 2147372928, 2147479167, 2147488129, 2415947400, 1879015480, 2147483583, 2147488249, 2147594248, 4294852096, 33554560, 
Branch target mis:    8655201, 1367841633, 3758425644, 4294508800, 4294967039, 2147488129, 2163479168, 4278967552, 4294967039, 2147488129,   6384, 2147472783, 16000001, 2131488128,   6432, 4294957404, 2147482627, 16000001, 2131494576, 2181027280, 
Result: f362d53c68bf4ab7d8530a38df4d29157a3ae39001b1a6b7fae965b87169233b
Expected result: f362d53c68bf4ab7d8530a38df4d29157a3ae39001b1a6b7fae965b87169233b
before mainloop
passed mainloop
before mainloop
passed mainloop
Cycle counts:          277613437, 3987144264, 16000001, 2131488248,   6184, 2147472863,      0, 2147488129,   6336, 2147669440, 4294770687, 537000221, 1610494308, 2415941004, 4026499059, 537000503, 3773966794, 4278967295,      0, 536999065, 
Branch dir mis:        13495609, 2214058753, 2147473168, 15999744, 520999884, 3758082612, 4294852095, 16000001, 520991848, 3758090648, 2147372928, 2147479167, 2147488129, 2415947400, 4026499063,      0, 2147488249, 2147594248, 4294852095,      0, 
Branch target mis:    8718942, 1350448361, 3758425644, 4294508800, 4294967039, 2147488129, 2163479168, 4278967552, 4294967039, 2147488129,   6384, 2147472783, 16000001, 2131488128,   6432, 2147472735,      0, 16000001, 2131494576, 2147472719, 
Result: bb376fa4067fd7a66f682fef76f6d9b2107075de4c4d15dac68fe301797f9478
Expected result: 4ee6cf45794d5d8a283443cb00b36841b41cb7a44ede60cdbb5b1cf0dfec6e03
