[5h0;3;Bnc CckRee CmltAT->0
ABLIT0->
+CWD=-OK
clcons:      478, 70, 77, 76, 12 713 713 713, 7 713 713 7713 713, 73, 78, 78, 778, 718, 73 13 
rc drms      4,  3, 35  35  5  35  35,  25  35,  2, 35  2,  2,  2,  2,  2,   35  35  35  35 
rachagtms    1,   2 9   ,   6   2,  2,  2,  2,  2,  2,  2,  2,  2,  2,  2,   6   6   6   6 
eul:888cb5ebc2b4c3276
Cycle counts:          407804,  77189,  77296,  77180,  77186,  77184,  77191,  77184,  77191,  77184,  77191,  77184,  77191,  77184,  77191,  77184,  77191,  77184,  77191,  77184, 
Branch dir mis:           341,    328,    329,    326,    328,    326,    328,    326,    328,    326,    328,    326,    328,    326,    328,    326,    328,    326,    328,    326, 
Branch target mis:        26,     20,     21,     20,     26,     26,     26,     26,     26,     26,     26,     26,     26,     26,     26,     26,     26,     26,     26,     26, 
Result: 8f888ccdb55e8bcc221b24ec8342d7e6
Expected result: aaaf627acf7810404e2b103fb01054a4
