Cycle counts:          308908,  92615,  92605,  92594,  92596,  92601,  92605,  92601,  92605,  92601,  92605,  92601,  92605,  92601,  92605,  92601,  92605,  92601,  92605,  92601, 
Branch dir mis:           647,    627,    623,    624,    621,    621,    621,    621,    621,    621,    621,    621,    621,    621,    621,    621,    621,    621,    621,    621, 
Branch target mis:          27,     24,     26,     24,     29,     28,     28,     28,     28,     28,     28,     28,     28,     28,     28,     28,     28,     28,     28,     28, 
Result: b2df8cdf6b9639f0ec6b80a6b17ec913
Expected result: b2df8cdf6b9639f0ec6b80a6b17ec913
Cycle counts:          311336,  92611,  92602,  92588,  92590,  92595,  92599,  92595,  92599,  92595,  92599,  92595,  92599,  92595,  92599,  92595,  92599,  92595,  92599,  92595, 
Branch dir mis:           646,    626,    622,    622,    619,    619,    619,    619,    619,    619,    619,    619,    619,    619,    619,    619,    619,    619,    619,    619, 
Branch target mis:          29,     24,     26,     24,     29,     28,     28,     28,     28,     28,     28,     28,     28,     28,     28,     28,     28,     28,     28,     28, 
Result: 3a0604908b57eda566a32e88d6c25067
Expected result: 3a0604908b57eda566a32e88d6c25067
Cycle counts:          308903,  92611,  92605,  92594,  92596,  92601,  92605,  92601,  92605,  92601,  92605,  92601,  92605,  92601,  92605,  92601,  92605,  92601,  92605,  92601, 
Branch dir mis:           644,    626,    623,    624,    621,    621,    621,    621,    621,    621,    621,    621,    621,    621,    621,    621,    621,    621,    621,    621, 
Branch target mis:          28,     24,     26,     24,     29,     28,     28,     28,     28,     28,     28,     28,     28,     28,     28,     28,     28,     28,     28,     28, 
Result: 689933e07fe11c4e5e8a4ad7720cf4b2
Expected result: 689933e07fe11c4e5e8a4ad7720cf4b2
Cycle counts:          311340,  92611,  92605,  92594,  92596,  92601,  92605,  92601,  92605,  92601,  92605,  92601,  92605,  92601,  92605,  92601,  92605,  92601,  92605,  92601, 
Branch dir mis:           648,    626,    623,    624,    621,    621,    621,    621,    621,    621,    621,    621,    621,    621,    621,    621,    621,    621,    621,    621, 
Branch target mis:          29,     24,     26,     24,     29,     28,     28,     28,     28,     28,     28,     28,     28,     28,     28,     28,     28,     28,     28,     28, 
Result: 68a10c6c5d04055bd9ce4b3b2e218b3e
Expected result: 68a10c6c5d04055bd9ce4b3b2e218b3e
Cycle counts:          308912,  92616,  92609,  92606,  92592,  92602,  92592,  92602,  92595,  92605,  92592,  92602,  92595,  92605,  92592,  92602,  92595,  92605,  92592,  92602, 
Branch dir mis:           648,    629,    626,    625,    619,    619,    619,    621,    619,    621,    619,    621,    619,    621,    619,    621,    619,    621,    619,    621, 
Branch target mis:          27,     25,     26,     28,     29,     28,     29,     28,     28,     28,     29,     28,     28,     28,     29,     28,     28,     28,     29,     28, 
Result: 419cdfc4c817c066e0243802feaa9418
Expected result: 419cdfc4c817c066e0243802feaa9418
Cycle counts:          311318,  92615,  92605,  92594,  92596,  92601,  92605,  92601,  92605,  92601,  92605,  92601,  92605,  92601,  92605,  92601,  92605,  92601,  92605,  92601, 
Branch dir mis:           647,    627,    623,    624,    621,    621,    621,    621,    621,    621,    621,    621,    621,    621,    621,    621,    621,    621,    621,    621, 
Branch target mis:          28,     24,     26,     24,     29,     28,     28,     28,     28,     28,     28,     28,     28,     28,     28,     28,     28,     28,     28,     28, 
Result: ef745e432c49ae6245893405a1d7909b
Expected result: ef745e432c49ae6245893405a1d7909b
Cycle counts:          308936,  92613,  92609,  92606,  92592,  92602,  92592,  92602,  92595,  92605,  92592,  92602,  92595,  92605,  92592,  92602,  92595,  92605,  92592,  92602, 
Branch dir mis:           651,    628,    626,    625,    619,    619,    619,    621,    619,    621,    619,    621,    619,    621,    619,    621,    619,    621,    619,    621, 
Branch target mis:          27,     25,     26,     28,     29,     28,     29,     28,     28,     28,     29,     28,     28,     28,     29,     28,     28,     28,     29,     28, 
Result: 3c78069133b602393b33b4eaf7396924
Expected result: 3c78069133b602393b33b4eaf7396924
Cycle counts:          311331,  92617,  92597,  92602,  92596,  92601,  92605,  92601,  92605,  92601,  92605,  92601,  92605,  92601,  92605,  92601,  92605,  92601,  92605,  92601, 
Branch dir mis:           645,    628,    623,    624,    621,    621,    621,    621,    621,    621,    621,    621,    621,    621,    621,    621,    621,    621,    621,    621, 
Branch target mis:          29,     24,     27,     28,     29,     28,     28,     28,     28,     28,     28,     28,     28,     28,     28,     28,     28,     28,     28,     28, 
Result: 495cf1506e13d333faf365deca7f420a
Expected result: 495cf1506e13d333faf365deca7f420a
Cycle counts:          308928,  92611,  92605,  92594,  92596,  92601,  92605,  92601,  92605,  92601,  92605,  92601,  92605,  92601,  92605,  92601,  92605,  92601,  92605,  92601, 
Branch dir mis:           647,    626,    623,    624,    621,    621,    621,    621,    621,    621,    621,    621,    621,    621,    621,    621,    621,    621,    621,    621, 
Branch target mis:          28,     24,     26,     24,     29,     28,     28,     28,     28,     28,     28,     28,     28,     28,     28,     28,     28,     28,     28,     28, 
Result: b4f1633802121213854a4e2e856079cb
Expected result: b4f1633802121213854a4e2e856079cb
Cycle counts:          311315,  92615,  92605,  92594,  92596,  92601,  92605,  92601,  92605,  92601,  92605,  92601,  92605,  92601,  92605,  92601,  92605,  92601,  92605,  92601, 
Branch dir mis:           646,    627,    623,    624,    621,    621,    621,    621,    621,    621,    621,    621,    621,    621,    621,    621,    621,    621,    621,    621, 
Branch target mis:          28,     24,     26,     24,     29,     28,     28,     28,     28,     28,     28,     28,     28,     28,     28,     28,     28,     28,     28,     28, 
Result: 46caca4a4b94f81241f929184cfa7d37
Expected result: 46caca4a4b94f81241f929184cfa7d37
Cycle counts:          308902,  92615,  92602,  92588,  92590,  92595,  92599,  92595,  92599,  92595,  92599,  92595,  92599,  92595,  92599,  92595,  92599,  92595,  92599,  92595, 
Branch dir mis:           645,    628,    622,    622,    619,    619,    619,    619,    619,    619,    619,    619,    619,    619,    619,    619,    619,    619,    619,    619, 
Branch target mis:          27,     23,     26,     24,     29,     28,     28,     28,     28,     28,     28,     28,     28,     28,     28,     28,     28,     28,     28,     28, 
Result: e9fff1fb8c39bc7ddfd0c9e0d4ce7813
Expected result: e9fff1fb8c39bc7ddfd0c9e0d4ce7813
Cycle counts:          311318,  92615,  92605,  92594,  92596,  92601,  92605,  92601,  92605,  92601,  92605,  92601,  92605,  92601,  92605,  92601,  92605,  92601,  92605,  92601, 
Branch dir mis:           647,    627,    623,    624,    621,    621,    621,    621,    621,    621,    621,    621,    621,    621,    621,    621,    621,    621,    621,    621, 
Branch target mis:          28,     24,     26,     24,     29,     28,     28,     28,     28,     28,     28,     28,     28,     28,     28,     28,     28,     28,     28,     28, 
Result: 6f086259e855e9bb5cc61fe804428d5f
Expected result: 6f086259e855e9bb5cc61fe804428d5f
Cycle counts:          308911,  92617,  92611,  92606,  92592,  92587,  92601,  92595,  92605,  92592,  92602,  92595,  92605,  92592,  92602,  92595,  92605,  92592,  92602,  92595, 
Branch dir mis:           648,    629,    626,    622,    619,    619,    621,    619,    621,    619,    621,    619,    621,    619,    621,    619,    621,    619,    621,    619, 
Branch target mis:          27,     25,     27,     27,     29,     26,     28,     28,     28,     29,     28,     28,     28,     29,     28,     28,     28,     29,     28,     28, 
Result: 06715013c7dffb5a775ff9944362e553
Expected result: 06715013c7dffb5a775ff9944362e553
Cycle counts:          311335,  92628,  92609,  92601,  92594,  92603,  92599,  92603,  92599,  92603,  92599,  92603,  92599,  92603,  92599,  92603,  92599,  92603,  92599,  92603, 
Branch dir mis:           646,    630,    623,    623,    620,    620,    620,    620,    620,    620,    620,    620,    620,    620,    620,    620,    620,    620,    620,    620, 
Branch target mis:          29,     26,     26,     28,     28,     28,     28,     28,     28,     28,     28,     28,     28,     28,     28,     28,     28,     28,     28,     28, 
Result: 4cb4d79452da25927be79453ee46dede
Expected result: 4cb4d79452da25927be79453ee46dede
Cycle counts:          308937,  92622,  92609,  92601,  92594,  92603,  92599,  92603,  92599,  92603,  92599,  92603,  92599,  92603,  92599,  92603,  92599,  92603,  92599,  92603, 
Branch dir mis:           650,    628,    623,    623,    620,    620,    620,    620,    620,    620,    620,    620,    620,    620,    620,    620,    620,    620,    620,    620, 
Branch target mis:          28,     26,     26,     28,     28,     28,     28,     28,     28,     28,     28,     28,     28,     28,     28,     28,     28,     28,     28,     28, 
Result: af955f9e7398d0bebe3046e1127daaf9
Expected result: af955f9e7398d0bebe3046e1127daaf9
Cycle counts:          311327,  92628,  92609,  92601,  92594,  92603,  92599,  92603,  92599,  92603,  92599,  92603,  92599,  92603,  92599,  92603,  92599,  92603,  92599,  92603, 
Branch dir mis:           650,    630,    623,    623,    620,    620,    620,    620,    620,    620,    620,    620,    620,    620,    620,    620,    620,    620,    620,    620, 
Branch target mis:          28,     26,     26,     28,     28,     28,     28,     28,     28,     28,     28,     28,     28,     28,     28,     28,     28,     28,     28,     28, 
Result: 9d98ee8dc5c906cb63ab84f842c6f4e2
Expected result: 9d98ee8dc5c906cb63ab84f842c6f4e2
Cycle counts:          308911,  92615,  92605,  92594,  92596,  92601,  92605,  92601,  92605,  92601,  92605,  92601,  92605,  92601,  92605,  92601,  92605,  92601,  92605,  92601, 
Branch dir mis:           648,    627,    623,    624,    621,    621,    621,    621,    621,    621,    621,    621,    621,    621,    621,    621,    621,    621,    621,    621, 
Branch target mis:          27,     24,     26,     24,     29,     28,     28,     28,     28,     28,     28,     28,     28,     28,     28,     28,     28,     28,     28,     28, 
Result: 949c9d123a43ae77660e47112e7449af
Expected result: 949c9d123a43ae77660e47112e7449af
Cycle counts:          311315,  92615,  92605,  92594,  92596,  92601,  92605,  92601,  92605,  92601,  92605,  92601,  92605,  92601,  92605,  92601,  92605,  92601,  92605,  92601, 
Branch dir mis:           646,    627,    623,    624,    621,    621,    621,    621,    621,    621,    621,    621,    621,    621,    621,    621,    621,    621,    621,    621, 
Branch target mis:          28,     24,     26,     24,     29,     28,     28,     28,     28,     28,     28,     28,     28,     28,     28,     28,     28,     28,     28,     28, 
Result: 452ca5d4d553169153e6b6436e7378db
Expected result: 452ca5d4d553169153e6b6436e7378db
Cycle counts:          308905,  92613,  92605,  92609,  92596,  92601,  92592,  92593,  92595,  92605,  92592,  92602,  92595,  92605,  92592,  92602,  92595,  92605,  92592,  92602, 
Branch dir mis:           646,    628,    625,    624,    621,    619,    619,    621,    619,    621,    619,    621,    619,    621,    619,    621,    619,    621,    619,    621, 
Branch target mis:          27,     25,     27,     28,     29,     28,     29,     26,     28,     28,     29,     28,     28,     28,     29,     28,     28,     28,     29,     28, 
Result: 2ac49c9aa52d7db0a4ba934aefa82fcb
Expected result: 2ac49c9aa52d7db0a4ba934aefa82fcb
Cycle counts:          311314,  92618,  92605,  92594,  92596,  92601,  92605,  92601,  92605,  92601,  92605,  92601,  92605,  92601,  92605,  92601,  92605,  92601,  92605,  92601, 
Branch dir mis:           647,    628,    623,    624,    621,    621,    621,    621,    621,    621,    621,    621,    621,    621,    621,    621,    621,    621,    621,    621, 
Branch target mis:          27,     24,     26,     24,     29,     28,     28,     28,     28,     28,     28,     28,     28,     28,     28,     28,     28,     28,     28,     28, 
Result: 8688e6c009b9f798485a8f1fbac7465c
Expected result: 8688e6c009b9f798485a8f1fbac7465c
Cycle counts:          308917,  92616,  92609,  92606,  92592,  92602,  92592,  92602,  92595,  92605,  92592,  92602,  92595,  92605,  92592,  92602,  92595,  92605,  92592,  92602, 
Branch dir mis:           650,    629,    626,    625,    619,    619,    619,    621,    619,    621,    619,    621,    619,    621,    619,    621,    619,    621,    619,    621, 
Branch target mis:          27,     25,     26,     28,     29,     28,     29,     28,     28,     28,     29,     28,     28,     28,     29,     28,     28,     28,     29,     28, 
Result: 5266d6e5d1b744c94c355f16aa30a3e3
Expected result: 5266d6e5d1b744c94c355f16aa30a3e3
Cycle counts:          311318,  92615,  92605,  92594,  92596,  92601,  92605,  92601,  92605,  92601,  92605,  92601,  92605,  92601,  92605,  92601,  92605,  92601,  92605,  92601, 
Branch dir mis:           647,    627,    623,    624,    621,    621,    621,    621,    621,    621,    621,    621,    621,    621,    621,    621,    621,    621,    621,    621, 
Branch target mis:          28,     24,     26,     24,     29,     28,     28,     28,     28,     28,     28,     28,     28,     28,     28,     28,     28,     28,     28,     28, 
Result: 8be044216ff260f9050d3824e56e1ea4
Expected result: 8be044216ff260f9050d3824e56e1ea4
Cycle counts:          308911,  92615,  92605,  92594,  92596,  92601,  92605,  92601,  92605,  92601,  92605,  92601,  92605,  92601,  92605,  92601,  92605,  92601,  92605,  92601, 
Branch dir mis:           648,    627,    623,    624,    621,    621,    621,    621,    621,    621,    621,    621,    621,    621,    621,    621,    621,    621,    621,    621, 
Branch target mis:          27,     24,     26,     24,     29,     28,     28,     28,     28,     28,     28,     28,     28,     28,     28,     28,     28,     28,     28,     28, 
Result: dd67429e0a8aec5dd976669893ecd5be
Expected result: dd67429e0a8aec5dd976669893ecd5be
Cycle counts:          311316,  92615,  92605,  92594,  92596,  92601,  92605,  92601,  92605,  92601,  92605,  92601,  92605,  92601,  92605,  92601,  92605,  92601,  92605,  92601, 
Branch dir mis:           646,    627,    623,    624,    621,    621,    621,    621,    621,    621,    621,    621,    621,    621,    621,    621,    621,    621,    621,    621, 
Branch target mis:          28,     24,     26,     24,     29,     28,     28,     28,     28,     28,     28,     28,     28,     28,     28,     28,     28,     28,     28,     28, 
Result: ea2e97c474b578844c233374da710044
Expected result: ea2e97c474b578844c233374da710044
Cycle counts:          308917,  92616,  92609,  92606,  92592,  92602,  92592,  92593,  92595,  92605,  92592,  92602,  92595,  92605,  92592,  92602,  92595,  92605,  92592,  92602, 
Branch dir mis:           650,    629,    626,    625,    619,    619,    619,    621,    619,    621,    619,    621,    619,    621,    619,    621,    619,    621,    619,    621, 
Branch target mis:          27,     25,     26,     28,     29,     28,     29,     26,     28,     28,     29,     28,     28,     28,     29,     28,     28,     28,     29,     28, 
Result: 1b1d5f08c3ca3ea0dbefd2419e3aff2c
Expected result: 1b1d5f08c3ca3ea0dbefd2419e3aff2c
Cycle counts:          311331,  92616,  92609,  92606,  92592,  92602,  92592,  92593,  92595,  92605,  92592,  92602,  92595,  92605,  92592,  92602,  92595,  92605,  92592,  92602, 
Branch dir mis:           646,    629,    626,    625,    619,    619,    619,    621,    619,    621,    619,    621,    619,    621,    619,    621,    619,    621,    619,    621, 
Branch target mis:          28,     25,     26,     28,     29,     28,     29,     26,     28,     28,     29,     28,     28,     28,     29,     28,     28,     28,     29,     28, 
Result: 49b0f8d116f75a212fe1b7213abfdb24
Expected result: 49b0f8d116f75a212fe1b7213abfdb24
Cycle counts:          308928,  92611,  92605,  92594,  92596,  92601,  92605,  92601,  92605,  92601,  92605,  92601,  92605,  92601,  92605,  92601,  92605,  92601,  92605,  92601, 
Branch dir mis:           647,    626,    623,    624,    621,    621,    621,    621,    621,    621,    621,    621,    621,    621,    621,    621,    621,    621,    621,    621, 
Branch target mis:          28,     24,     26,     24,     29,     28,     28,     28,     28,     28,     28,     28,     28,     28,     28,     28,     28,     28,     28,     28, 
Result: 20944381f8cd56d7f4fc07b6893a2064
Expected result: 20944381f8cd56d7f4fc07b6893a2064
Cycle counts:          311319,  92634,  92609,  92601,  92594,  92603,  92599,  92603,  92599,  92603,  92599,  92603,  92599,  92603,  92599,  92603,  92599,  92603,  92599,  92603, 
Branch dir mis:           647,    632,    623,    623,    620,    620,    620,    620,    620,    620,    620,    620,    620,    620,    620,    620,    620,    620,    620,    620, 
Branch target mis:          28,     26,     26,     28,     28,     28,     28,     28,     28,     28,     28,     28,     28,     28,     28,     28,     28,     28,     28,     28, 
Result: 882453c80917f52f28687d3354fa99a7
Expected result: 882453c80917f52f28687d3354fa99a7
Cycle counts:          308928,  92611,  92605,  92594,  92596,  92601,  92605,  92601,  92605,  92601,  92605,  92601,  92605,  92601,  92605,  92601,  92605,  92601,  92605,  92601, 
Branch dir mis:           647,    626,    623,    624,    621,    621,    621,    621,    621,    621,    621,    621,    621,    621,    621,    621,    621,    621,    621,    621, 
Branch target mis:          28,     24,     26,     24,     29,     28,     28,     28,     28,     28,     28,     28,     28,     28,     28,     28,     28,     28,     28,     28, 
Result: 323ca1a88b5af6aee8da1aa358493470
Expected result: 323ca1a88b5af6aee8da1aa358493470
AT+CWMODE=0--> Send sync error 
Cycle counts:          311328,  92610,  92605,  92609,  92596,  92601,  92592,  92593,  92595,  92605,  92592,  92602,  92595,  92605,  92592,  92602,  92595,  92605,  92592,  92602, 
Branch dir mis:           646,    627,    625,    624,    621,    619,    619,    621,    619,    621,    619,    621,    619,    621,    619,    621,    619,    621,    619,    621, 
Branch target mis:          27,     25,     27,     28,     29,     28,     29,     26,     28,     28,     29,     28,     28,     28,     29,     28,     28,     28,     29,     28, 
Result: bcf8dfd7839ac916d52249487f3b0a85
Expected result: bcf8dfd7839ac916d52249487f3b0a85
Cycle counts:          308907,  92619,  92609,  92606,  92592,  92602,  92592,  92602,  92595,  92605,  92592,  92599,  92601,  92592,  92593,  92595,  92605,  92592,  92602,  92595, 
Branch dir mis:           646,    630,    626,    625,    619,    619,    619,    621,    619,    621,    619,    621,    619,    619,    621,    619,    621,    619,    621,    619, 
Branch target mis:          27,     25,     26,     28,     29,     28,     29,     28,     28,     28,     29,     29,     28,     29,     26,     28,     28,     29,     28,     28, 
Result: 9e837eb101601eb3fd06528413b16d2e
Expected result: 9e837eb101601eb3fd06528413b16d2e
Cycle counts:          311328,  92611,  92605,  92594,  92596,  92601,  92605,  92601,  92605,  92601,  92605,  92601,  92605,  92601,  92605,  92601,  92605,  92601,  92605,  92601, 
Branch dir mis:           644,    626,    623,    624,    621,    621,    621,    621,    621,    621,    621,    621,    621,    621,    621,    621,    621,    621,    621,    621, 
Branch target mis:          29,     24,     26,     24,     29,     28,     28,     28,     28,     28,     28,     28,     28,     28,     28,     28,     28,     28,     28,     28, 
Result: 517d1f22200a8c8d6eb6b3e3a48fb0ba
Expected result: 517d1f22200a8c8d6eb6b3e3a48fb0ba
Cycle counts:          308909,  92612,  92605,  92594,  92596,  92601,  92605,  92601,  92605,  92601,  92605,  92601,  92605,  92601,  92605,  92601,  92605,  92601,  92605,  92601, 
Branch dir mis:           647,    626,    623,    624,    621,    621,    621,    621,    621,    621,    621,    621,    621,    621,    621,    621,    621,    621,    621,    621, 
Branch target mis:          27,     24,     26,     24,     29,     28,     28,     28,     28,     28,     28,     28,     28,     28,     28,     28,     28,     28,     28,     28, 
Result: 9a99c564edf1234d39d96e018a4d6286
Expected result: 9a99c564edf1234d39d96e018a4d6286
Cycle counts:          311315,  92615,  92605,  92594,  92596,  92601,  92605,  92601,  92605,  92601,  92605,  92601,  92605,  92601,  92605,  92601,  92605,  92601,  92605,  92601, 
Branch dir mis:           646,    627,    623,    624,    621,    621,    621,    621,    621,    621,    621,    621,    621,    621,    621,    621,    621,    621,    621,    621, 
Branch target mis:          28,     24,     26,     24,     29,     28,     28,     28,     28,     28,     28,     28,     28,     28,     28,     28,     28,     28,     28,     28, 
Result: 4695c443ae62b0733dfde0e3a7c2424f
Expected result: 4695c443ae62b0733dfde0e3a7c2424f
Cycle counts:          308900,  92628,  92597,  92604,  92600,  92593,  92599,  92595,  92605,  92592,  92602,  92595,  92605,  92592,  92602,  92595,  92605,  92592,  92602,  92595, 
Branch dir mis:           643,    631,    622,    624,    619,    619,    621,    619,    621,    619,    621,    619,    621,    619,    621,    619,    621,    619,    621,    619, 
Branch target mis:          28,     25,     26,     28,     28,     29,     28,     28,     28,     29,     28,     28,     28,     29,     28,     28,     28,     29,     28,     28, 
Result: 8ba15f8b2abfe07158e8ce6d7f27757a
Expected result: 8ba15f8b2abfe07158e8ce6d7f27757a
Cycle counts:          311328,  92628,  92609,  92601,  92594,  92603,  92599,  92603,  92599,  92603,  92599,  92603,  92599,  92603,  92599,  92603,  92599,  92603,  92599,  92603, 
Branch dir mis:           650,    630,    623,    623,    620,    620,    620,    620,    620,    620,    620,    620,    620,    620,    620,    620,    620,    620,    620,    620, 
Branch target mis:          28,     26,     26,     28,     28,     28,     28,     28,     28,     28,     28,     28,     28,     28,     28,     28,     28,     28,     28,     28, 
Result: 467468d9291c1e14e099d1727c671654
Expected result: 467468d9291c1e14e099d1727c671654
Cycle counts:          308912,  92614,  92611,  92606,  92592,  92601,  92595,  92605,  92592,  92599,  92601,  92592,  92593,  92595,  92605,  92592,  92602,  92595,  92605,  92592, 
Branch dir mis:           648,    628,    626,    622,    619,    621,    619,    621,    619,    621,    619,    619,    621,    619,    621,    619,    621,    619,    621,    619, 
Branch target mis:          27,     25,     27,     27,     29,     28,     28,     28,     29,     29,     28,     29,     26,     28,     28,     29,     28,     28,     28,     29, 
Result: ce6d945a58d4ea606a2458f7f5b6e5b2
Expected result: ce6d945a58d4ea606a2458f7f5b6e5b2
Cycle counts:          311327,  92628,  92609,  92601,  92594,  92603,  92599,  92603,  92599,  92603,  92599,  92603,  92599,  92603,  92599,  92603,  92599,  92603,  92599,  92603, 
Branch dir mis:           650,    630,    623,    623,    620,    620,    620,    620,    620,    620,    620,    620,    620,    620,    620,    620,    620,    620,    620,    620, 
Branch target mis:          28,     26,     26,     28,     28,     28,     28,     28,     28,     28,     28,     28,     28,     28,     28,     28,     28,     28,     28,     28, 
Result: ad526e1a8ab531f271dace401345e4e9
Expected result: ad526e1a8ab531f271dace401345e4e9
Cycle counts:          308912,  92614,  92610,  92606,  92592,  92587,  92601,  92595,  92605,  92592,  92602,  92595,  92605,  92592,  92602,  92595,  92605,  92592,  92602,  92595, 
Branch dir mis:           648,    628,    626,    622,    619,    619,    621,    619,    621,    619,    621,    619,    621,    619,    621,    619,    621,    619,    621,    619, 
Branch target mis:          27,     25,     27,     27,     29,     26,     28,     28,     28,     29,     28,     28,     28,     29,     28,     28,     28,     29,     28,     28, 
Result: d72b77a67a48e1cc1175b339feb8a065
Expected result: d72b77a67a48e1cc1175b339feb8a065
Cycle counts:          311344,  92622,  92609,  92601,  92594,  92603,  92599,  92603,  92599,  92603,  92599,  92603,  92599,  92603,  92599,  92603,  92599,  92603,  92599,  92603, 
Branch dir mis:           649,    628,    623,    623,    620,    620,    620,    620,    620,    620,    620,    620,    620,    620,    620,    620,    620,    620,    620,    620, 
Branch target mis:          29,     26,     26,     28,     28,     28,     28,     28,     28,     28,     28,     28,     28,     28,     28,     28,     28,     28,     28,     28, 
Result: c03173d513322163f36f9118eb3f68b9
Expected result: c03173d513322163f36f9118eb3f68b9
Cycle counts:          308912,  92628,  92609,  92601,  92594,  92603,  92599,  92603,  92599,  92603,  92599,  92603,  92599,  92603,  92599,  92603,  92599,  92603,  92599,  92603, 
Branch dir mis:           648,    630,    623,    623,    620,    620,    620,    620,    620,    620,    620,    620,    620,    620,    620,    620,    620,    620,    620,    620, 
Branch target mis:          27,     26,     26,     28,     28,     28,     28,     28,     28,     28,     28,     28,     28,     28,     28,     28,     28,     28,     28,     28, 
Result: 88c4c40f10acf82783a8bab710c5f3e6
Expected result: 88c4c40f10acf82783a8bab710c5f3e6
Cycle counts:          311315,  92615,  92605,  92594,  92596,  92601,  92605,  92601,  92605,  92601,  92605,  92601,  92605,  92601,  92605,  92601,  92605,  92601,  92605,  92601, 
Branch dir mis:           646,    627,    623,    624,    621,    621,    621,    621,    621,    621,    621,    621,    621,    621,    621,    621,    621,    621,    621,    621, 
Branch target mis:          28,     24,     26,     24,     29,     28,     28,     28,     28,     28,     28,     28,     28,     28,     28,     28,     28,     28,     28,     28, 
Result: 6233826caafbdcda735b7169cf1f9d55
Expected result: 6233826caafbdcda735b7169cf1f9d55
Cycle counts:          311321,  92621,  92613,  92606,  92600,  92593,  92599,  92592,  92587,  92599,  92592,  92587,  92599,  92592,  92587,  92599,  92592,  92587,  92599,  92592, 
Branch dir mis:           650,    628,    625,    624,    619,    619,    621,    619,    619,    621,    619,    619,    621,    619,    619,    621,    619,    619,    621,    619, 
Branch target mis:          26,     25,     26,     29,     28,     29,     28,     29,     26,     28,     29,     26,     28,     29,     26,     28,     29,     26,     28,     29, 
Result: 000a8a780a4ae75e9120be07af6e7f24
Expected result: 000a8a780a4ae75e9120be07af6e7f24
P
Cycle counts:          311315,  92614,  92600,  92604,  92598,  92598,  92599,  92599,  92599,  92599,  92599,  92599,  92599,  92599,  92599,  92599,  92599,  92599,  92599,  92599, 
Branch dir mis:           647,    627,    623,    624,    621,    621,    621,    621,    621,    621,    621,    621,    621,    621,    621,    621,    621,    621,    621,    621, 
Branch target mis:          27,     24,     27,     28,     29,     29,     29,     29,     29,     29,     29,     29,     29,     29,     29,     29,     29,     29,     29,     29, 
Result: 19c8ed02cc5c56ff71dfafbb9c12d8a5
Expected result: 19c8ed02cc5c56ff71dfafbb9c12d8a5
Cycle counts:          308909,  92615,  92605,  92594,  92596,  92601,  92605,  92601,  92605,  92601,  92605,  92601,  92605,  92601,  92605,  92601,  92605,  92601,  92605,  92601, 
Branch dir mis:           647,    627,    623,    624,    621,    621,    621,    621,    621,    621,    621,    621,    621,    621,    621,    621,    621,    621,    621,    621, 
Branch target mis:          27,     24,     26,     24,     29,     28,     28,     28,     28,     28,     28,     28,     28,     28,     28,     28,     28,     28,     28,     28, 
Result: 128003187c025b192a5abf860a7cb7b5
Expected result: 128003187c025b192a5abf860a7cb7b5
Cycle counts:          311313,  92619,  92609,  92606,  92592,  92602,  92592,  92593,  92595,  92605,  92592,  92602,  92595,  92605,  92592,  92602,  92595,  92605,  92592,  92602, 
Branch dir mis:           646,    630,    626,    625,    619,    619,    619,    621,    619,    621,    619,    621,    619,    621,    619,    621,    619,    621,    619,    621, 
Branch target mis:          27,     25,     26,     28,     29,     28,     29,     26,     28,     28,     29,     28,     28,     28,     29,     28,     28,     28,     29,     28, 
Result: 3d5a3942d755b9d7fdfd65064bc46edd
Expected result: 3d5a3942d755b9d7fdfd65064bc46edd
Cycle counts:          308907,  92613,  92605,  92609,  92596,  92601,  92592,  92599,  92601,  92592,  92593,  92595,  92605,  92592,  92602,  92595,  92605,  92592,  92602,  92595, 
Branch dir mis:           646,    628,    625,    624,    621,    619,    619,    621,    619,    619,    621,    619,    621,    619,    621,    619,    621,    619,    621,    619, 
Branch target mis:          27,     25,     27,     28,     29,     28,     29,     29,     28,     29,     26,     28,     28,     29,     28,     28,     28,     29,     28,     28, 
Result: 167b6e381a5cc4ba5b1511490d35ec6c
Expected result: 167b6e381a5cc4ba5b1511490d35ec6c
Cycle counts:          311331,  92617,  92594,  92596,  92590,  92595,  92599,  92595,  92599,  92595,  92599,  92595,  92599,  92595,  92599,  92595,  92599,  92595,  92599,  92595, 
Branch dir mis:           645,    628,    622,    622,    619,    619,    619,    619,    619,    619,    619,    619,    619,    619,    619,    619,    619,    619,    619,    619, 
Branch target mis:          29,     24,     27,     28,     29,     28,     28,     28,     28,     28,     28,     28,     28,     28,     28,     28,     28,     28,     28,     28, 
Result: 73e884a729ba27071a972d9dea2454e3
Expected result: 73e884a729ba27071a972d9dea2454e3
Cycle counts:          308933,  92615,  92605,  92594,  92596,  92601,  92605,  92601,  92605,  92601,  92605,  92601,  92605,  92601,  92605,  92601,  92605,  92601,  92605,  92601, 
Branch dir mis:           650,    627,    623,    624,    621,    621,    621,    621,    621,    621,    621,    621,    621,    621,    621,    621,    621,    621,    621,    621, 
Branch target mis:          27,     24,     26,     24,     29,     28,     28,     28,     28,     28,     28,     28,     28,     28,     28,     28,     28,     28,     28,     28, 
Result: 01a43a34a6469b09424c29b1afcced60
Expected result: 01a43a34a6469b09424c29b1afcced60
Cycle counts:          311300,  92611,  92605,  92594,  92596,  92601,  92605,  92601,  92605,  92601,  92605,  92601,  92605,  92601,  92605,  92601,  92605,  92601,  92605,  92601, 
Branch dir mis:           640,    626,    623,    624,    621,    621,    621,    621,    621,    621,    621,    621,    621,    621,    621,    621,    621,    621,    621,    621, 
Branch target mis:          29,     24,     26,     24,     29,     28,     28,     28,     28,     28,     28,     28,     28,     28,     28,     28,     28,     28,     28,     28, 
Result: f8f09bb2c3cf22a62d6bd0e0306a6cc6
Expected result: f8f09bb2c3cf22a62d6bd0e0306a6cc6
Cycle counts:          308932,  92611,  92605,  92594,  92596,  92601,  92605,  92601,  92605,  92601,  92605,  92601,  92605,  92601,  92605,  92601,  92605,  92601,  92605,  92601, 
Branch dir mis:           648,    626,    623,    624,    621,    621,    621,    621,    621,    621,    621,    621,    621,    621,    621,    621,    621,    621,    621,    621, 
Branch target mis:          28,     24,     26,     24,     29,     28,     28,     28,     28,     28,     28,     28,     28,     28,     28,     28,     28,     28,     28,     28, 
Result: e750db3bdec0e4d62232b7d6531a78c2
Expected result: e750db3bdec0e4d62232b7d6531a78c2
Cycle counts:          311335,  92611,  92605,  92594,  92596,  92601,  92605,  92601,  92605,  92601,  92605,  92601,  92605,  92601,  92605,  92601,  92605,  92601,  92605,  92601, 
Branch dir mis:           646,    626,    623,    624,    621,    621,    621,    621,    621,    621,    621,    621,    621,    621,    621,    621,    621,    621,    621,    621, 
Branch target mis:          29,     24,     26,     24,     29,     28,     28,     28,     28,     28,     28,     28,     28,     28,     28,     28,     28,     28,     28,     28, 
Result: 3c1f7639bee05666224640619c224a12
Expected result: 3c1f7639bee05666224640619c224a12
Cycle counts:          308909,  92615,  92605,  92594,  92596,  92601,  92605,  92601,  92605,  92601,  92605,  92601,  92605,  92601,  92605,  92601,  92605,  92601,  92605,  92601, 
Branch dir mis:           647,    627,    623,    624,    621,    621,    621,    621,    621,    621,    621,    621,    621,    621,    621,    621,    621,    621,    621,    621, 
Branch target mis:          27,     24,     26,     24,     29,     28,     28,     28,     28,     28,     28,     28,     28,     28,     28,     28,     28,     28,     28,     28, 
Result: 5a096c4a8cc46e4ee08644e4bb9f8621
Expected result: 5a096c4a8cc46e4ee08644e4bb9f8621
AT+CWMODE=0--> Send sync error 
Cycle counts:          311312,  92607,  92605,  92609,  92596,  92601,  92592,  92593,  92595,  92605,  92592,  92602,  92595,  92605,  92592,  92602,  92595,  92605,  92592,  92602, 
Branch dir mis:           646,    626,    625,    624,    621,    619,    619,    621,    619,    621,    619,    621,    619,    621,    619,    621,    619,    621,    619,    621, 
Branch target mis:          27,     25,     27,     28,     29,     28,     29,     26,     28,     28,     29,     28,     28,     28,     29,     28,     28,     28,     29,     28, 
Result: 57758ec8d97fdb878e8500a78fed9cff
Expected result: 57758ec8d97fdb878e8500a78fed9cff
Cycle counts:          308927,  92611,  92605,  92594,  92596,  92601,  92605,  92601,  92605,  92601,  92605,  92601,  92605,  92601,  92605,  92601,  92605,  92601,  92605,  92601, 
Branch dir mis:           647,    626,    623,    624,    621,    621,    621,    621,    621,    621,    621,    621,    621,    621,    621,    621,    621,    621,    621,    621, 
Branch target mis:          28,     24,     26,     24,     29,     28,     28,     28,     28,     28,     28,     28,     28,     28,     28,     28,     28,     28,     28,     28, 
Result: 231d44d58cc927bdd05c08b8d450ce92
Expected result: 231d44d58cc927bdd05c08b8d450ce92
Cycle counts:          311313,  92615,  92605,  92594,  92596,  92601,  92605,  92601,  92605,  92601,  92605,  92601,  92605,  92601,  92605,  92601,  92605,  92601,  92605,  92601, 
Branch dir mis:           645,    627,    623,    624,    621,    621,    621,    621,    621,    621,    621,    621,    621,    621,    621,    621,    621,    621,    621,    621, 
Branch target mis:          28,     24,     26,     24,     29,     28,     28,     28,     28,     28,     28,     28,     28,     28,     28,     28,     28,     28,     28,     28, 
Result: a62d02048fe032b49e94f858e5d0b0b3
Expected result: a62d02048fe032b49e94f858e5d0b0b3
Cycle counts:          313434,  97416,  97410,  97414,  92598,  92596,  92606,  92590,  92606,  92590,  92606,  92590,  92606,  92590,  92606,  92590,  92606,  92590,  92606,  92590, 
Branch dir mis:           645,    626,    622,    622,    621,    619,    621,    619,    621,    619,    621,    619,    621,    619,    621,    619,    621,    619,    621,    619, 
Branch target mis:          27,     25,     26,     27,     29,     28,     28,     28,     28,     28,     28,     28,     28,     28,     28,     28,     28,     28,     28,     28, 
Result: 517b61a696b415ebf61dfe891dd7c6b9
Expected result: 517b61a696b415ebf61dfe891dd7c6b9
Cycle counts:          311325,  92628,  92609,  92601,  92594,  92603,  92599,  92603,  92599,  92603,  92599,  92603,  92599,  92603,  92599,  92603,  92599,  92603,  92599,  92603, 
Branch dir mis:           650,    630,    623,    623,    620,    620,    620,    620,    620,    620,    620,    620,    620,    620,    620,    620,    620,    620,    620,    620, 
Branch target mis:          27,     26,     26,     28,     28,     28,     28,     28,     28,     28,     28,     28,     28,     28,     28,     28,     28,     28,     28,     28, 
Result: 1fa5f5ea7308052ff444c3b24dc3ce3f
Expected result: 1fa5f5ea7308052ff444c3b24dc3ce3f
Cycle counts:          308912,  92615,  92605,  92594,  92596,  92601,  92605,  92601,  92605,  92601,  92605,  92601,  92605,  92601,  92605,  92601,  92605,  92601,  92605,  92601, 
Branch dir mis:           648,    627,    623,    624,    621,    621,    621,    621,    621,    621,    621,    621,    621,    621,    621,    621,    621,    621,    621,    621, 
Branch target mis:          27,     24,     26,     24,     29,     28,     28,     28,     28,     28,     28,     28,     28,     28,     28,     28,     28,     28,     28,     28, 
Result: a1a910c6bbc518fcc3282d0dd54f7922
Expected result: a1a910c6bbc518fcc3282d0dd54f7922
Cycle counts:          311331,  92611,  92605,  92594,  92596,  92601,  92605,  92601,  92605,  92601,  92605,  92601,  92605,  92601,  92605,  92601,  92605,  92601,  92605,  92601, 
Branch dir mis:           645,    626,    623,    624,    621,    621,    621,    621,    621,    621,    621,    621,    621,    621,    621,    621,    621,    621,    621,    621, 
Branch target mis:          29,     24,     26,     24,     29,     28,     28,     28,     28,     28,     28,     28,     28,     28,     28,     28,     28,     28,     28,     28, 
Result: e5efc0d48fd06d526f6fd0e30bd27e08
Expected result: e5efc0d48fd06d526f6fd0e30bd27e08
Cycle counts:          308911,  92618,  92605,  92594,  92596,  92601,  92605,  92601,  92605,  92601,  92605,  92601,  92605,  92601,  92605,  92601,  92605,  92601,  92605,  92601, 
Branch dir mis:           648,    628,    623,    624,    621,    621,    621,    621,    621,    621,    621,    621,    621,    621,    621,    621,    621,    621,    621,    621, 
Branch target mis:          27,     24,     26,     24,     29,     28,     28,     28,     28,     28,     28,     28,     28,     28,     28,     28,     28,     28,     28,     28, 
Result: e358b7e8c075a5d9d03ceab89f6ffef1
Expected result: e358b7e8c075a5d9d03ceab89f6ffef1
Cycle counts:          311316,  92615,  92605,  92594,  92596,  92601,  92605,  92601,  92605,  92601,  92605,  92601,  92605,  92601,  92605,  92601,  92605,  92601,  92605,  92601, 
Branch dir mis:           646,    627,    623,    624,    621,    621,    621,    621,    621,    621,    621,    621,    621,    621,    621,    621,    621,    621,    621,    621, 
Branch target mis:          28,     24,     26,     24,     29,     28,     28,     28,     28,     28,     28,     28,     28,     28,     28,     28,     28,     28,     28,     28, 
Result: a1f6e6d5d6b73055c14f6698322fd8d5
Expected result: a1f6e6d5d6b73055c14f6698322fd8d5
Cycle counts:          308906,  92615,  92605,  92594,  92596,  92601,  92605,  92601,  92605,  92601,  92605,  92601,  92605,  92601,  92605,  92601,  92605,  92601,  92605,  92601, 
Branch dir mis:           646,    627,    623,    624,    621,    621,    621,    621,    621,    621,    621,    621,    621,    621,    621,    621,    621,    621,    621,    621, 
Branch target mis:          27,     24,     26,     24,     29,     28,     28,     28,     28,     28,     28,     28,     28,     28,     28,     28,     28,     28,     28,     28, 
Result: 9952b9a17ecd571c290af1db457f10e6
Expected result: 9952b9a17ecd571c290af1db457f10e6
Cycle counts:          311315,  92615,  92605,  92594,  92596,  92601,  92605,  92601,  92605,  92601,  92605,  92601,  92605,  92601,  92605,  92601,  92605,  92601,  92605,  92601, 
Branch dir mis:           646,    627,    623,    624,    621,    621,    621,    621,    621,    621,    621,    621,    621,    621,    621,    621,    621,    621,    621,    621, 
Branch target mis:          28,     24,     26,     24,     29,     28,     28,     28,     28,     28,     28,     28,     28,     28,     28,     28,     28,     28,     28,     28, 
Result: 5efaf59ce459fc49ea7afdeb88067ad3
Expected result: 5efaf59ce459fc49ea7afdeb88067ad3
Cycle counts:          308911,  92615,  92605,  92594,  92596,  92601,  92605,  92601,  92605,  92601,  92605,  92601,  92605,  92601,  92605,  92601,  92605,  92601,  92605,  92601, 
Branch dir mis:           648,    627,    623,    624,    621,    621,    621,    621,    621,    621,    621,    621,    621,    621,    621,    621,    621,    621,    621,    621, 
Branch target mis:          27,     24,     26,     24,     29,     28,     28,     28,     28,     28,     28,     28,     28,     28,     28,     28,     28,     28,     28,     28, 
Result: ce37cffaa3a793b4fe6225da32cce68f
Expected result: ce37cffaa3a793b4fe6225da32cce68f
Cycle counts:          311319,  92615,  92605,  92594,  92596,  92601,  92605,  92601,  92605,  92601,  92605,  92601,  92605,  92601,  92605,  92601,  92605,  92601,  92605,  92601, 
Branch dir mis:           647,    627,    623,    624,    621,    621,    621,    621,    621,    621,    621,    621,    621,    621,    621,    621,    621,    621,    621,    621, 
Branch target mis:          28,     24,     26,     24,     29,     28,     28,     28,     28,     28,     28,     28,     28,     28,     28,     28,     28,     28,     28,     28, 
Result: 51396d051e00f5f8b9f17eb0b4980343
Expected result: 51396d051e00f5f8b9f17eb0b4980343
Cycle counts:          308927,  92611,  92605,  92594,  92596,  92601,  92605,  92601,  92605,  92601,  92605,  92601,  92605,  92601,  92605,  92601,  92605,  92601,  92605,  92601, 
Branch dir mis:           647,    626,    623,    624,    621,    621,    621,    621,    621,    621,    621,    621,    621,    621,    621,    621,    621,    621,    621,    621, 
Branch target mis:          28,     24,     26,     24,     29,     28,     28,     28,     28,     28,     28,     28,     28,     28,     28,     28,     28,     28,     28,     28, 
Result: 2fcb5adb8033028ad401897577929249
Expected result: 2fcb5adb8033028ad401897577929249
Cycle counts:          311334,  92611,  92605,  92594,  92596,  92601,  92605,  92601,  92605,  92601,  92605,  92601,  92605,  92601,  92605,  92601,  92605,  92601,  92605,  92601, 
Branch dir mis:           646,    626,    623,    624,    621,    621,    621,    621,    621,    621,    621,    621,    621,    621,    621,    621,    621,    621,    621,    621, 
Branch target mis:          29,     24,     26,     24,     29,     28,     28,     28,     28,     28,     28,     28,     28,     28,     28,     28,     28,     28,     28,     28, 
Result: c212c32c37461cd4eca9fef606a0c3f3
Expected result: c212c32c37461cd4eca9fef606a0c3f3
Cycle counts:          311334,  92627,  92596,  92609,  92596,  92595,  92596,  92595,  92596,  92595,  92596,  92595,  92596,  92595,  92596,  92595,  92596,  92595,  92596,  92595, 
Branch dir mis:           646,    632,    623,    625,    620,    620,    620,    620,    620,    620,    620,    620,    620,    620,    620,    620,    620,    620,    620,    620, 
Branch target mis:          27,     27,     24,     28,     29,     28,     29,     29,     29,     29,     29,     29,     29,     29,     29,     29,     29,     29,     29,     29, 
Result: df1ba98da3613d70c39910f8f1ee8669
Expected result: df1ba98da3613d70c39910f8f1ee8669
Cycle counts:          308909,  92614,  92611,  92606,  92592,  92601,  92595,  92605,  92592,  92602,  92595,  92605,  92592,  92602,  92595,  92605,  92592,  92602,  92595,  92605, 
Branch dir mis:           647,    628,    626,    622,    619,    621,    619,    621,    619,    621,    619,    621,    619,    621,    619,    621,    619,    621,    619,    621, 
Branch target mis:          27,     25,     27,     27,     29,     28,     28,     28,     29,     28,     28,     28,     29,     28,     28,     28,     29,     28,     28,     28, 
Result: a09940693dc4c17c09b68a603c14d180
Expected result: a09940693dc4c17c09b68a603c14d180
Cycle counts:          311333,  92610,  92605,  92609,  92596,  92601,  92593,  92601,  92593,  92601,  92593,  92601,  92593,  92601,  92593,  92601,  92593,  92601,  92593,  92601, 
Branch dir mis:           647,    627,    625,    624,    621,    619,    619,    619,    619,    619,    619,    619,    619,    619,    619,    619,    619,    619,    619,    619, 
Branch target mis:          28,     25,     27,     28,     29,     28,     29,     28,     29,     28,     29,     28,     29,     28,     29,     28,     29,     28,     29,     28, 
Result: 27a90f420887a07b62aadb3447436166
Expected result: 27a90f420887a07b62aadb3447436166
Cycle counts:          308915,  92628,  92609,  92601,  92594,  92603,  92599,  92603,  92599,  92603,  92599,  92603,  92599,  92603,  92599,  92603,  92599,  92603,  92599,  92603, 
Branch dir mis:           649,    630,    623,    623,    620,    620,    620,    620,    620,    620,    620,    620,    620,    620,    620,    620,    620,    620,    620,    620, 
Branch target mis:          27,     26,     26,     28,     28,     28,     28,     28,     28,     28,     28,     28,     28,     28,     28,     28,     28,     28,     28,     28, 
Result: 55cfe90021c41c9e95978fff2c0c0567
Expected result: 55cfe90021c41c9e95978fff2c0c0567
Cycle counts:          311315,  92615,  92605,  92594,  92596,  92600,  92597,  92598,  92597,  92598,  92597,  92598,  92597,  92598,  92597,  92598,  92597,  92598,  92597,  92598, 
Branch dir mis:           646,    627,    623,    624,    621,    621,    621,    621,    621,    621,    621,    621,    621,    621,    621,    621,    621,    621,    621,    621, 
Branch target mis:          28,     24,     26,     24,     29,     29,     29,     29,     29,     29,     29,     29,     29,     29,     29,     29,     29,     29,     29,     29, 
Result: e8565b9f51a820a8ff23abd02fb41c9f
Expected result: e8565b9f51a820a8ff23abd02fb41c9f
Cycle counts:          308914,  92615,  92605,  92594,  92596,  92601,  92605,  92601,  92605,  92601,  92605,  92601,  92605,  92601,  92605,  92601,  92605,  92601,  92605,  92601, 
Branch dir mis:           649,    627,    623,    624,    621,    621,    621,    621,    621,    621,    621,    621,    621,    621,    621,    621,    621,    621,    621,    621, 
Branch target mis:          27,     24,     26,     24,     29,     28,     28,     28,     28,     28,     28,     28,     28,     28,     28,     28,     28,     28,     28,     28, 
Result: 9d3f8df360cbd673c86d977baff2b7dd
Expected result: 9d3f8df360cbd673c86d977baff2b7dd
Cycle counts:          311321,  92615,  92602,  92588,  92590,  92594,  92591,  92592,  92591,  92592,  92591,  92592,  92591,  92592,  92591,  92592,  92591,  92592,  92591,  92592, 
Branch dir mis:           648,    627,    622,    622,    619,    619,    619,    619,    619,    619,    619,    619,    619,    619,    619,    619,    619,    619,    619,    619, 
Branch target mis:          28,     24,     26,     24,     29,     29,     29,     29,     29,     29,     29,     29,     29,     29,     29,     29,     29,     29,     29,     29, 
Result: 4b2ff12bf0437926b207fac5c0b8a9f4
Expected result: 4b2ff12bf0437926b207fac5c0b8a9f4
Cycle counts:          308914,  92616,  92609,  92604,  92600,  92593,  92599,  92595,  92605,  92592,  92602,  92595,  92605,  92592,  92602,  92595,  92605,  92592,  92602,  92595, 
Branch dir mis:           649,    629,    626,    624,    619,    619,    621,    619,    621,    619,    621,    619,    621,    619,    621,    619,    621,    619,    621,    619, 
Branch target mis:          27,     25,     26,     28,     28,     29,     28,     28,     28,     29,     28,     28,     28,     29,     28,     28,     28,     29,     28,     28, 
Result: b8dc525e3d9e904ccc3674eedd3ed78e
Expected result: b8dc525e3d9e904ccc3674eedd3ed78e
Cycle counts:          311343,  92625,  92609,  92601,  92594,  92595,  92594,  92595,  92594,  92595,  92594,  92595,  92594,  92595,  92594,  92595,  92594,  92595,  92594,  92595, 
Branch dir mis:           649,    629,    623,    623,    620,    620,    620,    620,    620,    620,    620,    620,    620,    620,    620,    620,    620,    620,    620,    620, 
Branch target mis:          29,     26,     26,     28,     28,     29,     28,     29,     28,     29,     28,     29,     28,     29,     28,     29,     28,     29,     28,     29, 
Result: a61c4e9ec3d055b32302ebf853a9924d
Expected result: a61c4e9ec3d055b32302ebf853a9924d
Cycle counts:          308937,  92622,  92609,  92601,  92594,  92603,  92599,  92603,  92599,  92603,  92599,  92603,  92599,  92603,  92599,  92603,  92599,  92603,  92599,  92603, 
Branch dir mis:           650,    628,    623,    623,    620,    620,    620,    620,    620,    620,    620,    620,    620,    620,    620,    620,    620,    620,    620,    620, 
Branch target mis:          28,     26,     26,     28,     28,     28,     28,     28,     28,     28,     28,     28,     28,     28,     28,     28,     28,     28,     28,     28, 
Result: 6bb67ca3ce0f1afc220c779fb067ef9f
Expected result: 6bb67ca3ce0f1afc220c779fb067ef9f
Cycle counts:          311313,  92613,  92609,  92606,  92592,  92602,  92593,  92601,  92593,  92601,  92593,  92601,  92593,  92601,  92593,  92601,  92593,  92601,  92593,  92601, 
Branch dir mis:           645,    628,    626,    625,    619,    619,    619,    619,    619,    619,    619,    619,    619,    619,    619,    619,    619,    619,    619,    619, 
Branch target mis:          28,     25,     26,     28,     29,     28,     29,     28,     29,     28,     29,     28,     29,     28,     29,     28,     29,     28,     29,     28, 
Result: 7d6b34f64b5366f5bfe88b2134034a17
Expected result: 7d6b34f64b5366f5bfe88b2134034a17
Cycle counts:          308938,  92625,  92609,  92601,  92594,  92603,  92599,  92603,  92599,  92603,  92599,  92603,  92599,  92603,  92599,  92603,  92599,  92603,  92599,  92603, 
Branch dir mis:           650,    629,    623,    623,    620,    620,    620,    620,    620,    620,    620,    620,    620,    620,    620,    620,    620,    620,    620,    620, 
Branch target mis:          28,     26,     26,     28,     28,     28,     28,     28,     28,     28,     28,     28,     28,     28,     28,     28,     28,     28,     28,     28, 
Result: 58b11f0976f207c62104f9dbb95dc1d2
Expected result: 58b11f0976f207c62104f9dbb95dc1d2
AT+CWMODE=0-->ERR CODE:0x01080000
ERROR
Cycle counts:          311322,  92610,  92605,  92609,  92596,  92601,  92593,  92601,  92593,  92601,  92593,  92601,  92593,  92601,  92593,  92601,  92593,  92601,  92593,  92601, 
Branch dir mis:           644,    627,    625,    624,    621,    619,    619,    619,    619,    619,    619,    619,    619,    619,    619,    619,    619,    619,    619,    619, 
Branch target mis:          26,     25,     27,     28,     29,     28,     29,     28,     29,     28,     29,     28,     29,     28,     29,     28,     29,     28,     29,     28, 
Result: 43e4bd85d255c41d2af05bcae38a9214
Expected result: 43e4bd85d255c41d2af05bcae38a9214
Cycle counts:          308918,  92628,  92609,  92601,  92594,  92603,  92599,  92603,  92599,  92603,  92599,  92603,  92599,  92603,  92599,  92603,  92599,  92603,  92599,  92603, 
Branch dir mis:           650,    630,    623,    623,    620,    620,    620,    620,    620,    620,    620,    620,    620,    620,    620,    620,    620,    620,    620,    620, 
Branch target mis:          27,     26,     26,     28,     28,     28,     28,     28,     28,     28,     28,     28,     28,     28,     28,     28,     28,     28,     28,     28, 
Result: f1af1a21b300789bd579a3ba2cc5bfce
Expected result: f1af1a21b300789bd579a3ba2cc5bfce
Cycle counts:          311334,  92617,  92597,  92602,  92596,  92600,  92597,  92598,  92597,  92598,  92597,  92598,  92597,  92598,  92597,  92598,  92597,  92598,  92597,  92598, 
Branch dir mis:           646,    628,    623,    624,    621,    621,    621,    621,    621,    621,    621,    621,    621,    621,    621,    621,    621,    621,    621,    621, 
Branch target mis:          29,     24,     27,     28,     29,     29,     29,     29,     29,     29,     29,     29,     29,     29,     29,     29,     29,     29,     29,     29, 
Result: 40d0bf81e4c9670b697209bcbbdc81fb
Expected result: 40d0bf81e4c9670b697209bcbbdc81fb
Cycle counts:          308931,  92616,  92609,  92604,  92600,  92593,  92599,  92595,  92605,  92592,  92602,  92595,  92605,  92592,  92602,  92595,  92605,  92592,  92602,  92595, 
Branch dir mis:           649,    629,    626,    624,    619,    619,    621,    619,    621,    619,    621,    619,    621,    619,    621,    619,    621,    619,    621,    619, 
Branch target mis:          27,     25,     26,     28,     28,     29,     28,     28,     28,     29,     28,     28,     28,     29,     28,     28,     28,     29,     28,     28, 
Result: 84e785ca94454dfc96e59efa15f7b957
Expected result: 84e785ca94454dfc96e59efa15f7b957
Cycle counts:          311322,  92628,  92609,  92601,  92594,  92595,  92594,  92595,  92594,  92595,  92594,  92595,  92594,  92595,  92594,  92595,  92594,  92595,  92594,  92595, 
Branch dir mis:           648,    630,    623,    623,    620,    620,    620,    620,    620,    620,    620,    620,    620,    620,    620,    620,    620,    620,    620,    620, 
Branch target mis:          28,     26,     26,     28,     28,     29,     28,     29,     28,     29,     28,     29,     28,     29,     28,     29,     28,     29,     28,     29, 
Result: 62bfd58b6114a7833eaf05616de7013e
Expected result: 62bfd58b6114a7833eaf05616de7013e
Cycle counts:          308911,  92615,  92605,  92594,  92596,  92601,  92605,  92601,  92605,  92601,  92605,  92601,  92605,  92601,  92605,  92601,  92605,  92601,  92605,  92601, 
Branch dir mis:           648,    627,    623,    624,    621,    621,    621,    621,    621,    621,    621,    621,    621,    621,    621,    621,    621,    621,    621,    621, 
Branch target mis:          27,     24,     26,     24,     29,     28,     28,     28,     28,     28,     28,     28,     28,     28,     28,     28,     28,     28,     28,     28, 
Result: db398cef9f3e3856f56c6fa6d9d9cdbe
Expected result: db398cef9f3e3856f56c6fa6d9d9cdbe
Cycle counts:          311329,  92617,  92597,  92602,  92596,  92600,  92597,  92598,  92597,  92598,  92597,  92598,  92597,  92598,  92597,  92598,  92597,  92598,  92597,  92598, 
Branch dir mis:           645,    628,    623,    624,    621,    621,    621,    621,    621,    621,    621,    621,    621,    621,    621,    621,    621,    621,    621,    621, 
Branch target mis:          29,     24,     27,     28,     29,     29,     29,     29,     29,     29,     29,     29,     29,     29,     29,     29,     29,     29,     29,     29, 
Result: e2ae29414107d724089e3bb6f600c24a
Expected result: e2ae29414107d724089e3bb6f600c24a
Cycle counts:          308928,  92616,  92609,  92606,  92586,  92605,  92592,  92602,  92595,  92605,  92592,  92602,  92595,  92605,  92592,  92602,  92595,  92605,  92592,  92602, 
Branch dir mis:           648,    629,    626,    625,    619,    621,    619,    621,    619,    621,    619,    621,    619,    621,    619,    621,    619,    621,    619,    621, 
Branch target mis:          27,     25,     26,     28,     28,     28,     29,     28,     28,     28,     29,     28,     28,     28,     29,     28,     28,     28,     29,     28, 
Result: 447decbb91dba6e5fe267b4c3e05d15e
Expected result: 447decbb91dba6e5fe267b4c3e05d15e
Cycle counts:          311334,  92611,  92605,  92594,  92596,  92600,  92597,  92598,  92597,  92598,  92597,  92598,  92597,  92598,  92597,  92598,  92597,  92598,  92597,  92598, 
Branch dir mis:           646,    626,    623,    624,    621,    621,    621,    621,    621,    621,    621,    621,    621,    621,    621,    621,    621,    621,    621,    621, 
Branch target mis:          29,     24,     26,     24,     29,     29,     29,     29,     29,     29,     29,     29,     29,     29,     29,     29,     29,     29,     29,     29, 
Result: 010b958f470a697b4b3cc8cffcc10cad
Expected result: 010b958f470a697b4b3cc8cffcc10cad
Cycle counts:          308896,  92614,  92605,  92594,  92596,  92601,  92605,  92601,  92605,  92601,  92605,  92601,  92605,  92601,  92605,  92601,  92605,  92601,  92605,  92601, 
Branch dir mis:           641,    627,    623,    624,    621,    621,    621,    621,    621,    621,    621,    621,    621,    621,    621,    621,    621,    621,    621,    621, 
Branch target mis:          28,     24,     26,     24,     29,     28,     28,     28,     28,     28,     28,     28,     28,     28,     28,     28,     28,     28,     28,     28, 
Result: d823d211c5e649a1fcc33a2aa9ea88ca
Expected result: d823d211c5e649a1fcc33a2aa9ea88ca
Cycle counts:          311324,  92634,  92609,  92601,  92594,  92595,  92594,  92595,  92594,  92595,  92594,  92595,  92594,  92595,  92594,  92595,  92594,  92595,  92594,  92595, 
Branch dir mis:           649,    632,    623,    623,    620,    620,    620,    620,    620,    620,    620,    620,    620,    620,    620,    620,    620,    620,    620,    620, 
Branch target mis:          28,     26,     26,     28,     28,     29,     28,     29,     28,     29,     28,     29,     28,     29,     28,     29,     28,     29,     28,     29, 
Result: 789cfa47e68cfb072d8dd138d48a64db
Expected result: 789cfa47e68cfb072d8dd138d48a64db
Cycle counts:          308915,  92628,  92609,  92601,  92594,  92603,  92599,  92603,  92599,  92603,  92599,  92603,  92599,  92603,  92599,  92603,  92599,  92603,  92599,  92603, 
Branch dir mis:           649,    630,    623,    623,    620,    620,    620,    620,    620,    620,    620,    620,    620,    620,    620,    620,    620,    620,    620,    620, 
Branch target mis:          27,     26,     26,     28,     28,     28,     28,     28,     28,     28,     28,     28,     28,     28,     28,     28,     28,     28,     28,     28, 
Result: 6888a39024bc893fd1ae7c0096501fba
Expected result: 6888a39024bc893fd1ae7c0096501fba
Cycle counts:          311334,  92611,  92605,  92594,  92596,  92600,  92597,  92598,  92597,  92598,  92597,  92598,  92597,  92598,  92597,  92598,  92597,  92598,  92597,  92598, 
Branch dir mis:           646,    626,    623,    624,    621,    621,    621,    621,    621,    621,    621,    621,    621,    621,    621,    621,    621,    621,    621,    621, 
Branch target mis:          29,     24,     26,     24,     29,     29,     29,     29,     29,     29,     29,     29,     29,     29,     29,     29,     29,     29,     29,     29, 
Result: b2a8f55d886238a5eed4c8009101dde4
Expected result: b2a8f55d886238a5eed4c8009101dde4
Cycle counts:          308935,  92625,  92609,  92601,  92594,  92603,  92599,  92603,  92599,  92603,  92599,  92603,  92599,  92603,  92599,  92603,  92599,  92603,  92599,  92603, 
Branch dir mis:           649,    629,    623,    623,    620,    620,    620,    620,    620,    620,    620,    620,    620,    620,    620,    620,    620,    620,    620,    620, 
Branch target mis:          28,     26,     26,     28,     28,     28,     28,     28,     28,     28,     28,     28,     28,     28,     28,     28,     28,     28,     28,     28, 
Result: 82e9cb1270c9480d0784b710b3106ac5
Expected result: 82e9cb1270c9480d0784b710b3106ac5
Cycle counts:          311334,  92611,  92605,  92594,  92596,  92600,  92597,  92598,  92597,  92598,  92597,  92598,  92597,  92598,  92597,  92598,  92597,  92598,  92597,  92598, 
Branch dir mis:           646,    626,    623,    624,    621,    621,    621,    621,    621,    621,    621,    621,    621,    621,    621,    621,    621,    621,    621,    621, 
Branch target mis:          29,     24,     26,     24,     29,     29,     29,     29,     29,     29,     29,     29,     29,     29,     29,     29,     29,     29,     29,     29, 
Result: 97773c3509552c5160ecb4eb3b40fa2e
Expected result: 97773c3509552c5160ecb4eb3b40fa2e
Cycle counts:          308915,  92613,  92606,  92613,  92591,  92606,  92590,  92606,  92590,  92606,  92590,  92606,  92590,  92606,  92590,  92606,  92590,  92606,  92590,  92606, 
Branch dir mis:           649,    628,    625,    624,    619,    621,    619,    621,    619,    621,    619,    621,    619,    621,    619,    621,    619,    621,    619,    621, 
Branch target mis:          27,     25,     26,     28,     28,     28,     28,     28,     28,     28,     28,     28,     28,     28,     28,     28,     28,     28,     28,     28, 
Result: 799ab8ad63da5ab24f820dede5296941
Expected result: 799ab8ad63da5ab24f820dede5296941
AT+CWMODE=0--> Send sync error 
Cycle counts:          311326,  92608,  92610,  92602,  92596,  92601,  92593,  92601,  92593,  92601,  92593,  92601,  92593,  92601,  92593,  92601,  92593,  92601,  92593,  92601, 
Branch dir mis:           646,    626,    626,    622,    621,    619,    619,    619,    619,    619,    619,    619,    619,    619,    619,    619,    619,    619,    619,    619, 
Branch target mis:          27,     25,     28,     27,     29,     28,     29,     28,     29,     28,     29,     28,     29,     28,     29,     28,     29,     28,     29,     28, 
Result: 595daec9902dce1031fcfad3dfc12149
Expected result: 595daec9902dce1031fcfad3dfc12149
Cycle counts:          308935,  92625,  92609,  92601,  92594,  92603,  92599,  92603,  92599,  92603,  92599,  92603,  92599,  92603,  92599,  92603,  92599,  92603,  92599,  92603, 
Branch dir mis:           649,    629,    623,    623,    620,    620,    620,    620,    620,    620,    620,    620,    620,    620,    620,    620,    620,    620,    620,    620, 
Branch target mis:          28,     26,     26,     28,     28,     28,     28,     28,     28,     28,     28,     28,     28,     28,     28,     28,     28,     28,     28,     28, 
Result: 3b795208473829e9ad6f93773066e0d2
Expected result: 3b795208473829e9ad6f93773066e0d2
Cycle counts:          311316,  92607,  92605,  92609,  92593,  92599,  92601,  92600,  92593,  92599,  92601,  92600,  92593,  92599,  92601,  92600,  92593,  92599,  92601,  92600, 
Branch dir mis:           646,    626,    625,    624,    619,    621,    619,    621,    619,    621,    619,    621,    619,    621,    619,    621,    619,    621,    619,    621, 
Branch target mis:          28,     25,     27,     28,     29,     29,     28,     28,     29,     29,     28,     28,     29,     29,     28,     28,     29,     29,     28,     28, 
Result: 5302587649784d79d6b9b74cfa3e2760
Expected result: 5302587649784d79d6b9b74cfa3e2760
Cycle counts:          308929,  92616,  92609,  92606,  92592,  92602,  92592,  92593,  92595,  92605,  92592,  92602,  92595,  92605,  92592,  92602,  92595,  92605,  92592,  92602, 
Branch dir mis:           648,    629,    626,    625,    619,    619,    619,    621,    619,    621,    619,    621,    619,    621,    619,    621,    619,    621,    619,    621, 
Branch target mis:          27,     25,     26,     28,     29,     28,     29,     26,     28,     28,     29,     28,     28,     28,     29,     28,     28,     28,     29,     28, 
Result: 79a337f05e37934b28c2016c5bb44844
Expected result: 79a337f05e37934b28c2016c5bb44844
