Cycle counts:          11702616, 10745887, 10725047, 10653598, 10670027, 10697219, 10690136, 10677386, 10678252, 10698052, 10689854, 10639451, 10662662, 10684338, 10632499, 10659409, 10656720, 10669463, 10684627, 10700761, 
Branch dir mis:            28,     26,     24,     24,     24,     24,     24,     24,     24,     24,     24,     24,     24,     24,     24,     24,     24,     24,     24,     24, 
Branch target mis:     29767,  30378,  30212,  30389,  30351,  30351,  30389,  30389,  30389,  30389,  30389,  30351,  30389,  30351,  30389,  30389,  30389,  30351,  30389,  30389, 
Result: b612a75f0fe25a7d9442ddb1c4dd51996f4872b642d092907dc73bc5ce4fc37b
Expected result: b612a75f0fe25a7d9442ddb1c4dd51996f4872b642d092907dc73bc5ce4fc37b
Cycle counts:          11684764, 10800209, 10683531, 10688396, 10712599, 10701659, 10665821, 10649949, 10691340, 10668709, 10653499, 10677856, 10668641, 10653635, 10717384, 10678717, 10714112, 10651510, 10664977, 10685923, 
Branch dir mis:            27,     26,     24,     24,     24,     24,     24,     24,     24,     24,     24,     24,     24,     24,     24,     24,     24,     24,     24,     24, 
Branch target mis:     29796,  30853,  30372,  30416,  30416,  30853,  30851,  30851,  30372,  30416,  30853,  30851,  30851,  30851,  30372,  30853,  30851,  30851,  30852,  30851, 
Result: 8bb6e54eab294c7a243eeb5eb0c83c6f1f1a195315744b8234a92f737768eb36
Expected result: 8bb6e54eab294c7a243eeb5eb0c83c6f1f1a195315744b8234a92f737768eb36
Cycle counts:          11805235, 10851443, 10831190, 10759121, 10775683, 10802875, 10795659, 10782909, 10783775, 10803575, 10795377, 10745107, 10768185, 10789994, 10738022, 10764932, 10762243, 10775119, 10790150, 10806284, 
Branch dir mis:            25,     26,     24,     24,     24,     24,     24,     24,     24,     24,     24,     24,     24,     24,     24,     24,     24,     24,     24,     24, 
Branch target mis:     62075,  63204,  63204,  63203,  63203,  63203,  63203,  63203,  63203,  63203,  63203,  63203,  63203,  63203,  63203,  63203,  63203,  63203,  63203,  63203, 
Result: 732d98b7af5afa80a81604748428b0c54e5371daf73147c1bfd4728452e25b17
Expected result: 732d98b7af5afa80a81604748428b0c54e5371daf73147c1bfd4728452e25b17
Cycle counts:          11684709, 10800209, 10683531, 10688396, 10712599, 10701659, 10665821, 10649949, 10691340, 10668709, 10653499, 10677856, 10668641, 10653635, 10717384, 10678717, 10714112, 10651510, 10664977, 10685923, 
Branch dir mis:            28,     26,     24,     24,     24,     24,     24,     24,     24,     24,     24,     24,     24,     24,     24,     24,     24,     24,     24,     24, 
Branch target mis:     29782,  30853,  30372,  30416,  30416,  30853,  30851,  30851,  30372,  30416,  30853,  30851,  30851,  30851,  30372,  30853,  30851,  30851,  30852,  30851, 
Result: 141a082c1b098af03b611857cedf31a3d4393ce2043e087721fc50a47af8715e
Expected result: 141a082c1b098af03b611857cedf31a3d4393ce2043e087721fc50a47af8715e
Cycle counts:          11702792, 10745902, 10725047, 10653598, 10670027, 10697219, 10690136, 10677386, 10678252, 10698052, 10689854, 10639451, 10662662, 10684338, 10632499, 10659409, 10656720, 10669463, 10684627, 10700761, 
Branch dir mis:            26,     25,     24,     24,     24,     24,     24,     24,     24,     24,     24,     24,     24,     24,     24,     24,     24,     24,     24,     24, 
Branch target mis:     29812,  30382,  30212,  30389,  30351,  30351,  30389,  30389,  30389,  30389,  30389,  30351,  30389,  30351,  30389,  30389,  30389,  30351,  30389,  30389, 
Result: cac513023b7d7451200ddef1fe8669388b5ab2216021e4b110991151bd523813
Expected result: cac513023b7d7451200ddef1fe8669388b5ab2216021e4b110991151bd523813
Cycle counts:          11684764, 10800209, 10683531, 10688396, 10712599, 10701659, 10665821, 10649949, 10691340, 10668709, 10653499, 10677856, 10668641, 10653635, 10717384, 10678717, 10714112, 10651510, 10664977, 10685923, 
Branch dir mis:            27,     26,     24,     24,     24,     24,     24,     24,     24,     24,     24,     24,     24,     24,     24,     24,     24,     24,     24,     24, 
Branch target mis:     29796,  30853,  30372,  30416,  30416,  30853,  30851,  30851,  30372,  30416,  30853,  30851,  30851,  30851,  30372,  30853,  30851,  30851,  30852,  30851, 
Result: 377a6cb34f39a70e1e390bfa13e2f83b4d4738e00f0272492b406226c2f4172d
Expected result: 377a6cb34f39a70e1e390bfa13e2f83b4d4738e00f0272492b406226c2f4172d
Cycle counts:          11702780, 10745902, 10725047, 10653598, 10670027, 10697219, 10690136, 10677386, 10678252, 10698052, 10689854, 10639451, 10662662, 10684338, 10632499, 10659409, 10656720, 10669463, 10684627, 10700761, 
Branch dir mis:            26,     25,     24,     24,     24,     24,     24,     24,     24,     24,     24,     24,     24,     24,     24,     24,     24,     24,     24,     24, 
Branch target mis:     29808,  30382,  30212,  30389,  30351,  30351,  30389,  30389,  30389,  30389,  30389,  30351,  30389,  30351,  30389,  30389,  30389,  30351,  30389,  30389, 
Result: 5332d8ededacfda09bc3bb596274f8ca31b32c47a68330d89427036a3aab360b
Expected result: 5332d8ededacfda09bc3bb596274f8ca31b32c47a68330d89427036a3aab360b
Cycle counts:          11684015, 10800209, 10683531, 10688396, 10712599, 10701659, 10665821, 10649949, 10691340, 10668709, 10653499, 10677856, 10668641, 10653635, 10717384, 10678717, 10714112, 10651510, 10664977, 10685923, 
Branch dir mis:            26,     26,     24,     24,     24,     24,     24,     24,     24,     24,     24,     24,     24,     24,     24,     24,     24,     24,     24,     24, 
Branch target mis:     29667,  30853,  30372,  30416,  30416,  30853,  30851,  30851,  30372,  30416,  30853,  30851,  30851,  30851,  30372,  30853,  30851,  30851,  30852,  30851, 
Result: b602ba4062e9a5867499972670eb6293d9170f6a4ca7bfe4c4d18dca6a873e1f
Expected result: b602ba4062e9a5867499972670eb6293d9170f6a4ca7bfe4c4d18dca6a873e1f
Cycle counts:          11805235, 10851441, 10831190, 10759121, 10775683, 10802875, 10795659, 10782909, 10783775, 10803575, 10795377, 10745107, 10768185, 10789994, 10738022, 10764932, 10762243, 10775119, 10790150, 10806284, 
Branch dir mis:            25,     25,     24,     24,     24,     24,     24,     24,     24,     24,     24,     24,     24,     24,     24,     24,     24,     24,     24,     24, 
Branch target mis:     62075,  63204,  63204,  63203,  63203,  63203,  63203,  63203,  63203,  63203,  63203,  63203,  63203,  63203,  63203,  63203,  63203,  63203,  63203,  63203, 
Result: 74458a275e44bf662fede6ee53fb4885161a1a31e436d46866e806ae3236a910
Expected result: 74458a275e44bf662fede6ee53fb4885161a1a31e436d46866e806ae3236a910
Cycle counts:          11684764, 10800209, 10683531, 10688396, 10712599, 10701659, 10665821, 10649949, 10691340, 10668709, 10653499, 10677856, 10668641, 10653635, 10717384, 10678717, 10714112, 10651510, 10664977, 10685923, 
Branch dir mis:            27,     26,     24,     24,     24,     24,     24,     24,     24,     24,     24,     24,     24,     24,     24,     24,     24,     24,     24,     24, 
Branch target mis:     29796,  30853,  30372,  30416,  30416,  30853,  30851,  30851,  30372,  30416,  30853,  30851,  30851,  30851,  30372,  30853,  30851,  30851,  30852,  30851, 
Result: b0443a5fc9073107a4e35658818f4156821548c84ca18e08d68db8afb3786534
Expected result: b0443a5fc9073107a4e35658818f4156821548c84ca18e08d68db8afb3786534
Cycle counts:          11702792, 10745902, 10725047, 10653598, 10670027, 10697219, 10690136, 10677386, 10678252, 10698052, 10689854, 10639451, 10662662, 10684338, 10632499, 10659409, 10656720, 10669463, 10684627, 10700761, 
Branch dir mis:            26,     25,     24,     24,     24,     24,     24,     24,     24,     24,     24,     24,     24,     24,     24,     24,     24,     24,     24,     24, 
Branch target mis:     29812,  30382,  30212,  30389,  30351,  30351,  30389,  30389,  30389,  30389,  30389,  30351,  30389,  30351,  30389,  30389,  30389,  30351,  30389,  30389, 
Result: ccf5ce2a8ef2011d4796bc29cb40d19bf75665be15cc315e1eedc39a34b27011
Expected result: ccf5ce2a8ef2011d4796bc29cb40d19bf75665be15cc315e1eedc39a34b27011
Cycle counts:          11787184, 10905116, 10790403, 10795088, 10819291, 10806566, 10770743, 10754871, 10798212, 10775401, 10758406, 10782778, 10773563, 10758557, 10824256, 10783624, 10819034, 10756432, 10769908, 10790845, 
Branch dir mis:            27,     26,     24,     24,     24,     24,     24,     24,     24,     24,     24,     24,     24,     24,     24,     24,     24,     24,     24,     24, 
Branch target mis:     62049,  63203,  63203,  63203,  63203,  63203,  63203,  63203,  63203,  63203,  63203,  63203,  63203,  63203,  63203,  63203,  63203,  63203,  63207,  63203, 
Result: c61db7634d316e1c36e447bbd6c029c639b5e1fa5120903c8884cea76dee2b2c
Expected result: c61db7634d316e1c36e447bbd6c029c639b5e1fa5120903c8884cea76dee2b2c
Cycle counts:          11805275, 10851441, 10831190, 10759121, 10775683, 10802875, 10795659, 10782909, 10783775, 10803575, 10795377, 10745107, 10768185, 10789994, 10738022, 10764932, 10762243, 10775119, 10790150, 10806284, 
Branch dir mis:            27,     25,     24,     24,     24,     24,     24,     24,     24,     24,     24,     24,     24,     24,     24,     24,     24,     24,     24,     24, 
Branch target mis:     62087,  63204,  63204,  63203,  63203,  63203,  63203,  63203,  63203,  63203,  63203,  63203,  63203,  63203,  63203,  63203,  63203,  63203,  63203,  63203, 
Result: 9aafc5d9e1775fd22d3ae5314a5c5165a05b88e91c1c669cd9af4a3d20c97975
Expected result: 9aafc5d9e1775fd22d3ae5314a5c5165a05b88e91c1c669cd9af4a3d20c97975
Cycle counts:          11684764, 10800209, 10683531, 10688396, 10712599, 10701659, 10665821, 10649949, 10691340, 10668709, 10653499, 10677856, 10668641, 10653635, 10717384, 10678717, 10714112, 10651510, 10664977, 10685923, 
Branch dir mis:            27,     26,     24,     24,     24,     24,     24,     24,     24,     24,     24,     24,     24,     24,     24,     24,     24,     24,     24,     24, 
Branch target mis:     29796,  30853,  30372,  30416,  30416,  30853,  30851,  30851,  30372,  30416,  30853,  30851,  30851,  30851,  30372,  30853,  30851,  30851,  30852,  30851, 
Result: c857d530c09e2278f421b9a5bbdd1a351bfb47b4843ddaf4bd521a29a62a4755
Expected result: c857d530c09e2278f421b9a5bbdd1a351bfb47b4843ddaf4bd521a29a62a4755
Cycle counts:          11701991, 10745902, 10725047, 10653598, 10670027, 10697219, 10690136, 10677386, 10678252, 10698052, 10689854, 10639451, 10662662, 10684338, 10632499, 10659409, 10656720, 10669463, 10684627, 10700761, 
Branch dir mis:            26,     25,     24,     24,     24,     24,     24,     24,     24,     24,     24,     24,     24,     24,     24,     24,     24,     24,     24,     24, 
Branch target mis:     29670,  30382,  30212,  30389,  30351,  30351,  30389,  30389,  30389,  30389,  30389,  30351,  30389,  30351,  30389,  30389,  30389,  30351,  30389,  30389, 
Result: 9967f71e52143a43bd20c935a46117ed9ea71cc9f7c0d2bb49e881eb1ddc742d
Expected result: 9967f71e52143a43bd20c935a46117ed9ea71cc9f7c0d2bb49e881eb1ddc742d
Cycle counts:          11684709, 10800209, 10683531, 10688396, 10712599, 10701659, 10665821, 10649949, 10691340, 10668709, 10653499, 10677856, 10668641, 10653635, 10717384, 10678717, 10714112, 10651510, 10664977, 10685923, 
Branch dir mis:            28,     26,     24,     24,     24,     24,     24,     24,     24,     24,     24,     24,     24,     24,     24,     24,     24,     24,     24,     24, 
Branch target mis:     29782,  30853,  30372,  30416,  30416,  30853,  30851,  30851,  30372,  30416,  30853,  30851,  30851,  30851,  30372,  30853,  30851,  30851,  30852,  30851, 
Result: 51e3a2406f9cbc4bf0f6349b0e2a0d653496c20eb1bbecf7ace09e0bcbf99d22
Expected result: 51e3a2406f9cbc4bf0f6349b0e2a0d653496c20eb1bbecf7ace09e0bcbf99d22
Cycle counts:          11702780, 10745778, 10725047, 10653598, 10670027, 10697219, 10690136, 10677386, 10678252, 10698052, 10689854, 10639451, 10662662, 10684338, 10632499, 10659409, 10656720, 10669463, 10684627, 10700761, 
Branch dir mis:            26,     26,     24,     24,     24,     24,     24,     24,     24,     24,     24,     24,     24,     24,     24,     24,     24,     24,     24,     24, 
Branch target mis:     29808,  30345,  30212,  30389,  30351,  30351,  30389,  30389,  30389,  30389,  30389,  30351,  30389,  30351,  30389,  30389,  30389,  30351,  30389,  30389, 
Result: f9a1dccf470012cb0abb9cb5c0d3e80c9759c7218c34fb8eca4efe031146896b
Expected result: f9a1dccf470012cb0abb9cb5c0d3e80c9759c7218c34fb8eca4efe031146896b
Cycle counts:          11844817, 10870135, 10779375, 10785049, 10786313, 10785185, 10790856, 10762238, 10769031, 10824820, 10751467, 10748929, 10847198, 10772717, 10787159, 10822700, 10772712, 10778961, 10772999, 10767339, 
Branch dir mis:            27,     26,     24,     24,     24,     24,     24,     24,     24,     24,     24,     24,     24,     24,     24,     24,     24,     24,     24,     24, 
Branch target mis:     62049,  63203,  63203,  63203,  63203,  63203,  63207,  63203,  63203,  63203,  63203,  63203,  63203,  63203,  63203,  63203,  63203,  63203,  63203,  63203, 
Result: 1c575cdad0a48007156a566dd68b685676c9d3bebb0a55eabcb99101dae72f05
Expected result: 1c575cdad0a48007156a566dd68b685676c9d3bebb0a55eabcb99101dae72f05
Cycle counts:          11805153, 10851441, 10831190, 10759121, 10775683, 10802875, 10795659, 10782909, 10783775, 10803575, 10795377, 10745107, 10768185, 10789994, 10738022, 10764932, 10762243, 10775119, 10790150, 10806284, 
Branch dir mis:            28,     25,     24,     24,     24,     24,     24,     24,     24,     24,     24,     24,     24,     24,     24,     24,     24,     24,     24,     24, 
Branch target mis:     62049,  63204,  63204,  63203,  63203,  63203,  63203,  63203,  63203,  63203,  63203,  63203,  63203,  63203,  63203,  63203,  63203,  63203,  63203,  63203, 
Result: e24aefd1f00d0c26a4ce563592da0178b60f757d8b3a79afb72f92ec843e8464
Expected result: e24aefd1f00d0c26a4ce563592da0178b60f757d8b3a79afb72f92ec843e8464
Cycle counts:          11684015, 10800209, 10683531, 10688396, 10712599, 10701659, 10665821, 10649949, 10691340, 10668709, 10653499, 10677856, 10668641, 10653635, 10717384, 10678717, 10714112, 10651510, 10664977, 10685923, 
Branch dir mis:            26,     26,     24,     24,     24,     24,     24,     24,     24,     24,     24,     24,     24,     24,     24,     24,     24,     24,     24,     24, 
Branch target mis:     29667,  30853,  30372,  30416,  30416,  30853,  30851,  30851,  30372,  30416,  30853,  30851,  30851,  30851,  30372,  30853,  30851,  30851,  30852,  30851, 
Result: 047d7c3ca5f46d628bb1574c48082979ba596634d700a93bdbab4453372f4d3d
Expected result: 047d7c3ca5f46d628bb1574c48082979ba596634d700a93bdbab4453372f4d3d
Cycle counts:          11805149, 10851429, 10831190, 10759121, 10775683, 10802875, 10795659, 10782909, 10783775, 10803575, 10795377, 10745107, 10768185, 10789994, 10738022, 10764932, 10762243, 10775119, 10790150, 10806284, 
Branch dir mis:            26,     26,     24,     24,     24,     24,     24,     24,     24,     24,     24,     24,     24,     24,     24,     24,     24,     24,     24,     24, 
Branch target mis:     62049,  63199,  63204,  63203,  63203,  63203,  63203,  63203,  63203,  63203,  63203,  63203,  63203,  63203,  63203,  63203,  63203,  63203,  63203,  63203, 
Result: 4af3abaa69183d1142d233c9028a62479d09d4fbe5b0939221661ef47c5d9f7a
Expected result: 4af3abaa69183d1142d233c9028a62479d09d4fbe5b0939221661ef47c5d9f7a
Cycle counts:          11684764, 10800209, 10683531, 10688396, 10712599, 10701659, 10665821, 10649949, 10691340, 10668709, 10653499, 10677856, 10668641, 10653635, 10717384, 10678717, 10714112, 10651510, 10664977, 10685923, 
Branch dir mis:            27,     26,     24,     24,     24,     24,     24,     24,     24,     24,     24,     24,     24,     24,     24,     24,     24,     24,     24,     24, 
Branch target mis:     29796,  30853,  30372,  30416,  30416,  30853,  30851,  30851,  30372,  30416,  30853,  30851,  30851,  30851,  30372,  30853,  30851,  30851,  30852,  30851, 
Result: 2c3a5f9197740273326680dbbd49e3ea3a5d6b7c24b7cc369711e06fa97b0c65
Expected result: 2c3a5f9197740273326680dbbd49e3ea3a5d6b7c24b7cc369711e06fa97b0c65
Cycle counts:          11805149, 10851441, 10831190, 10759121, 10775683, 10802875, 10795659, 10782909, 10783775, 10803575, 10795377, 10745107, 10768185, 10789994, 10738022, 10764932, 10762243, 10775119, 10790150, 10806284, 
Branch dir mis:            26,     25,     24,     24,     24,     24,     24,     24,     24,     24,     24,     24,     24,     24,     24,     24,     24,     24,     24,     24, 
Branch target mis:     62049,  63204,  63204,  63203,  63203,  63203,  63203,  63203,  63203,  63203,  63203,  63203,  63203,  63203,  63203,  63203,  63203,  63203,  63203,  63203, 
Result: a2e57a3e791726b2409a6ca47ffdecbda24e368febe0fdeab90764dbebd77611
Expected result: a2e57a3e791726b2409a6ca47ffdecbda24e368febe0fdeab90764dbebd77611
Cycle counts:          11787184, 10905116, 10790403, 10795088, 10819291, 10806566, 10770743, 10754871, 10798212, 10775401, 10758406, 10782778, 10773563, 10758557, 10824256, 10783624, 10819034, 10756432, 10769908, 10790845, 
Branch dir mis:            27,     26,     24,     24,     24,     24,     24,     24,     24,     24,     24,     24,     24,     24,     24,     24,     24,     24,     24,     24, 
Branch target mis:     62049,  63203,  63203,  63203,  63203,  63203,  63203,  63203,  63203,  63203,  63203,  63203,  63203,  63203,  63203,  63203,  63203,  63203,  63207,  63203, 
Result: f5b8ddffef89255dce83a1b0eff20a9b2b3bbb9e8d2abbc949a360e23d89e467
Expected result: f5b8ddffef89255dce83a1b0eff20a9b2b3bbb9e8d2abbc949a360e23d89e467
Cycle counts:          11702792, 10745902, 10725047, 10653598, 10670027, 10697219, 10690136, 10677386, 10678252, 10698052, 10689854, 10639451, 10662662, 10684338, 10632499, 10659409, 10656720, 10669463, 10684627, 10700761, 
Branch dir mis:            26,     25,     24,     24,     24,     24,     24,     24,     24,     24,     24,     24,     24,     24,     24,     24,     24,     24,     24,     24, 
Branch target mis:     29812,  30382,  30212,  30389,  30351,  30351,  30389,  30389,  30389,  30389,  30389,  30351,  30389,  30351,  30389,  30389,  30389,  30351,  30389,  30389, 
Result: 778f673151030f84e1559ada4b33a1ab82a07438819b75cca8ee7e55e2c5836e
Expected result: 778f673151030f84e1559ada4b33a1ab82a07438819b75cca8ee7e55e2c5836e
Cycle counts:          11684709, 10800209, 10683531, 10688396, 10712599, 10701659, 10665821, 10649949, 10691340, 10668709, 10653499, 10677856, 10668641, 10653635, 10717384, 10678717, 10714112, 10651510, 10664977, 10685923, 
Branch dir mis:            28,     26,     24,     24,     24,     24,     24,     24,     24,     24,     24,     24,     24,     24,     24,     24,     24,     24,     24,     24, 
Branch target mis:     29782,  30853,  30372,  30416,  30416,  30853,  30851,  30851,  30372,  30416,  30853,  30851,  30851,  30851,  30372,  30853,  30851,  30851,  30852,  30851, 
Result: 00832b811c4d05b51c3afd41c96d2694a586bb74d5540d53a8a3ffbffa079702
Expected result: 00832b811c4d05b51c3afd41c96d2694a586bb74d5540d53a8a3ffbffa079702
Cycle counts:          11805149, 10851443, 10831190, 10759121, 10775683, 10802875, 10795659, 10782909, 10783775, 10803575, 10795377, 10745107, 10768185, 10789994, 10738022, 10764932, 10762243, 10775119, 10790150, 10806284, 
Branch dir mis:            26,     26,     24,     24,     24,     24,     24,     24,     24,     24,     24,     24,     24,     24,     24,     24,     24,     24,     24,     24, 
Branch target mis:     62049,  63204,  63204,  63203,  63203,  63203,  63203,  63203,  63203,  63203,  63203,  63203,  63203,  63203,  63203,  63203,  63203,  63203,  63203,  63203, 
Result: 0d14ccd2fedfa82767b5b8169bf28e62274812690747b655ee0a49a3e1b87655
Expected result: 0d14ccd2fedfa82767b5b8169bf28e62274812690747b655ee0a49a3e1b87655
Cycle counts:          11683963, 10800209, 10683531, 10688396, 10712599, 10701659, 10665821, 10649949, 10691340, 10668709, 10653499, 10677856, 10668641, 10653635, 10717384, 10678717, 10714112, 10651510, 10664977, 10685923, 
Branch dir mis:            27,     26,     24,     24,     24,     24,     24,     24,     24,     24,     24,     24,     24,     24,     24,     24,     24,     24,     24,     24, 
Branch target mis:     29654,  30853,  30372,  30416,  30416,  30853,  30851,  30851,  30372,  30416,  30853,  30851,  30851,  30851,  30372,  30853,  30851,  30851,  30852,  30851, 
Result: fe66abf98e2bedf09562c922cd5de4bd56854ff8352f50e14d7746f0b6b9800b
Expected result: fe66abf98e2bedf09562c922cd5de4bd56854ff8352f50e14d7746f0b6b9800b
Cycle counts:          11805149, 10851443, 10831190, 10759121, 10775683, 10802875, 10795659, 10782909, 10783775, 10803575, 10795377, 10745107, 10768185, 10789994, 10738022, 10764932, 10762243, 10775119, 10790150, 10806284, 
Branch dir mis:            26,     26,     24,     24,     24,     24,     24,     24,     24,     24,     24,     24,     24,     24,     24,     24,     24,     24,     24,     24, 
Branch target mis:     62049,  63204,  63204,  63203,  63203,  63203,  63203,  63203,  63203,  63203,  63203,  63203,  63203,  63203,  63203,  63203,  63203,  63203,  63203,  63203, 
Result: b53adb45671d71f1a92c18d9429216a7a4881e9dd586d1787c24fda4196d925b
Expected result: b53adb45671d71f1a92c18d9429216a7a4881e9dd586d1787c24fda4196d925b
Cycle counts:          11683963, 10800209, 10683531, 10688396, 10712599, 10701659, 10665821, 10649949, 10691340, 10668709, 10653499, 10677856, 10668641, 10653635, 10717384, 10678717, 10714112, 10651510, 10664977, 10685923, 
Branch dir mis:            27,     26,     24,     24,     24,     24,     24,     24,     24,     24,     24,     24,     24,     24,     24,     24,     24,     24,     24,     24, 
Branch target mis:     29654,  30853,  30372,  30416,  30416,  30853,  30851,  30851,  30372,  30416,  30853,  30851,  30851,  30851,  30372,  30853,  30851,  30851,  30852,  30851, 
Result: f034eba32c4c047a10ba66bfc40ea2877afb123f157f0595bb1e55cd0cf4ea26
Expected result: f034eba32c4c047a10ba66bfc40ea2877afb123f157f0595bb1e55cd0cf4ea26
Cycle counts:          11805149, 10851441, 10831190, 10759121, 10775683, 10802875, 10795659, 10782909, 10783775, 10803575, 10795377, 10745107, 10768185, 10789994, 10738022, 10764932, 10762243, 10775119, 10790150, 10806284, 
Branch dir mis:            26,     25,     24,     24,     24,     24,     24,     24,     24,     24,     24,     24,     24,     24,     24,     24,     24,     24,     24,     24, 
Branch target mis:     62049,  63204,  63204,  63203,  63203,  63203,  63203,  63203,  63203,  63203,  63203,  63203,  63203,  63203,  63203,  63203,  63203,  63203,  63203,  63203, 
Result: d6b5efc7b47344cd024dfa949514c305567ff3cc6a89013c75e07b31ac38a224
Expected result: d6b5efc7b47344cd024dfa949514c305567ff3cc6a89013c75e07b31ac38a224
Cycle counts:          11684764, 10800209, 10683531, 10688396, 10712599, 10701659, 10665821, 10649949, 10691340, 10668709, 10653499, 10677856, 10668641, 10653635, 10717384, 10678717, 10714112, 10651510, 10664977, 10685923, 
Branch dir mis:            27,     26,     24,     24,     24,     24,     24,     24,     24,     24,     24,     24,     24,     24,     24,     24,     24,     24,     24,     24, 
Branch target mis:     29796,  30853,  30372,  30416,  30416,  30853,  30851,  30851,  30372,  30416,  30853,  30851,  30851,  30851,  30372,  30853,  30851,  30851,  30852,  30851, 
Result: c3a45d79d3f0a4bb4d1a9959ebbb52c946de5e9bff41549fdc10b3db9695de6f
Expected result: c3a45d79d3f0a4bb4d1a9959ebbb52c946de5e9bff41549fdc10b3db9695de6f
Cycle counts:          11805149, 10851443, 10831190, 10759121, 10775683, 10802875, 10795659, 10782909, 10783775, 10803575, 10795377, 10745107, 10768185, 10789994, 10738022, 10764932, 10762243, 10775119, 10790150, 10806284, 
Branch dir mis:            26,     26,     24,     24,     24,     24,     24,     24,     24,     24,     24,     24,     24,     24,     24,     24,     24,     24,     24,     24, 
Branch target mis:     62049,  63204,  63204,  63203,  63203,  63203,  63203,  63203,  63203,  63203,  63203,  63203,  63203,  63203,  63203,  63203,  63203,  63203,  63203,  63203, 
Result: ba1b5dd826c1f3184fa750ac440c117894b26433d8dc97e78297a2b346a6f21a
Expected result: ba1b5dd826c1f3184fa750ac440c117894b26433d8dc97e78297a2b346a6f21a
Cycle counts:          11684764, 10800209, 10683531, 10688396, 10712599, 10701659, 10665821, 10649949, 10691340, 10668709, 10653499, 10677856, 10668641, 10653635, 10717384, 10678717, 10714112, 10651510, 10664977, 10685923, 
Branch dir mis:            27,     26,     24,     24,     24,     24,     24,     24,     24,     24,     24,     24,     24,     24,     24,     24,     24,     24,     24,     24, 
Branch target mis:     29796,  30853,  30372,  30416,  30416,  30853,  30851,  30851,  30372,  30416,  30853,  30851,  30851,  30851,  30372,  30853,  30851,  30851,  30852,  30851, 
Result: 6d395ec834b8a1994fe8bf9064c9b97ad7992e83a37900091d44bfe415f96018
Expected result: 6d395ec834b8a1994fe8bf9064c9b97ad7992e83a37900091d44bfe415f96018
Cycle counts:          11702740, 10745902, 10725047, 10653598, 10670027, 10697219, 10690136, 10677386, 10678252, 10698052, 10689854, 10639451, 10662662, 10684338, 10632499, 10659409, 10656720, 10669463, 10684627, 10700761, 
Branch dir mis:            27,     25,     24,     24,     24,     24,     24,     24,     24,     24,     24,     24,     24,     24,     24,     24,     24,     24,     24,     24, 
Branch target mis:     29799,  30382,  30212,  30389,  30351,  30351,  30389,  30389,  30389,  30389,  30389,  30351,  30389,  30351,  30389,  30389,  30389,  30351,  30389,  30389, 
Result: 904a3ad76ed30201507c46f03bef48fb4e230ec427ac92dab6b97325ab29b904
Expected result: 904a3ad76ed30201507c46f03bef48fb4e230ec427ac92dab6b97325ab29b904
Cycle counts:          11683963, 10800209, 10683531, 10688396, 10712599, 10701659, 10665821, 10649949, 10691340, 10668709, 10653499, 10677856, 10668641, 10653635, 10717384, 10678717, 10714112, 10651510, 10664977, 10685923, 
Branch dir mis:            27,     26,     24,     24,     24,     24,     24,     24,     24,     24,     24,     24,     24,     24,     24,     24,     24,     24,     24,     24, 
Branch target mis:     29654,  30853,  30372,  30416,  30416,  30853,  30851,  30851,  30372,  30416,  30853,  30851,  30851,  30851,  30372,  30853,  30851,  30851,  30852,  30851, 
Result: 71709a7097e59dd6901ce5eae2c00e5f2118f441b9ea2cce1855cb17d1a7354c
Expected result: 71709a7097e59dd6901ce5eae2c00e5f2118f441b9ea2cce1855cb17d1a7354c
Cycle counts:          11805149, 10851443, 10831190, 10759121, 10775683, 10802875, 10795659, 10782909, 10783775, 10803575, 10795377, 10745107, 10768185, 10789994, 10738022, 10764932, 10762243, 10775119, 10790150, 10806284, 
Branch dir mis:            26,     26,     24,     24,     24,     24,     24,     24,     24,     24,     24,     24,     24,     24,     24,     24,     24,     24,     24,     24, 
Branch target mis:     62049,  63204,  63204,  63203,  63203,  63203,  63203,  63203,  63203,  63203,  63203,  63203,  63203,  63203,  63203,  63203,  63203,  63203,  63203,  63203, 
Result: 35662393ac647f682abc58b6bd25ae000a82ca135ed0f780512e2ba41369e34b
Expected result: 35662393ac647f682abc58b6bd25ae000a82ca135ed0f780512e2ba41369e34b
Cycle counts:          11684764, 10800207, 10683531, 10688396, 10712599, 10701659, 10665821, 10649949, 10691340, 10668709, 10653499, 10677856, 10668641, 10653635, 10717384, 10678717, 10714112, 10651510, 10664977, 10685923, 
Branch dir mis:            27,     25,     24,     24,     24,     24,     24,     24,     24,     24,     24,     24,     24,     24,     24,     24,     24,     24,     24,     24, 
Branch target mis:     29796,  30853,  30372,  30416,  30416,  30853,  30851,  30851,  30372,  30416,  30853,  30851,  30851,  30851,  30372,  30853,  30851,  30851,  30852,  30851, 
Result: b16b905d654880a69ac4bbb0edf073cc6ea2b1f26fb4fdcefb66183de430a815
Expected result: b16b905d654880a69ac4bbb0edf073cc6ea2b1f26fb4fdcefb66183de430a815
Cycle counts:          11701991, 10745902, 10725047, 10653598, 10670027, 10697219, 10690136, 10677386, 10678252, 10698052, 10689854, 10639451, 10662662, 10684338, 10632499, 10659409, 10656720, 10669463, 10684627, 10700761, 
Branch dir mis:            26,     25,     24,     24,     24,     24,     24,     24,     24,     24,     24,     24,     24,     24,     24,     24,     24,     24,     24,     24, 
Branch target mis:     29670,  30382,  30212,  30389,  30351,  30351,  30389,  30389,  30389,  30389,  30389,  30351,  30389,  30351,  30389,  30389,  30389,  30351,  30389,  30389, 
Result: 862df4455082b14775b97171a296a709dc8ea55080d6e7ed4d7f4b7ea14f2909
Expected result: 862df4455082b14775b97171a296a709dc8ea55080d6e7ed4d7f4b7ea14f2909
Cycle counts:          11684015, 10800209, 10683531, 10688396, 10712599, 10701659, 10665821, 10649949, 10691340, 10668709, 10653499, 10677856, 10668641, 10653635, 10717384, 10678717, 10714112, 10651510, 10664977, 10685923, 
Branch dir mis:            26,     26,     24,     24,     24,     24,     24,     24,     24,     24,     24,     24,     24,     24,     24,     24,     24,     24,     24,     24, 
Branch target mis:     29667,  30853,  30372,  30416,  30416,  30853,  30851,  30851,  30372,  30416,  30853,  30851,  30851,  30851,  30372,  30853,  30851,  30851,  30852,  30851, 
Result: 4aebde737a1a675c5449297d04e043c30afd210ec747eeb4175350cf9253f874
Expected result: 4aebde737a1a675c5449297d04e043c30afd210ec747eeb4175350cf9253f874
Cycle counts:          11702685, 10745902, 10725047, 10653598, 10670027, 10697219, 10690136, 10677386, 10678252, 10698052, 10689854, 10639451, 10662662, 10684338, 10632499, 10659409, 10656720, 10669463, 10684627, 10700761, 
Branch dir mis:            28,     25,     24,     24,     24,     24,     24,     24,     24,     24,     24,     24,     24,     24,     24,     24,     24,     24,     24,     24, 
Branch target mis:     29785,  30382,  30212,  30389,  30351,  30351,  30389,  30389,  30389,  30389,  30389,  30351,  30389,  30351,  30389,  30389,  30389,  30351,  30389,  30389, 
Result: a567db901062b604a34ae194ffe34686efd76aa63a44d566384a2264f940ee1b
Expected result: a567db901062b604a34ae194ffe34686efd76aa63a44d566384a2264f940ee1b
Cycle counts:          11683963, 10800209, 10683531, 10688396, 10712599, 10701659, 10665821, 10649949, 10691340, 10668709, 10653499, 10677856, 10668641, 10653635, 10717384, 10678717, 10714112, 10651510, 10664977, 10685923, 
Branch dir mis:            27,     26,     24,     24,     24,     24,     24,     24,     24,     24,     24,     24,     24,     24,     24,     24,     24,     24,     24,     24, 
Branch target mis:     29654,  30853,  30372,  30416,  30416,  30853,  30851,  30851,  30372,  30416,  30853,  30851,  30851,  30851,  30372,  30853,  30851,  30851,  30852,  30851, 
Result: 14d778719ae4c27855f6e54d73604fad1b5b5385751b01656b81412f0cb47609
Expected result: 14d778719ae4c27855f6e54d73604fad1b5b5385751b01656b81412f0cb47609
Cycle counts:          11702792, 10745902, 10725047, 10653598, 10670027, 10697219, 10690136, 10677386, 10678252, 10698052, 10689854, 10639451, 10662662, 10684338, 10632499, 10659409, 10656720, 10669463, 10684627, 10700761, 
Branch dir mis:            26,     25,     24,     24,     24,     24,     24,     24,     24,     24,     24,     24,     24,     24,     24,     24,     24,     24,     24,     24, 
Branch target mis:     29812,  30382,  30212,  30389,  30351,  30351,  30389,  30389,  30389,  30389,  30389,  30351,  30389,  30351,  30389,  30389,  30389,  30351,  30389,  30389, 
Result: 0615be3a7cdd18a5dc35431254a48780a01a9a0294a5b774552941ebae5ec565
Expected result: 0615be3a7cdd18a5dc35431254a48780a01a9a0294a5b774552941ebae5ec565
Cycle counts:          11684709, 10800209, 10683531, 10688396, 10712599, 10701659, 10665821, 10649949, 10691340, 10668709, 10653499, 10677856, 10668641, 10653635, 10717384, 10678717, 10714112, 10651510, 10664977, 10685923, 
Branch dir mis:            28,     26,     24,     24,     24,     24,     24,     24,     24,     24,     24,     24,     24,     24,     24,     24,     24,     24,     24,     24, 
Branch target mis:     29782,  30853,  30372,  30416,  30416,  30853,  30851,  30851,  30372,  30416,  30853,  30851,  30851,  30851,  30372,  30853,  30851,  30851,  30852,  30851, 
Result: fff28dcfac70c1e327fef6671439d50a18aef301d060deaad65cf04201871f10
Expected result: fff28dcfac70c1e327fef6671439d50a18aef301d060deaad65cf04201871f10
Cycle counts:          11805235, 10851443, 10831190, 10759121, 10775683, 10802875, 10795659, 10782909, 10783775, 10803575, 10795377, 10745107, 10768185, 10789994, 10738022, 10764932, 10762243, 10775119, 10790150, 10806284, 
Branch dir mis:            25,     26,     24,     24,     24,     24,     24,     24,     24,     24,     24,     24,     24,     24,     24,     24,     24,     24,     24,     24, 
Branch target mis:     62075,  63204,  63204,  63203,  63203,  63203,  63203,  63203,  63203,  63203,  63203,  63203,  63203,  63203,  63203,  63203,  63203,  63203,  63203,  63203, 
Result: 2a13826ba7c7117c6d7c3e0f13a3d6911e884c20250f3767772d5586e607730f
Expected result: 2a13826ba7c7117c6d7c3e0f13a3d6911e884c20250f3767772d5586e607730f
Cycle counts:          11684764, 10800209, 10683531, 10688396, 10712599, 10701659, 10665821, 10649949, 10691340, 10668709, 10653499, 10677856, 10668641, 10653635, 10717384, 10678717, 10714112, 10651510, 10664977, 10685923, 
Branch dir mis:            27,     26,     24,     24,     24,     24,     24,     24,     24,     24,     24,     24,     24,     24,     24,     24,     24,     24,     24,     24, 
Branch target mis:     29796,  30853,  30372,  30416,  30416,  30853,  30851,  30851,  30372,  30416,  30853,  30851,  30851,  30851,  30372,  30853,  30851,  30851,  30852,  30851, 
Result: 6920749f4f2b1f47fa6e6637050939b29ff709fa33ec121056cb578fdeedaf5a
Expected result: 6920749f4f2b1f47fa6e6637050939b29ff709fa33ec121056cb578fdeedaf5a
Cycle counts:          11702728, 10745902, 10725047, 10653598, 10670027, 10697219, 10690136, 10677386, 10678252, 10698052, 10689854, 10639451, 10662662, 10684338, 10632499, 10659409, 10656720, 10669463, 10684627, 10700761, 
Branch dir mis:            27,     25,     24,     24,     24,     24,     24,     24,     24,     24,     24,     24,     24,     24,     24,     24,     24,     24,     24,     24, 
Branch target mis:     29795,  30382,  30212,  30389,  30351,  30351,  30389,  30389,  30389,  30389,  30389,  30351,  30389,  30351,  30389,  30389,  30389,  30351,  30389,  30389, 
Result: 2c58d2573679dcc8eabc906aa697ebfce1826a7041fc83e362cbbb5ac378366b
Expected result: 2c58d2573679dcc8eabc906aa697ebfce1826a7041fc83e362cbbb5ac378366b
Cycle counts:          11684764, 10800209, 10683531, 10688396, 10712599, 10701659, 10665821, 10649949, 10691340, 10668709, 10653499, 10677856, 10668641, 10653635, 10717384, 10678717, 10714112, 10651510, 10664977, 10685923, 
Branch dir mis:            27,     26,     24,     24,     24,     24,     24,     24,     24,     24,     24,     24,     24,     24,     24,     24,     24,     24,     24,     24, 
Branch target mis:     29796,  30853,  30372,  30416,  30416,  30853,  30851,  30851,  30372,  30416,  30853,  30851,  30851,  30851,  30372,  30853,  30851,  30851,  30852,  30851, 
Result: 1ead8b1145045d6869391a69b19a492dd5bbae5254bbb872efb690d1b0b79647
Expected result: 1ead8b1145045d6869391a69b19a492dd5bbae5254bbb872efb690d1b0b79647
Cycle counts:          11805149, 10851441, 10831190, 10759121, 10775683, 10802875, 10795659, 10782909, 10783775, 10803575, 10795377, 10745107, 10768185, 10789994, 10738022, 10764932, 10762243, 10775119, 10790150, 10806284, 
Branch dir mis:            26,     25,     24,     24,     24,     24,     24,     24,     24,     24,     24,     24,     24,     24,     24,     24,     24,     24,     24,     24, 
Branch target mis:     62049,  63204,  63204,  63203,  63203,  63203,  63203,  63203,  63203,  63203,  63203,  63203,  63203,  63203,  63203,  63203,  63203,  63203,  63203,  63203, 
Result: 3f8e86a5783c54aa80ee8eb1ec3824de7ac83645300816f543507c6b5c1cc307
Expected result: 3f8e86a5783c54aa80ee8eb1ec3824de7ac83645300816f543507c6b5c1cc307
Cycle counts:          11684764, 10800209, 10683531, 10688396, 10712599, 10701659, 10665821, 10649949, 10691340, 10668709, 10653499, 10677856, 10668641, 10653635, 10717384, 10678717, 10714112, 10651510, 10664977, 10685923, 
Branch dir mis:            27,     26,     24,     24,     24,     24,     24,     24,     24,     24,     24,     24,     24,     24,     24,     24,     24,     24,     24,     24, 
Branch target mis:     29796,  30853,  30372,  30416,  30416,  30853,  30851,  30851,  30372,  30416,  30853,  30851,  30851,  30851,  30372,  30853,  30851,  30851,  30852,  30851, 
Result: cb6047b8b67f96c1323d6d13e6505e3647fd32973fb21e001508c2182510a953
Expected result: cb6047b8b67f96c1323d6d13e6505e3647fd32973fb21e001508c2182510a953
Cycle counts:          11805275, 10851441, 10831190, 10759121, 10775683, 10802875, 10795659, 10782909, 10783775, 10803575, 10795377, 10745107, 10768185, 10789994, 10738022, 10764932, 10762243, 10775119, 10790150, 10806284, 
Branch dir mis:            27,     25,     24,     24,     24,     24,     24,     24,     24,     24,     24,     24,     24,     24,     24,     24,     24,     24,     24,     24, 
Branch target mis:     62087,  63204,  63204,  63203,  63203,  63203,  63203,  63203,  63203,  63203,  63203,  63203,  63203,  63203,  63203,  63203,  63203,  63203,  63203,  63203, 
Result: 80e9aa85be44d6598752fdc6c893d58a990810ae5e722dbbcf549b2011aa876a
Expected result: 80e9aa85be44d6598752fdc6c893d58a990810ae5e722dbbcf549b2011aa876a
Cycle counts:          11684015, 10800209, 10683531, 10688396, 10712599, 10701659, 10665821, 10649949, 10691340, 10668709, 10653499, 10677856, 10668641, 10653635, 10717384, 10678717, 10714112, 10651510, 10664977, 10685923, 
Branch dir mis:            26,     26,     24,     24,     24,     24,     24,     24,     24,     24,     24,     24,     24,     24,     24,     24,     24,     24,     24,     24, 
Branch target mis:     29667,  30853,  30372,  30416,  30416,  30853,  30851,  30851,  30372,  30416,  30853,  30851,  30851,  30851,  30372,  30853,  30851,  30851,  30852,  30851, 
Result: 46d1315f0c52b4b41db8712fe0321fe1cbf6aaf00c217cb8435a70445bfef75b
Expected result: 46d1315f0c52b4b41db8712fe0321fe1cbf6aaf00c217cb8435a70445bfef75b
Cycle counts:          11805265, 10851441, 10831190, 10759121, 10775683, 10802875, 10795659, 10782909, 10783775, 10803575, 10795377, 10745107, 10768185, 10789994, 10738022, 10764932, 10762243, 10775119, 10790150, 10806284, 
Branch dir mis:            27,     25,     24,     24,     24,     24,     24,     24,     24,     24,     24,     24,     24,     24,     24,     24,     24,     24,     24,     24, 
Branch target mis:     62084,  63204,  63204,  63203,  63203,  63203,  63203,  63203,  63203,  63203,  63203,  63203,  63203,  63203,  63203,  63203,  63203,  63203,  63203,  63203, 
Result: 6d983749af8686fa8f1850f5f0e0839df5497913c9cb89d76ce3abb85519733e
Expected result: 6d983749af8686fa8f1850f5f0e0839df5497913c9cb89d76ce3abb85519733e
