[1F[0J[?25h[0;39;49mBench Clock Reset Complete
ATE0-->OK
AT+BLEINIT=0-->OK
AT+CWMODE=0-->OK
Cycle counts:          245554,   8242,   8205,   8221,   8199,   8212,   8208,   8209,   8208,   8209,   8208,   8209,   8208,   8209,   8208,   8209,   8208,   8209,   8208,   8209,   8208,   8209,   8208,   8209,   8208,   8209,   8208,   8209,   8208,   8209,   8208,   8209,   8208,   8209,   8208,   8209,   8208,   8209,   8208,   8209,   8208,   8209,   8208,   8209,   8208,   8209,   8208,   8209,   8208, 
Branch mispredictions:            31,     22,     11,     16,      9,     13,     12,     12,     12,     12,     12,     12,     12,     12,     12,     12,     12,     12,     12,     12,     12,     12,     12,     12,     12,     12,     12,     12,     12,     12,     12,     12,     12,     12,     12,     12,     12,     12,     12,     12,     12,     12,     12,     12,     12,     12,     12,     12,     12, 
ICache misses:       108,      0,      0,      0,      0,      0,      0,      0,      0,      0,      0,      0,      0,      0,      0,      0,      0,      0,      0,      0,      0,      0,      0,      0,      0,      0,      0,      0,      0,      0,      0,      0,      0,      0,      0,      0,      0,      0,      0,      0,      0,      0,      0,      0,      0,      0,      0,      0,      0, 
Result: c03f6092d52e0f4d7e4145718c9d27eb
Expected result: [c0, 3f, 60, 92, d5, 2e, f, 4d, 7e, 41, 45, 71, 8c, 9d, 27, eb]
[1F[0J[?25h[0;39;49mBench Clock Reset Complete
ATE0-->ATE0
OK
AT+BLEINIT=0--> Send sync error AT+CWMODE=0-->OK
Cycle counts:          245554,   8227,   8218,   8216,   8212,   8216,   8212,   8216,   8212,   8216,   8212,   8216,   8212,   8216,   8212,   8216,   8212,   8216,   8212,   8216,   8212,   8216,   8212,   8216,   8212,   8216,   8212,   8216,   8212,   8216,   8212,   8216,   8212,   8216,   8212,   8216,   8212,   8216,   8212,   8216,   8212,   8216,   8212,   8216,   8212,   8216,   8212,   8216,   8212, 
Branch mispredictions:            30,     18,     16,     15,     14,     15,     14,     15,     14,     15,     14,     15,     14,     15,     14,     15,     14,     15,     14,     15,     14,     15,     14,     15,     14,     15,     14,     15,     14,     15,     14,     15,     14,     15,     14,     15,     14,     15,     14,     15,     14,     15,     14,     15,     14,     15,     14,     15,     14, 
ICache misses:       108,      0,      0,      0,      0,      0,      0,      0,      0,      0,      0,      0,      0,      0,      0,      0,      0,      0,      0,      0,      0,      0,      0,      0,      0,      0,      0,      0,      0,      0,      0,      0,      0,      0,      0,      0,      0,      0,      0,      0,      0,      0,      0,      0,      0,      0,      0,      0,      0, 
Result: 0360f38bbad794f59e9896215bd0511f
Expected result: [3, 60, f3, 8b, ba, d7, 94, f5, 9e, 98, 96, 21, 5b, d0, 51, 1f]
[1F[0J[?25h[0;39;49mBench Clock Reset Complete
ATE0-->OK
AT+BLEINIT=0-->OK
AT+CWMODE=0-->OK
Cycle counts:          245553,   8246,   8221,   8218,   8207,   8214,   8207,   8214,   8207,   8214,   8207,   8214,   8207,   8214,   8207,   8214,   8207,   8214,   8207,   8214,   8207,   8214,   8207,   8214,   8207,   8214,   8207,   8214,   8207,   8214,   8207,   8214,   8207,   8214,   8207,   8214,   8207,   8214,   8207,   8214,   8207,   8214,   8207,   8214,   8207,   8214,   8207,   8214,   8207, 
Branch mispredictions:            30,     24,     17,     16,     13,     15,     13,     15,     13,     15,     13,     15,     13,     15,     13,     15,     13,     15,     13,     15,     13,     15,     13,     15,     13,     15,     13,     15,     13,     15,     13,     15,     13,     15,     13,     15,     13,     15,     13,     15,     13,     15,     13,     15,     13,     15,     13,     15,     13, 
ICache misses:       108,      0,      0,      0,      0,      0,      0,      0,      0,      0,      0,      0,      0,      0,      0,      0,      0,      0,      0,      0,      0,      0,      0,      0,      0,      0,      0,      0,      0,      0,      0,      0,      0,      0,      0,      0,      0,      0,      0,      0,      0,      0,      0,      0,      0,      0,      0,      0,      0, 
Result: 1a667aeabbfb555d8a78ec67d2d8bb4f
Expected result: [1a, 66, 7a, ea, bb, fb, 55, 5d, 8a, 78, ec, 67, d2, d8, bb, 4f]
[1F[0J[?25h[0;39;49mBench Clock Reset Complete
ATE0-->ATE0
OK
AT+BLEINIT=0-->OK
AT+CWMODE=0-->OK
Cycle counts:          245554,   8233,   8215,   8210,   8212,   8213,   8212,   8213,   8212,   8213,   8212,   8213,   8212,   8213,   8212,   8213,   8212,   8213,   8212,   8213,   8212,   8213,   8212,   8213,   8212,   8213,   8212,   8213,   8212,   8213,   8212,   8213,   8212,   8213,   8212,   8213,   8212,   8213,   8212,   8213,   8212,   8213,   8212,   8213,   8212,   8213,   8212,   8213,   8212, 
Branch mispredictions:            30,     20,     15,     13,     14,     14,     14,     14,     14,     14,     14,     14,     14,     14,     14,     14,     14,     14,     14,     14,     14,     14,     14,     14,     14,     14,     14,     14,     14,     14,     14,     14,     14,     14,     14,     14,     14,     14,     14,     14,     14,     14,     14,     14,     14,     14,     14,     14,     14, 
ICache misses:       108,      0,      0,      0,      0,      0,      0,      0,      0,      0,      0,      0,      0,      0,      0,      0,      0,      0,      0,      0,      0,      0,      0,      0,      0,      0,      0,      0,      0,      0,      0,      0,      0,      0,      0,      0,      0,      0,      0,      0,      0,      0,      0,      0,      0,      0,      0,      0,      0, 
Result: d05ef097b9c5f49acae9fb26abaf7b9e
Expected result: [d0, 5e, f0, 97, b9, c5, f4, 9a, ca, e9, fb, 26, ab, af, 7b, 9e]
[1F[0J[?25h[0;39;49mBench Clock Reset Complete
ATE0-->OK
AT+BLEINIT=0-->OK
AT+CWMODE=0-->OK
Cycle counts:          245555,   8242,   8226,   8225,   8218,   8221,   8208,   8206,   8196,   8206,   8196,   8206,   8196,   8206,   8196,   8206,   8196,   8206,   8196,   8206,   8196,   8206,   8196,   8206,   8196,   8206,   8196,   8206,   8196,   8206,   8196,   8206,   8196,   8206,   8196,   8206,   8196,   8206,   8196,   8206,   8196,   8206,   8196,   8206,   8196,   8206,   8196,   8206,   8196, 
Branch mispredictions:            31,     23,     18,     18,     15,     16,     13,     12,      9,     12,      9,     12,      9,     12,      9,     12,      9,     12,      9,     12,      9,     12,      9,     12,      9,     12,      9,     12,      9,     12,      9,     12,      9,     12,      9,     12,      9,     12,      9,     12,      9,     12,      9,     12,      9,     12,      9,     12,      9, 
ICache misses:       108,      0,      0,      0,      0,      0,      0,      0,      0,      0,      0,      0,      0,      0,      0,      0,      0,      0,      0,      0,      0,      0,      0,      0,      0,      0,      0,      0,      0,      0,      0,      0,      0,      0,      0,      0,      0,      0,      0,      0,      0,      0,      0,      0,      0,      0,      0,      0,      0, 
Result: 62dff1fad7cfaa70f3f80108138784bb
Expected result: [62, df, f1, fa, d7, cf, aa, 70, f3, f8, 1, 8, 13, 87, 84, bb]
[1F[0J[?25h[0;39;49mBench Clock Reset Complete
ATE0-->ATE0
OK
AT+BLEINIT=0-->OK
AT+CWMODE=0-->OK
Cycle counts:          245553,   8234,   8227,   8219,   8226,   8214,   8222,   8208,   8219,   8208,   8219,   8208,   8219,   8208,   8219,   8208,   8219,   8208,   8219,   8208,   8219,   8208,   8219,   8208,   8219,   8208,   8219,   8208,   8219,   8208,   8219,   8208,   8219,   8208,   8219,   8208,   8219,   8208,   8219,   8208,   8219,   8208,   8219,   8208,   8219,   8208,   8219,   8208,   8219, 
Branch mispredictions:            30,     20,     19,     16,     18,     15,     17,     13,     16,     13,     16,     13,     16,     13,     16,     13,     16,     13,     16,     13,     16,     13,     16,     13,     16,     13,     16,     13,     16,     13,     16,     13,     16,     13,     16,     13,     16,     13,     16,     13,     16,     13,     16,     13,     16,     13,     16,     13,     16, 
ICache misses:       108,      0,      0,      0,      0,      0,      0,      0,      0,      0,      0,      0,      0,      0,      0,      0,      0,      0,      0,      0,      0,      0,      0,      0,      0,      0,      0,      0,      0,      0,      0,      0,      0,      0,      0,      0,      0,      0,      0,      0,      0,      0,      0,      0,      0,      0,      0,      0,      0, 
Result: a9664627a57f6f8b21d4daf1b69d026e
Expected result: [a9, 66, 46, 27, a5, 7f, 6f, 8b, 21, d4, da, f1, b6, 9d, 2, 6e]
[1F[0J[?25h[0;39;49mBench Clock Reset Complete
ATE0-->OK
AT+BLEINIT=0-->OK
AT+CWMODE=0-->OK
Cycle counts:          245555,   8250,   8220,   8215,   8203,   8206,   8200,   8204,   8197,   8204,   8197,   8204,   8197,   8204,   8197,   8204,   8197,   8204,   8197,   8204,   8197,   8204,   8197,   8204,   8197,   8204,   8197,   8204,   8197,   8204,   8197,   8204,   8197,   8204,   8197,   8204,   8197,   8204,   8197,   8204,   8197,   8204,   8197,   8204,   8197,   8204,   8197,   8204,   8197, 
Branch mispredictions:            31,     26,     16,     14,     11,     11,     10,     11,      9,     11,      9,     11,      9,     11,      9,     11,      9,     11,      9,     11,      9,     11,      9,     11,      9,     11,      9,     11,      9,     11,      9,     11,      9,     11,      9,     11,      9,     11,      9,     11,      9,     11,      9,     11,      9,     11,      9,     11,      9, 
ICache misses:       108,      0,      0,      0,      0,      0,      0,      0,      0,      0,      0,      0,      0,      0,      0,      0,      0,      0,      0,      0,      0,      0,      0,      0,      0,      0,      0,      0,      0,      0,      0,      0,      0,      0,      0,      0,      0,      0,      0,      0,      0,      0,      0,      0,      0,      0,      0,      0,      0, 
Result: 1266e3e5aaeedb9c36bea053ce0362b7
Expected result: [12, 66, e3, e5, aa, ee, db, 9c, 36, be, a0, 53, ce, 3, 62, b7]
[1F[0J[?25h[0;39;49mBench Clock Reset Complete
ATE0-->ATE0
OK
AT+BLEINIT=0-->OK
AT+CWMODE=0-->OK
Cycle counts:          245554,   8229,   8223,   8218,   8205,   8212,   8205,   8212,   8205,   8212,   8205,   8212,   8205,   8212,   8205,   8212,   8205,   8212,   8205,   8212,   8205,   8212,   8205,   8212,   8205,   8212,   8205,   8212,   8205,   8212,   8205,   8212,   8205,   8212,   8205,   8212,   8205,   8212,   8205,   8212,   8205,   8212,   8205,   8212,   8205,   8212,   8205,   8212,   8205, 
Branch mispredictions:            30,     19,     18,     16,     12,     14,     12,     14,     12,     14,     12,     14,     12,     14,     12,     14,     12,     14,     12,     14,     12,     14,     12,     14,     12,     14,     12,     14,     12,     14,     12,     14,     12,     14,     12,     14,     12,     14,     12,     14,     12,     14,     12,     14,     12,     14,     12,     14,     12, 
ICache misses:       108,      0,      0,      0,      0,      0,      0,      0,      0,      0,      0,      0,      0,      0,      0,      0,      0,      0,      0,      0,      0,      0,      0,      0,      0,      0,      0,      0,      0,      0,      0,      0,      0,      0,      0,      0,      0,      0,      0,      0,      0,      0,      0,      0,      0,      0,      0,      0,      0, 
Result: 7df781affad629c4b0813360c65f6c5a
Expected result: [7d, f7, 81, af, fa, d6, 29, c4, b0, 81, 33, 60, c6, 5f, 6c, 5a]
[1F[0J[?25h[0;39;49mBench Clock Reset Complete
ATE0-->OK
AT+BLEINIT=0-->OK
AT+CWMODE=0-->OK
Cycle counts:          245554,   8242,   8228,   8214,   8212,   8214,   8206,   8208,   8206,   8208,   8206,   8208,   8206,   8208,   8206,   8208,   8206,   8208,   8206,   8208,   8206,   8208,   8206,   8208,   8206,   8208,   8206,   8208,   8206,   8208,   8206,   8208,   8206,   8208,   8206,   8208,   8206,   8208,   8206,   8208,   8206,   8208,   8206,   8208,   8206,   8208,   8206,   8208,   8206, 
Branch mispredictions:            31,     23,     18,     14,     13,     14,     11,     12,     11,     12,     11,     12,     11,     12,     11,     12,     11,     12,     11,     12,     11,     12,     11,     12,     11,     12,     11,     12,     11,     12,     11,     12,     11,     12,     11,     12,     11,     12,     11,     12,     11,     12,     11,     12,     11,     12,     11,     12,     11, 
ICache misses:       108,      0,      0,      0,      0,      0,      0,      0,      0,      0,      0,      0,      0,      0,      0,      0,      0,      0,      0,      0,      0,      0,      0,      0,      0,      0,      0,      0,      0,      0,      0,      0,      0,      0,      0,      0,      0,      0,      0,      0,      0,      0,      0,      0,      0,      0,      0,      0,      0, 
Result: 096ec4d6d986c6f47da1298b4357dcff
Expected result: [9, 6e, c4, d6, d9, 86, c6, f4, 7d, a1, 29, 8b, 43, 57, dc, ff]
[1F[0J[?25h[0;39;49mBench Clock Reset Complete
ATE0-->ATE0
OK
AT+BLEINIT=0-->OK
AT+CWMODE=0-->OK
Cycle counts:          245553,   8234,   8215,   8213,   8208,   8220,   8217,   8197,   8200,   8203,   8195,   8194,   8198,   8194,   8198,   8194,   8198,   8194,   8198,   8194,   8198,   8194,   8198,   8194,   8198,   8194,   8198,   8194,   8198,   8194,   8198,   8194,   8198,   8194,   8198,   8194,   8198,   8194,   8198,   8194,   8198,   8194,   8198,   8194,   8198,   8194,   8198,   8194,   8198, 
Branch mispredictions:            30,     20,     15,     14,     12,     15,     14,      9,     10,     10,      8,      8,      9,      8,      9,      8,      9,      8,      9,      8,      9,      8,      9,      8,      9,      8,      9,      8,      9,      8,      9,      8,      9,      8,      9,      8,      9,      8,      9,      8,      9,      8,      9,      8,      9,      8,      9,      8,      9, 
ICache misses:       108,      0,      0,      0,      0,      0,      0,      0,      0,      0,      0,      0,      0,      0,      0,      0,      0,      0,      0,      0,      0,      0,      0,      0,      0,      0,      0,      0,      0,      0,      0,      0,      0,      0,      0,      0,      0,      0,      0,      0,      0,      0,      0,      0,      0,      0,      0,      0,      0, 
Result: 6f3f37ca7f28804e0e6cafdc746628da
Expected result: [6f, 3f, 37, ca, 7f, 28, 80, 4e, e, 6c, af, dc, 74, 66, 28, da]
[1F[0J[?25h[0;39;49mBench Clock Reset Complete
ATE0-->OK
AT+BLEINIT=0-->OK
AT+CWMODE=0-->OK
Cycle counts:          245551,   8243,   8216,   8215,   8222,   8204,   8208,   8198,   8208,   8198,   8208,   8198,   8208,   8198,   8208,   8198,   8208,   8198,   8208,   8198,   8208,   8198,   8208,   8198,   8208,   8198,   8208,   8198,   8208,   8198,   8208,   8198,   8208,   8198,   8208,   8198,   8208,   8198,   8208,   8198,   8208,   8198,   8208,   8198,   8208,   8198,   8208,   8198,   8208, 
Branch mispredictions:            29,     24,     15,     15,     17,     12,     13,     10,     13,     10,     13,     10,     13,     10,     13,     10,     13,     10,     13,     10,     13,     10,     13,     10,     13,     10,     13,     10,     13,     10,     13,     10,     13,     10,     13,     10,     13,     10,     13,     10,     13,     10,     13,     10,     13,     10,     13,     10,     13, 
ICache misses:       108,      0,      0,      0,      0,      0,      0,      0,      0,      0,      0,      0,      0,      0,      0,      0,      0,      0,      0,      0,      0,      0,      0,      0,      0,      0,      0,      0,      0,      0,      0,      0,      0,      0,      0,      0,      0,      0,      0,      0,      0,      0,      0,      0,      0,      0,      0,      0,      0, 
Result: 9e469aa3652916a0c9e36488c7077f86
Expected result: [9e, 46, 9a, a3, 65, 29, 16, a0, c9, e3, 64, 88, c7, 7, 7f, 86]
[1F[0J[?25h[0;39;49mBench Clock Reset Complete
ATE0-->ATE0
OK
AT+BLEINIT=0-->OK
AT+CWMODE=0-->OK
Cycle counts:          245541,   8237,   8212,   8213,   8205,   8213,   8209,   8213,   8209,   8213,   8209,   8213,   8209,   8213,   8209,   8213,   8209,   8213,   8209,   8213,   8209,   8213,   8209,   8213,   8209,   8213,   8209,   8213,   8209,   8213,   8209,   8213,   8209,   8213,   8209,   8213,   8209,   8213,   8209,   8213,   8209,   8213,   8209,   8213,   8209,   8213,   8209,   8213,   8209, 
Branch mispredictions:            26,     20,     13,     13,     11,     13,     12,     13,     12,     13,     12,     13,     12,     13,     12,     13,     12,     13,     12,     13,     12,     13,     12,     13,     12,     13,     12,     13,     12,     13,     12,     13,     12,     13,     12,     13,     12,     13,     12,     13,     12,     13,     12,     13,     12,     13,     12,     13,     12, 
ICache misses:       108,      0,      0,      0,      0,      0,      0,      0,      0,      0,      0,      0,      0,      0,      0,      0,      0,      0,      0,      0,      0,      0,      0,      0,      0,      0,      0,      0,      0,      0,      0,      0,      0,      0,      0,      0,      0,      0,      0,      0,      0,      0,      0,      0,      0,      0,      0,      0,      0, 
Result: a2616f6db788f4d99015080a73d7f318
Expected result: [a2, 61, 6f, 6d, b7, 88, f4, d9, 90, 15, 8, a, 73, d7, f3, 18]
[1F[0J[?25h[0;39;49mBench Clock Reset Complete
ATE0-->OK
AT+BLEINIT=0-->OK
AT+CWMODE=0-->OK
Cycle counts:          245552,   8241,   8210,   8221,   8213,   8235,   8206,   8230,   8217,   8217,   8202,   8218,   8202,   8218,   8202,   8218,   8202,   8218,   8202,   8218,   8202,   8218,   8202,   8218,   8202,   8218,   8202,   8218,   8202,   8218,   8202,   8218,   8202,   8218,   8202,   8218,   8202,   8218,   8202,   8218,   8202,   8218,   8202,   8218,   8202,   8218,   8202,   8218,   8202, 
Branch mispredictions:            30,     22,     13,     16,     14,     21,     11,     19,     15,     15,     11,     16,     11,     16,     11,     16,     11,     16,     11,     16,     11,     16,     11,     16,     11,     16,     11,     16,     11,     16,     11,     16,     11,     16,     11,     16,     11,     16,     11,     16,     11,     16,     11,     16,     11,     16,     11,     16,     11, 
ICache misses:       108,      0,      0,      0,      0,      0,      0,      0,      0,      0,      0,      0,      0,      0,      0,      0,      0,      0,      0,      0,      0,      0,      0,      0,      0,      0,      0,      0,      0,      0,      0,      0,      0,      0,      0,      0,      0,      0,      0,      0,      0,      0,      0,      0,      0,      0,      0,      0,      0, 
Result: 913bf9987cfaada06d1d9627091aecc7
Expected result: [91, 3b, f9, 98, 7c, fa, ad, a0, 6d, 1d, 96, 27, 9, 1a, ec, c7]
[1F[0J[?25h[0;39;49mBench Clock Reset Complete
ATE0-->ATE0
OK
AT+BLEINIT=0-->OK
AT+CWMODE=0-->OK
Cycle counts:          245550,   8227,   8222,   8229,   8231,   8222,   8220,   8216,   8220,   8216,   8220,   8216,   8220,   8216,   8220,   8216,   8220,   8216,   8220,   8216,   8220,   8216,   8220,   8216,   8220,   8216,   8220,   8216,   8220,   8216,   8220,   8216,   8220,   8216,   8220,   8216,   8220,   8216,   8220,   8216,   8220,   8216,   8220,   8216,   8220,   8216,   8220,   8216,   8220, 
Branch mispredictions:            29,     18,     16,     19,     19,     17,     16,     15,     16,     15,     16,     15,     16,     15,     16,     15,     16,     15,     16,     15,     16,     15,     16,     15,     16,     15,     16,     15,     16,     15,     16,     15,     16,     15,     16,     15,     16,     15,     16,     15,     16,     15,     16,     15,     16,     15,     16,     15,     16, 
ICache misses:       108,      0,      0,      0,      0,      0,      0,      0,      0,      0,      0,      0,      0,      0,      0,      0,      0,      0,      0,      0,      0,      0,      0,      0,      0,      0,      0,      0,      0,      0,      0,      0,      0,      0,      0,      0,      0,      0,      0,      0,      0,      0,      0,      0,      0,      0,      0,      0,      0, 
Result: a4c9e6b6630e1d8482b9c0f6f80b986c
Expected result: [a4, c9, e6, b6, 63, e, 1d, 84, 82, b9, c0, f6, f8, b, 98, 6c]
[1F[0J[?25h[0;39;49mBench Clock Reset Complete
ATE0-->OK
AT+BLEINIT=0-->OK
AT+CWMODE=0-->OK
Cycle counts:          245560,   8253,   8220,   8225,   8221,   8220,   8218,   8228,   8211,   8225,   8200,   8214,   8200,   8214,   8200,   8214,   8200,   8214,   8200,   8214,   8200,   8214,   8200,   8214,   8200,   8214,   8200,   8214,   8200,   8214,   8200,   8214,   8200,   8214,   8200,   8214,   8200,   8214,   8200,   8214,   8200,   8214,   8200,   8214,   8200,   8214,   8200,   8214,   8200, 
Branch mispredictions:            33,     27,     16,     18,     16,     16,     15,     18,     13,     17,     10,     14,     10,     14,     10,     14,     10,     14,     10,     14,     10,     14,     10,     14,     10,     14,     10,     14,     10,     14,     10,     14,     10,     14,     10,     14,     10,     14,     10,     14,     10,     14,     10,     14,     10,     14,     10,     14,     10, 
ICache misses:       108,      0,      0,      0,      0,      0,      0,      0,      0,      0,      0,      0,      0,      0,      0,      0,      0,      0,      0,      0,      0,      0,      0,      0,      0,      0,      0,      0,      0,      0,      0,      0,      0,      0,      0,      0,      0,      0,      0,      0,      0,      0,      0,      0,      0,      0,      0,      0,      0, 
Result: 9f9b8646444ff3f64451d24885a6421a
Expected result: [9f, 9b, 86, 46, 44, 4f, f3, f6, 44, 51, d2, 48, 85, a6, 42, 1a]
[1F[0J[?25h[0;39;49mBench Clock Reset Complete
ATE0-->ATE0
OK
AT+BLEINIT=0-->OK
AT+CWMODE=0-->OK
Cycle counts:          245552,   8224,   8213,   8214,   8218,   8204,   8205,   8198,   8202,   8198,   8202,   8198,   8202,   8198,   8202,   8198,   8202,   8198,   8202,   8198,   8202,   8198,   8202,   8198,   8202,   8198,   8202,   8198,   8202,   8198,   8202,   8198,   8202,   8198,   8202,   8198,   8202,   8198,   8202,   8198,   8202,   8198,   8202,   8198,   8202,   8198,   8202,   8198,   8202, 
Branch mispredictions:            29,     17,     14,     14,     15,     12,     12,     10,     11,     10,     11,     10,     11,     10,     11,     10,     11,     10,     11,     10,     11,     10,     11,     10,     11,     10,     11,     10,     11,     10,     11,     10,     11,     10,     11,     10,     11,     10,     11,     10,     11,     10,     11,     10,     11,     10,     11,     10,     11, 
ICache misses:       108,      0,      0,      0,      0,      0,      0,      0,      0,      0,      0,      0,      0,      0,      0,      0,      0,      0,      0,      0,      0,      0,      0,      0,      0,      0,      0,      0,      0,      0,      0,      0,      0,      0,      0,      0,      0,      0,      0,      0,      0,      0,      0,      0,      0,      0,      0,      0,      0, 
Result: 2595cf6d5393dd868d42a857badebf21
Expected result: [25, 95, cf, 6d, 53, 93, dd, 86, 8d, 42, a8, 57, ba, de, bf, 21]
[1F[0J[?25h[0;39;49mBench Clock Reset Complete
ATE0-->OK
AT+BLEINIT=0-->OK
AT+CWMODE=0-->OK
Cycle counts:          245552,   8229,   8222,   8211,   8215,   8205,   8215,   8205,   8215,   8205,   8215,   8205,   8215,   8205,   8215,   8205,   8215,   8205,   8215,   8205,   8215,   8205,   8215,   8205,   8215,   8205,   8215,   8205,   8215,   8205,   8215,   8205,   8215,   8205,   8215,   8205,   8215,   8205,   8215,   8205,   8215,   8205,   8215,   8205,   8215,   8205,   8215,   8205,   8215, 
Branch mispredictions:            30,     18,     16,     13,     14,     11,     14,     11,     14,     11,     14,     11,     14,     11,     14,     11,     14,     11,     14,     11,     14,     11,     14,     11,     14,     11,     14,     11,     14,     11,     14,     11,     14,     11,     14,     11,     14,     11,     14,     11,     14,     11,     14,     11,     14,     11,     14,     11,     14, 
ICache misses:       108,      0,      0,      0,      0,      0,      0,      0,      0,      0,      0,      0,      0,      0,      0,      0,      0,      0,      0,      0,      0,      0,      0,      0,      0,      0,      0,      0,      0,      0,      0,      0,      0,      0,      0,      0,      0,      0,      0,      0,      0,      0,      0,      0,      0,      0,      0,      0,      0, 
Result: 5a3a9d150bc26280c247299a3d0d4c18
Expected result: [5a, 3a, 9d, 15, b, c2, 62, 80, c2, 47, 29, 9a, 3d, d, 4c, 18]
[1F[0J[?25h[0;39;49mBench Clock Reset Complete
ATE0-->ATE0
OK
AT+BLEINIT=0-->OK
AT+CWMODE=0-->OK
Cycle counts:          245552,   8234,   8202,   8208,   8204,   8205,   8201,   8205,   8201,   8205,   8201,   8205,   8201,   8205,   8201,   8205,   8201,   8205,   8201,   8205,   8201,   8205,   8201,   8205,   8201,   8205,   8201,   8205,   8201,   8205,   8201,   8205,   8201,   8205,   8201,   8205,   8201,   8205,   8201,   8205,   8201,   8205,   8201,   8205,   8201,   8205,   8201,   8205,   8201, 
Branch mispredictions:            30,     20,     11,     12,     11,     11,     10,     11,     10,     11,     10,     11,     10,     11,     10,     11,     10,     11,     10,     11,     10,     11,     10,     11,     10,     11,     10,     11,     10,     11,     10,     11,     10,     11,     10,     11,     10,     11,     10,     11,     10,     11,     10,     11,     10,     11,     10,     11,     10, 
ICache misses:       108,      0,      0,      0,      0,      0,      0,      0,      0,      0,      0,      0,      0,      0,      0,      0,      0,      0,      0,      0,      0,      0,      0,      0,      0,      0,      0,      0,      0,      0,      0,      0,      0,      0,      0,      0,      0,      0,      0,      0,      0,      0,      0,      0,      0,      0,      0,      0,      0, 
Result: 797eb4fa7c4ff892e1e4361bcb3ed80d
Expected result: [79, 7e, b4, fa, 7c, 4f, f8, 92, e1, e4, 36, 1b, cb, 3e, d8, d]
[1F[0J[?25h[0;39;49mBench Clock Reset Complete
ATE0-->OK
AT+BLEINIT=0-->OK
AT+CWMODE=0-->OK
Cycle counts:          245552,   8231,   8219,   8210,   8217,   8198,   8212,   8198,   8212,   8198,   8212,   8198,   8212,   8198,   8212,   8198,   8212,   8198,   8212,   8198,   8212,   8198,   8212,   8198,   8212,   8198,   8212,   8198,   8212,   8198,   8212,   8198,   8212,   8198,   8212,   8198,   8212,   8198,   8212,   8198,   8212,   8198,   8212,   8198,   8212,   8198,   8212,   8198,   8212, 
Branch mispredictions:            30,     19,     15,     13,     15,      9,     13,      9,     13,      9,     13,      9,     13,      9,     13,      9,     13,      9,     13,      9,     13,      9,     13,      9,     13,      9,     13,      9,     13,      9,     13,      9,     13,      9,     13,      9,     13,      9,     13,      9,     13,      9,     13,      9,     13,      9,     13,      9,     13, 
ICache misses:       108,      0,      0,      0,      0,      0,      0,      0,      0,      0,      0,      0,      0,      0,      0,      0,      0,      0,      0,      0,      0,      0,      0,      0,      0,      0,      0,      0,      0,      0,      0,      0,      0,      0,      0,      0,      0,      0,      0,      0,      0,      0,      0,      0,      0,      0,      0,      0,      0, 
Result: 8bbd49a7c8861f86dcfb5e808fab7898
Expected result: [8b, bd, 49, a7, c8, 86, 1f, 86, dc, fb, 5e, 80, 8f, ab, 78, 98]
[1F[0J[?25h[0;39;49mBench Clock Reset Complete
ATE0-->ATE0
OK
AT+BLEINIT=0-->OK
AT+CWMODE=0-->OK
Cycle counts:          245546,   8232,   8221,   8218,   8214,   8211,   8220,   8202,   8212,   8204,   8212,   8204,   8212,   8204,   8212,   8204,   8212,   8204,   8212,   8204,   8212,   8204,   8212,   8204,   8212,   8204,   8212,   8204,   8212,   8204,   8212,   8204,   8212,   8204,   8212,   8204,   8212,   8204,   8212,   8204,   8212,   8204,   8212,   8204,   8212,   8204,   8212,   8204,   8212, 
Branch mispredictions:            28,     19,     16,     16,     14,     13,     16,     11,     13,     11,     13,     11,     13,     11,     13,     11,     13,     11,     13,     11,     13,     11,     13,     11,     13,     11,     13,     11,     13,     11,     13,     11,     13,     11,     13,     11,     13,     11,     13,     11,     13,     11,     13,     11,     13,     11,     13,     11,     13, 
ICache misses:       108,      0,      0,      0,      0,      0,      0,      0,      0,      0,      0,      0,      0,      0,      0,      0,      0,      0,      0,      0,      0,      0,      0,      0,      0,      0,      0,      0,      0,      0,      0,      0,      0,      0,      0,      0,      0,      0,      0,      0,      0,      0,      0,      0,      0,      0,      0,      0,      0, 
Result: b4b506526686e064a7f58e6ebd055d82
Expected result: [b4, b5, 6, 52, 66, 86, e0, 64, a7, f5, 8e, 6e, bd, 5, 5d, 82]
[1F[0J[?25h[0;39;49mBench Clock Reset Complete
ATE0-->OK
AT+BLEINIT=0-->OK
AT+CWMODE=0-->OK
Cycle counts:          245555,   8243,   8218,   8216,   8230,   8218,   8213,   8211,   8222,   8209,   8213,   8209,   8213,   8209,   8213,   8209,   8213,   8209,   8213,   8209,   8213,   8209,   8213,   8209,   8213,   8209,   8213,   8209,   8213,   8209,   8213,   8209,   8213,   8209,   8213,   8209,   8213,   8209,   8213,   8209,   8213,   8209,   8213,   8209,   8213,   8209,   8213,   8209,   8213, 
Branch mispredictions:            31,     23,     16,     15,     19,     16,     14,     14,     17,     13,     14,     13,     14,     13,     14,     13,     14,     13,     14,     13,     14,     13,     14,     13,     14,     13,     14,     13,     14,     13,     14,     13,     14,     13,     14,     13,     14,     13,     14,     13,     14,     13,     14,     13,     14,     13,     14,     13,     14, 
ICache misses:       108,      0,      0,      0,      0,      0,      0,      0,      0,      0,      0,      0,      0,      0,      0,      0,      0,      0,      0,      0,      0,      0,      0,      0,      0,      0,      0,      0,      0,      0,      0,      0,      0,      0,      0,      0,      0,      0,      0,      0,      0,      0,      0,      0,      0,      0,      0,      0,      0, 
Result: ae89d2768dc1a659a90ab36f8dce72d0
Expected result: [ae, 89, d2, 76, 8d, c1, a6, 59, a9, a, b3, 6f, 8d, ce, 72, d0]
[1F[0J[?25h[0;39;49mBench Clock Reset Complete
ATE0-->ATE0
OK
AT+BLEINIT=0-->OK
AT+CWMODE=0-->OK
Cycle counts:          245553,   8235,   8217,   8224,   8198,   8214,   8201,   8214,   8201,   8214,   8201,   8214,   8201,   8214,   8201,   8214,   8201,   8214,   8201,   8214,   8201,   8214,   8201,   8214,   8201,   8214,   8201,   8214,   8201,   8214,   8201,   8214,   8201,   8214,   8201,   8214,   8201,   8214,   8201,   8214,   8201,   8214,   8201,   8214,   8201,   8214,   8201,   8214,   8201, 
Branch mispredictions:            30,     20,     15,     17,      9,     14,     10,     14,     10,     14,     10,     14,     10,     14,     10,     14,     10,     14,     10,     14,     10,     14,     10,     14,     10,     14,     10,     14,     10,     14,     10,     14,     10,     14,     10,     14,     10,     14,     10,     14,     10,     14,     10,     14,     10,     14,     10,     14,     10, 
ICache misses:       108,      0,      0,      0,      0,      0,      0,      0,      0,      0,      0,      0,      0,      0,      0,      0,      0,      0,      0,      0,      0,      0,      0,      0,      0,      0,      0,      0,      0,      0,      0,      0,      0,      0,      0,      0,      0,      0,      0,      0,      0,      0,      0,      0,      0,      0,      0,      0,      0, 
Result: 6de28e38a675990fbf3c0ab36f014d4f
Expected result: [6d, e2, 8e, 38, a6, 75, 99, f, bf, 3c, a, b3, 6f, 1, 4d, 4f]
[1F[0J[?25h[0;39;49mBench Clock Reset Complete
ATE0-->OK
AT+BLEINIT=0-->OK
AT+CWMODE=0-->OK
Cycle counts:          245555,   8248,   8218,   8216,   8222,   8208,   8212,   8205,   8212,   8205,   8212,   8205,   8212,   8205,   8212,   8205,   8212,   8205,   8212,   8205,   8212,   8205,   8212,   8205,   8212,   8205,   8212,   8205,   8212,   8205,   8212,   8205,   8212,   8205,   8212,   8205,   8212,   8205,   8212,   8205,   8212,   8205,   8212,   8205,   8212,   8205,   8212,   8205,   8212, 
Branch mispredictions:            31,     25,     16,     15,     17,     13,     14,     12,     14,     12,     14,     12,     14,     12,     14,     12,     14,     12,     14,     12,     14,     12,     14,     12,     14,     12,     14,     12,     14,     12,     14,     12,     14,     12,     14,     12,     14,     12,     14,     12,     14,     12,     14,     12,     14,     12,     14,     12,     14, 
ICache misses:       108,      0,      0,      0,      0,      0,      0,      0,      0,      0,      0,      0,      0,      0,      0,      0,      0,      0,      0,      0,      0,      0,      0,      0,      0,      0,      0,      0,      0,      0,      0,      0,      0,      0,      0,      0,      0,      0,      0,      0,      0,      0,      0,      0,      0,      0,      0,      0,      0, 
Result: 237bf742e66b3e791ad09b4f45153b56
Expected result: [23, 7b, f7, 42, e6, 6b, 3e, 79, 1a, d0, 9b, 4f, 45, 15, 3b, 56]
[1F[0J[?25h[0;39;49mBench Clock Reset Complete
ATE0-->ATE0
OK
AT+BLEINIT=0-->OK
AT+CWMODE=0-->OK
Cycle counts:          245554,   8228,   8225,   8217,   8214,   8202,   8211,   8199,   8211,   8199,   8211,   8199,   8211,   8199,   8211,   8199,   8211,   8199,   8211,   8199,   8211,   8199,   8211,   8199,   8211,   8199,   8211,   8199,   8211,   8199,   8211,   8199,   8211,   8199,   8211,   8199,   8211,   8199,   8211,   8199,   8211,   8199,   8211,   8199,   8211,   8199,   8211,   8199,   8211, 
Branch mispredictions:            30,     19,     17,     15,     14,     11,     13,     10,     13,     10,     13,     10,     13,     10,     13,     10,     13,     10,     13,     10,     13,     10,     13,     10,     13,     10,     13,     10,     13,     10,     13,     10,     13,     10,     13,     10,     13,     10,     13,     10,     13,     10,     13,     10,     13,     10,     13,     10,     13, 
ICache misses:       108,      0,      0,      0,      0,      0,      0,      0,      0,      0,      0,      0,      0,      0,      0,      0,      0,      0,      0,      0,      0,      0,      0,      0,      0,      0,      0,      0,      0,      0,      0,      0,      0,      0,      0,      0,      0,      0,      0,      0,      0,      0,      0,      0,      0,      0,      0,      0,      0, 
Result: 3da025793d43d31ef0aaa5f650d2bc66
Expected result: [3d, a0, 25, 79, 3d, 43, d3, 1e, f0, aa, a5, f6, 50, d2, bc, 66]
[1F[0J[?25h[0;39;49mBench Clock Reset Complete
ATE0-->OK
AT+BLEINIT=0-->OK
AT+CWMODE=0-->ERR CODE:0x01080000
ERROR
Cycle counts:          245555,   8229,   8207,   8210,   8202,   8214,   8202,   8210,   8202,   8209,   8202,   8209,   8202,   8209,   8202,   8209,   8202,   8209,   8202,   8209,   8202,   8209,   8202,   8209,   8202,   8209,   8202,   8209,   8202,   8209,   8202,   8209,   8202,   8209,   8202,   8209,   8202,   8209,   8202,   8209,   8202,   8209,   8202,   8209,   8202,   8209,   8202,   8209,   8202, 
Branch mispredictions:            31,     17,     11,     12,     10,     13,     10,     12,     10,     12,     10,     12,     10,     12,     10,     12,     10,     12,     10,     12,     10,     12,     10,     12,     10,     12,     10,     12,     10,     12,     10,     12,     10,     12,     10,     12,     10,     12,     10,     12,     10,     12,     10,     12,     10,     12,     10,     12,     10, 
ICache misses:       108,      0,      0,      0,      0,      0,      0,      0,      0,      0,      0,      0,      0,      0,      0,      0,      0,      0,      0,      0,      0,      0,      0,      0,      0,      0,      0,      0,      0,      0,      0,      0,      0,      0,      0,      0,      0,      0,      0,      0,      0,      0,      0,      0,      0,      0,      0,      0,      0, 
Result: b9ab0ea08b148a65ddbf602b39d11ff2
Expected result: [b9, ab, e, a0, 8b, 14, 8a, 65, dd, bf, 60, 2b, 39, d1, 1f, f2]
[1F[0J[?25h[0;39;49mBench Clock Reset Complete
ATE0-->ATE0
OK
AT+BLEINIT=0-->OK
AT+CWMODE=0-->OK
Cycle counts:          245554,   8238,   8227,   8227,   8208,   8212,   8205,   8212,   8205,   8212,   8205,   8212,   8205,   8212,   8205,   8212,   8205,   8212,   8205,   8212,   8205,   8212,   8205,   8212,   8205,   8212,   8205,   8212,   8205,   8212,   8205,   8212,   8205,   8212,   8205,   8212,   8205,   8212,   8205,   8212,   8205,   8212,   8205,   8212,   8205,   8212,   8205,   8212,   8205, 
Branch mispredictions:            30,     22,     19,     19,     13,     14,     12,     14,     12,     14,     12,     14,     12,     14,     12,     14,     12,     14,     12,     14,     12,     14,     12,     14,     12,     14,     12,     14,     12,     14,     12,     14,     12,     14,     12,     14,     12,     14,     12,     14,     12,     14,     12,     14,     12,     14,     12,     14,     12, 
ICache misses:       108,      0,      0,      0,      0,      0,      0,      0,      0,      0,      0,      0,      0,      0,      0,      0,      0,      0,      0,      0,      0,      0,      0,      0,      0,      0,      0,      0,      0,      0,      0,      0,      0,      0,      0,      0,      0,      0,      0,      0,      0,      0,      0,      0,      0,      0,      0,      0,      0, 
Result: 31d868fc796eaf77cc101e6b3c7f9f48
Expected result: [31, d8, 68, fc, 79, 6e, af, 77, cc, 10, 1e, 6b, 3c, 7f, 9f, 48]
[1F[0J[?25h[0;39;49mBench Clock Reset Complete
ATE0-->OK
AT+BLEINIT=0-->OK
AT+CWMODE=0-->OK
Cycle counts:          245545,   8236,   8218,   8223,   8211,   8210,   8201,   8208,   8198,   8208,   8198,   8208,   8198,   8208,   8198,   8208,   8198,   8208,   8198,   8208,   8198,   8208,   8198,   8208,   8198,   8208,   8198,   8208,   8198,   8208,   8198,   8208,   8198,   8208,   8198,   8208,   8198,   8208,   8198,   8208,   8198,   8208,   8198,   8208,   8198,   8208,   8198,   8208,   8198, 
Branch mispredictions:            27,     21,     16,     17,     14,     13,     11,     13,     10,     13,     10,     13,     10,     13,     10,     13,     10,     13,     10,     13,     10,     13,     10,     13,     10,     13,     10,     13,     10,     13,     10,     13,     10,     13,     10,     13,     10,     13,     10,     13,     10,     13,     10,     13,     10,     13,     10,     13,     10, 
ICache misses:       108,      0,      0,      0,      0,      0,      0,      0,      0,      0,      0,      0,      0,      0,      0,      0,      0,      0,      0,      0,      0,      0,      0,      0,      0,      0,      0,      0,      0,      0,      0,      0,      0,      0,      0,      0,      0,      0,      0,      0,      0,      0,      0,      0,      0,      0,      0,      0,      0, 
Result: dc585230a52df815ae062660d61d26f4
Expected result: [dc, 58, 52, 30, a5, 2d, f8, 15, ae, 6, 26, 60, d6, 1d, 26, f4]
[1F[0J[?25h[0;39;49mBench Clock Reset Complete
ATE0-->ATE0
OK
AT+BLEINIT=0-->OK
AT+CWMODE=0-->OK
Cycle counts:          245551,   8231,   8225,   8218,   8219,   8204,   8208,   8198,   8208,   8198,   8208,   8198,   8208,   8198,   8208,   8198,   8208,   8198,   8208,   8198,   8208,   8198,   8208,   8198,   8208,   8198,   8208,   8198,   8208,   8198,   8208,   8198,   8208,   8198,   8208,   8198,   8208,   8198,   8208,   8198,   8208,   8198,   8208,   8198,   8208,   8198,   8208,   8198,   8208, 
Branch mispredictions:            29,     20,     18,     16,     16,     12,     13,     10,     13,     10,     13,     10,     13,     10,     13,     10,     13,     10,     13,     10,     13,     10,     13,     10,     13,     10,     13,     10,     13,     10,     13,     10,     13,     10,     13,     10,     13,     10,     13,     10,     13,     10,     13,     10,     13,     10,     13,     10,     13, 
ICache misses:       108,      0,      0,      0,      0,      0,      0,      0,      0,      0,      0,      0,      0,      0,      0,      0,      0,      0,      0,      0,      0,      0,      0,      0,      0,      0,      0,      0,      0,      0,      0,      0,      0,      0,      0,      0,      0,      0,      0,      0,      0,      0,      0,      0,      0,      0,      0,      0,      0, 
Result: 0e071ba070b04b10fc6441e25b3d847a
Expected result: [e, 7, 1b, a0, 70, b0, 4b, 10, fc, 64, 41, e2, 5b, 3d, 84, 7a]
[1F[0J[?25h[0;39;49mBench Clock Reset Complete
ATE0-->OK
AT+BLEINIT=0-->OK
AT+CWMODE=0-->OK
Cycle counts:          245553,   8229,   8217,   8218,   8204,   8211,   8201,   8211,   8201,   8211,   8201,   8211,   8201,   8211,   8201,   8211,   8201,   8211,   8201,   8211,   8201,   8211,   8201,   8211,   8201,   8211,   8201,   8211,   8201,   8211,   8201,   8211,   8201,   8211,   8201,   8211,   8201,   8211,   8201,   8211,   8201,   8211,   8201,   8211,   8201,   8211,   8201,   8211,   8201, 
Branch mispredictions:            30,     19,     16,     16,     12,     14,     11,     14,     11,     14,     11,     14,     11,     14,     11,     14,     11,     14,     11,     14,     11,     14,     11,     14,     11,     14,     11,     14,     11,     14,     11,     14,     11,     14,     11,     14,     11,     14,     11,     14,     11,     14,     11,     14,     11,     14,     11,     14,     11, 
ICache misses:       108,      0,      0,      0,      0,      0,      0,      0,      0,      0,      0,      0,      0,      0,      0,      0,      0,      0,      0,      0,      0,      0,      0,      0,      0,      0,      0,      0,      0,      0,      0,      0,      0,      0,      0,      0,      0,      0,      0,      0,      0,      0,      0,      0,      0,      0,      0,      0,      0, 
Result: c2341c68d80d56da3bd9c3b6e7d3ea72
Expected result: [c2, 34, 1c, 68, d8, d, 56, da, 3b, d9, c3, b6, e7, d3, ea, 72]
[1F[0J[?25h[0;39;49mBench Clock Reset Complete
ATE0-->ATE0
OK
AT+BLEINIT=0-->OK
AT+CWMODE=0-->OK
Cycle counts:          245553,   8239,   8217,   8230,   8230,   8211,   8205,   8221,   8211,   8221,   8211,   8221,   8211,   8221,   8211,   8221,   8211,   8221,   8211,   8221,   8211,   8221,   8211,   8221,   8211,   8221,   8211,   8221,   8211,   8221,   8211,   8221,   8211,   8221,   8211,   8221,   8211,   8221,   8211,   8221,   8211,   8221,   8211,   8221,   8211,   8221,   8211,   8221,   8211, 
Branch mispredictions:            30,     22,     16,     20,     20,     14,     12,     17,     14,     17,     14,     17,     14,     17,     14,     17,     14,     17,     14,     17,     14,     17,     14,     17,     14,     17,     14,     17,     14,     17,     14,     17,     14,     17,     14,     17,     14,     17,     14,     17,     14,     17,     14,     17,     14,     17,     14,     17,     14, 
ICache misses:       108,      0,      0,      0,      0,      0,      0,      0,      0,      0,      0,      0,      0,      0,      0,      0,      0,      0,      0,      0,      0,      0,      0,      0,      0,      0,      0,      0,      0,      0,      0,      0,      0,      0,      0,      0,      0,      0,      0,      0,      0,      0,      0,      0,      0,      0,      0,      0,      0, 
Result: 4491c6a84426a29eb3fccfeaf661aead
Expected result: [44, 91, c6, a8, 44, 26, a2, 9e, b3, fc, cf, ea, f6, 61, ae, ad]
[1F[0J[?25h[0;39;49mBench Clock Reset Complete
ATE0-->OK
AT+BLEINIT=0-->OK
AT+CWMODE=0-->OK
Cycle counts:          245549,   8247,   8217,   8205,   8211,   8214,   8203,   8194,   8203,   8194,   8203,   8194,   8203,   8194,   8203,   8194,   8203,   8194,   8203,   8194,   8203,   8194,   8203,   8194,   8203,   8194,   8203,   8194,   8203,   8194,   8203,   8194,   8203,   8194,   8203,   8194,   8203,   8194,   8203,   8194,   8203,   8194,   8203,   8194,   8203,   8194,   8203,   8194,   8203, 
Branch mispredictions:            28,     24,     15,     11,     12,     14,     10,      8,     10,      8,     10,      8,     10,      8,     10,      8,     10,      8,     10,      8,     10,      8,     10,      8,     10,      8,     10,      8,     10,      8,     10,      8,     10,      8,     10,      8,     10,      8,     10,      8,     10,      8,     10,      8,     10,      8,     10,      8,     10, 
ICache misses:       108,      0,      0,      0,      0,      0,      0,      0,      0,      0,      0,      0,      0,      0,      0,      0,      0,      0,      0,      0,      0,      0,      0,      0,      0,      0,      0,      0,      0,      0,      0,      0,      0,      0,      0,      0,      0,      0,      0,      0,      0,      0,      0,      0,      0,      0,      0,      0,      0, 
Result: 1fb6382d80f3e2881e4f754b88c9db36
Expected result: [1f, b6, 38, 2d, 80, f3, e2, 88, 1e, 4f, 75, 4b, 88, c9, db, 36]
[1F[0J[?25h[0;39;49mBench Clock Reset Complete
ATE0-->ATE0
OK
AT+BLEINIT=0-->OK
AT+CWMODE=0-->OK
Cycle counts:          245554,   8231,   8216,   8215,   8204,   8215,   8204,   8215,   8204,   8215,   8204,   8215,   8204,   8215,   8204,   8215,   8204,   8215,   8204,   8215,   8204,   8215,   8204,   8215,   8204,   8215,   8204,   8215,   8204,   8215,   8204,   8215,   8204,   8215,   8204,   8215,   8204,   8215,   8204,   8215,   8204,   8215,   8204,   8215,   8204,   8215,   8204,   8215,   8204, 
Branch mispredictions:            30,     20,     16,     15,     12,     15,     12,     15,     12,     15,     12,     15,     12,     15,     12,     15,     12,     15,     12,     15,     12,     15,     12,     15,     12,     15,     12,     15,     12,     15,     12,     15,     12,     15,     12,     15,     12,     15,     12,     15,     12,     15,     12,     15,     12,     15,     12,     15,     12, 
ICache misses:       108,      0,      0,      0,      0,      0,      0,      0,      0,      0,      0,      0,      0,      0,      0,      0,      0,      0,      0,      0,      0,      0,      0,      0,      0,      0,      0,      0,      0,      0,      0,      0,      0,      0,      0,      0,      0,      0,      0,      0,      0,      0,      0,      0,      0,      0,      0,      0,      0, 
Result: 0d37643711a3ffd0ce6501bfbf78c10a
Expected result: [d, 37, 64, 37, 11, a3, ff, d0, ce, 65, 1, bf, bf, 78, c1, a]
[1F[0J[?25h[0;39;49mBench Clock Reset Complete
ATE0-->OK
AT+BLEINIT=0-->OK
AT+CWMODE=0-->OK
Cycle counts:          245550,   8232,   8229,   8216,   8222,   8209,   8218,   8208,   8217,   8208,   8217,   8208,   8217,   8208,   8217,   8208,   8217,   8208,   8217,   8208,   8217,   8208,   8217,   8208,   8217,   8208,   8217,   8208,   8217,   8208,   8217,   8208,   8217,   8208,   8217,   8208,   8217,   8208,   8217,   8208,   8217,   8208,   8217,   8208,   8217,   8208,   8217,   8208,   8217, 
Branch mispredictions:            29,     20,     19,     15,     16,     13,     15,     13,     15,     13,     15,     13,     15,     13,     15,     13,     15,     13,     15,     13,     15,     13,     15,     13,     15,     13,     15,     13,     15,     13,     15,     13,     15,     13,     15,     13,     15,     13,     15,     13,     15,     13,     15,     13,     15,     13,     15,     13,     15, 
ICache misses:       108,      0,      0,      0,      0,      0,      0,      0,      0,      0,      0,      0,      0,      0,      0,      0,      0,      0,      0,      0,      0,      0,      0,      0,      0,      0,      0,      0,      0,      0,      0,      0,      0,      0,      0,      0,      0,      0,      0,      0,      0,      0,      0,      0,      0,      0,      0,      0,      0, 
Result: b20e3056db0555ed71283a691a1a5f8d
Expected result: [b2, e, 30, 56, db, 5, 55, ed, 71, 28, 3a, 69, 1a, 1a, 5f, 8d]
[1F[0J[?25h[0;39;49mBench Clock Reset Complete
ATE0-->ATE0
OK
AT+BLEINIT=0-->OK
AT+CWMODE=0-->OK
Cycle counts:          245560,   8251,   8220,   8222,   8226,   8219,   8209,   8204,   8216,   8204,   8213,   8204,   8213,   8204,   8213,   8204,   8213,   8204,   8213,   8204,   8213,   8204,   8213,   8204,   8213,   8204,   8213,   8204,   8213,   8204,   8213,   8204,   8213,   8204,   8213,   8204,   8213,   8204,   8213,   8204,   8213,   8204,   8213,   8204,   8213,   8204,   8213,   8204,   8213, 
Branch mispredictions:            33,     26,     16,     17,     18,     15,     12,     11,     14,     11,     13,     11,     13,     11,     13,     11,     13,     11,     13,     11,     13,     11,     13,     11,     13,     11,     13,     11,     13,     11,     13,     11,     13,     11,     13,     11,     13,     11,     13,     11,     13,     11,     13,     11,     13,     11,     13,     11,     13, 
ICache misses:       108,      0,      0,      0,      0,      0,      0,      0,      0,      0,      0,      0,      0,      0,      0,      0,      0,      0,      0,      0,      0,      0,      0,      0,      0,      0,      0,      0,      0,      0,      0,      0,      0,      0,      0,      0,      0,      0,      0,      0,      0,      0,      0,      0,      0,      0,      0,      0,      0, 
Result: e79dba3aa51ef0e4c5fcefcf939013d4
Expected result: [e7, 9d, ba, 3a, a5, 1e, f0, e4, c5, fc, ef, cf, 93, 90, 13, d4]
[1F[0J[?25h[0;39;49mBench Clock Reset Complete
ATE0-->OK
AT+BLEINIT=0-->OK
AT+CWMODE=0-->OK
Cycle counts:          245553,   8234,   8219,   8209,   8213,   8209,   8213,   8209,   8213,   8209,   8213,   8209,   8213,   8209,   8213,   8209,   8213,   8209,   8213,   8209,   8213,   8209,   8213,   8209,   8213,   8209,   8213,   8209,   8213,   8209,   8213,   8209,   8213,   8209,   8213,   8209,   8213,   8209,   8213,   8209,   8213,   8209,   8213,   8209,   8213,   8209,   8213,   8209,   8213, 
Branch mispredictions:            30,     21,     16,     13,     14,     13,     14,     13,     14,     13,     14,     13,     14,     13,     14,     13,     14,     13,     14,     13,     14,     13,     14,     13,     14,     13,     14,     13,     14,     13,     14,     13,     14,     13,     14,     13,     14,     13,     14,     13,     14,     13,     14,     13,     14,     13,     14,     13,     14, 
ICache misses:       108,      0,      0,      0,      0,      0,      0,      0,      0,      0,      0,      0,      0,      0,      0,      0,      0,      0,      0,      0,      0,      0,      0,      0,      0,      0,      0,      0,      0,      0,      0,      0,      0,      0,      0,      0,      0,      0,      0,      0,      0,      0,      0,      0,      0,      0,      0,      0,      0, 
Result: 8241726b729e7530120e787eb8087636
Expected result: [82, 41, 72, 6b, 72, 9e, 75, 30, 12, e, 78, 7e, b8, 8, 76, 36]
[1F[0J[?25h[0;39;49mBench Clock Reset Complete
ATE0--> Send Flag error: #0 #0 #0 #0 AT+BLEINIT=0-->AT+BLEINIT=0
OK
AT+CWMODE=0-->AT+CWMODE=0
OK
Cycle counts:          245553,   8234,   8224,   8229,   8221,   8217,   8204,   8215,   8204,   8215,   8204,   8215,   8204,   8215,   8204,   8215,   8204,   8215,   8204,   8215,   8204,   8215,   8204,   8215,   8204,   8215,   8204,   8215,   8204,   8215,   8204,   8215,   8204,   8215,   8204,   8215,   8204,   8215,   8204,   8215,   8204,   8215,   8204,   8215,   8204,   8215,   8204,   8215,   8204, 
Branch mispredictions:            30,     20,     18,     19,     17,     15,     12,     15,     12,     15,     12,     15,     12,     15,     12,     15,     12,     15,     12,     15,     12,     15,     12,     15,     12,     15,     12,     15,     12,     15,     12,     15,     12,     15,     12,     15,     12,     15,     12,     15,     12,     15,     12,     15,     12,     15,     12,     15,     12, 
ICache misses:       108,      0,      0,      0,      0,      0,      0,      0,      0,      0,      0,      0,      0,      0,      0,      0,      0,      0,      0,      0,      0,      0,      0,      0,      0,      0,      0,      0,      0,      0,      0,      0,      0,      0,      0,      0,      0,      0,      0,      0,      0,      0,      0,      0,      0,      0,      0,      0,      0, 
Result: 1e8e5a8f8268ffbde2407113e2a843b7
Expected result: [1e, 8e, 5a, 8f, 82, 68, ff, bd, e2, 40, 71, 13, e2, a8, 43, b7]
[1F[0J[?25h[0;39;49mBench Clock Reset Complete
ATE0-->ATE0
OK
AT+BLEINIT=0-->OK
AT+CWMODE=0-->OK
Cycle counts:          245554,   8229,   8225,   8211,   8198,   8208,   8198,   8208,   8198,   8208,   8198,   8208,   8198,   8208,   8198,   8208,   8198,   8208,   8198,   8208,   8198,   8208,   8198,   8208,   8198,   8208,   8198,   8208,   8198,   8208,   8198,   8208,   8198,   8208,   8198,   8208,   8198,   8208,   8198,   8208,   8198,   8208,   8198,   8208,   8198,   8208,   8198,   8208,   8198, 
Branch mispredictions:            30,     19,     19,     14,     10,     13,     10,     13,     10,     13,     10,     13,     10,     13,     10,     13,     10,     13,     10,     13,     10,     13,     10,     13,     10,     13,     10,     13,     10,     13,     10,     13,     10,     13,     10,     13,     10,     13,     10,     13,     10,     13,     10,     13,     10,     13,     10,     13,     10, 
ICache misses:       108,      0,      0,      0,      0,      0,      0,      0,      0,      0,      0,      0,      0,      0,      0,      0,      0,      0,      0,      0,      0,      0,      0,      0,      0,      0,      0,      0,      0,      0,      0,      0,      0,      0,      0,      0,      0,      0,      0,      0,      0,      0,      0,      0,      0,      0,      0,      0,      0, 
Result: 9f76246a27f41d783f8fae4105b077e7
Expected result: [9f, 76, 24, 6a, 27, f4, 1d, 78, 3f, 8f, ae, 41, 5, b0, 77, e7]
[1F[0J[?25h[0;39;49mBench Clock Reset Complete
ATE0-->ATE0
OK
AT+BLEINIT=0-->OK
AT+CWMODE=0-->OK
Cycle counts:          245557,   8257,   8216,   8235,   8198,   8205,   8204,   8205,   8201,   8205,   8201,   8205,   8201,   8205,   8201,   8205,   8201,   8205,   8201,   8205,   8201,   8205,   8201,   8205,   8201,   8205,   8201,   8205,   8201,   8205,   8201,   8205,   8201,   8205,   8201,   8205,   8201,   8205,   8201,   8205,   8201,   8205,   8201,   8205,   8201,   8205,   8201,   8205,   8201, 
Branch mispredictions:            32,     27,     15,     21,      9,     11,     11,     11,     10,     11,     10,     11,     10,     11,     10,     11,     10,     11,     10,     11,     10,     11,     10,     11,     10,     11,     10,     11,     10,     11,     10,     11,     10,     11,     10,     11,     10,     11,     10,     11,     10,     11,     10,     11,     10,     11,     10,     11,     10, 
ICache misses:       108,      0,      0,      0,      0,      0,      0,      0,      0,      0,      0,      0,      0,      0,      0,      0,      0,      0,      0,      0,      0,      0,      0,      0,      0,      0,      0,      0,      0,      0,      0,      0,      0,      0,      0,      0,      0,      0,      0,      0,      0,      0,      0,      0,      0,      0,      0,      0,      0, 
Result: c2e944b6760ee958636a187c44eb7edc
Expected result: [c2, e9, 44, b6, 76, e, e9, 58, 63, 6a, 18, 7c, 44, eb, 7e, dc]
[1F[0J[?25h[0;39;49mBench Clock Reset Complete
ATE0-->OK
AT+BLEINIT=0-->OK
AT+CWMODE=0-->OK
Cycle counts:          245549,   8241,   8211,   8204,   8205,   8201,   8205,   8201,   8205,   8201,   8205,   8201,   8205,   8201,   8205,   8201,   8205,   8201,   8205,   8201,   8205,   8201,   8205,   8201,   8205,   8201,   8205,   8201,   8205,   8201,   8205,   8201,   8205,   8201,   8205,   8201,   8205,   8201,   8205,   8201,   8205,   8201,   8205,   8201,   8205,   8201,   8205,   8201,   8205, 
Branch mispredictions:            29,     22,     13,     11,     11,     10,     11,     10,     11,     10,     11,     10,     11,     10,     11,     10,     11,     10,     11,     10,     11,     10,     11,     10,     11,     10,     11,     10,     11,     10,     11,     10,     11,     10,     11,     10,     11,     10,     11,     10,     11,     10,     11,     10,     11,     10,     11,     10,     11, 
ICache misses:       108,      0,      0,      0,      0,      0,      0,      0,      0,      0,      0,      0,      0,      0,      0,      0,      0,      0,      0,      0,      0,      0,      0,      0,      0,      0,      0,      0,      0,      0,      0,      0,      0,      0,      0,      0,      0,      0,      0,      0,      0,      0,      0,      0,      0,      0,      0,      0,      0, 
Result: 0a4d663475e58c60a2e44f5148058f02
Expected result: [a, 4d, 66, 34, 75, e5, 8c, 60, a2, e4, 4f, 51, 48, 5, 8f, 2]
[1F[0J[?25h[0;39;49mBench Clock Reset Complete
ATE0-->ATE0
OK
AT+BLEINIT=0-->Send Flag Timed Out Busy. Giving Up.
Receive Length Timed Out Busy
Send Flag Timed Out Busy. Giving Up.
Receive Length Timed Out Busy
Send Flag Timed Out Busy. Giving Up.
Receive Length Timed Out Busy
Send Flag Timed Out Busy. Giving Up.
Receive Length Timed Out Busy
Send Flag Timed Out Busy. Giving Up.
Receive Length Timed Out Busy
Send Flag Timed Out Busy. Giving Up.
Receive Length Timed Out Busy
Send Flag Timed Out Busy. Giving Up.
Receive Length Timed Out Busy
Send Flag Timed Out Busy. Giving Up.
Receive Length Timed Out Busy
Send Flag Timed Out Busy. Giving Up.
[1F[0J[?25h[0;39;49mBench Clock Reset Complete
ATE0-->OK
AT+BLEINIT=0-->OK
AT+CWMODE=0-->OK
Cycle counts:          245549,   8223,   8207,   8203,   8204,   8197,   8201,   8197,   8201,   8197,   8201,   8197,   8201,   8197,   8201,   8197,   8201,   8197,   8201,   8197,   8201,   8197,   8201,   8197,   8201,   8197,   8201,   8197,   8201,   8197,   8201,   8197,   8201,   8197,   8201,   8197,   8201,   8197,   8201,   8197,   8201,   8197,   8201,   8197,   8201,   8197,   8201,   8197,   8201, 
Branch mispredictions:            28,     17,     12,     11,     11,      9,     10,      9,     10,      9,     10,      9,     10,      9,     10,      9,     10,      9,     10,      9,     10,      9,     10,      9,     10,      9,     10,      9,     10,      9,     10,      9,     10,      9,     10,      9,     10,      9,     10,      9,     10,      9,     10,      9,     10,      9,     10,      9,     10, 
ICache misses:       108,      0,      0,      0,      0,      0,      0,      0,      0,      0,      0,      0,      0,      0,      0,      0,      0,      0,      0,      0,      0,      0,      0,      0,      0,      0,      0,      0,      0,      0,      0,      0,      0,      0,      0,      0,      0,      0,      0,      0,      0,      0,      0,      0,      0,      0,      0,      0,      0, 
Result: d042fa58a5e019b814bf76422e09bed1
Expected result: [d0, 42, fa, 58, a5, e0, 19, b8, 14, bf, 76, 42, 2e, 9, be, d1]
[1F[0J[?25h[0;39;49mBench Clock Reset Complete
ATE0-->ATE0
OK
AT+BLEINIT=0-->OK
AT+CWMODE=0-->OK
Cycle counts:          245553,   8226,   8221,   8216,   8202,   8212,   8202,   8212,   8202,   8212,   8202,   8212,   8202,   8212,   8202,   8212,   8202,   8212,   8202,   8212,   8202,   8212,   8202,   8212,   8202,   8212,   8202,   8212,   8202,   8212,   8202,   8212,   8202,   8212,   8202,   8212,   8202,   8212,   8202,   8212,   8202,   8212,   8202,   8212,   8202,   8212,   8202,   8212,   8202, 
Branch mispredictions:            30,     18,     17,     15,     11,     14,     11,     14,     11,     14,     11,     14,     11,     14,     11,     14,     11,     14,     11,     14,     11,     14,     11,     14,     11,     14,     11,     14,     11,     14,     11,     14,     11,     14,     11,     14,     11,     14,     11,     14,     11,     14,     11,     14,     11,     14,     11,     14,     11, 
ICache misses:       108,      0,      0,      0,      0,      0,      0,      0,      0,      0,      0,      0,      0,      0,      0,      0,      0,      0,      0,      0,      0,      0,      0,      0,      0,      0,      0,      0,      0,      0,      0,      0,      0,      0,      0,      0,      0,      0,      0,      0,      0,      0,      0,      0,      0,      0,      0,      0,      0, 
Result: ebdae7fcf2261d6e5defc1a2ef6b4580
Expected result: [eb, da, e7, fc, f2, 26, 1d, 6e, 5d, ef, c1, a2, ef, 6b, 45, 80]
[1F[0J[?25h[0;39;49mBench Clock Reset Complete
ATE0-->OK
AT+BLEINIT=0-->OK
AT+CWMODE=0-->OK
Cycle counts:          245544,   8243,   8228,   8210,   8203,   8207,   8203,   8207,   8203,   8207,   8203,   8207,   8203,   8207,   8203,   8207,   8203,   8207,   8203,   8207,   8203,   8207,   8203,   8207,   8203,   8207,   8203,   8207,   8203,   8207,   8203,   8207,   8203,   8207,   8203,   8207,   8203,   8207,   8203,   8207,   8203,   8207,   8203,   8207,   8203,   8207,   8203,   8207,   8203, 
Branch mispredictions:            27,     23,     19,     13,     11,     12,     11,     12,     11,     12,     11,     12,     11,     12,     11,     12,     11,     12,     11,     12,     11,     12,     11,     12,     11,     12,     11,     12,     11,     12,     11,     12,     11,     12,     11,     12,     11,     12,     11,     12,     11,     12,     11,     12,     11,     12,     11,     12,     11, 
ICache misses:       108,      0,      0,      0,      0,      0,      0,      0,      0,      0,      0,      0,      0,      0,      0,      0,      0,      0,      0,      0,      0,      0,      0,      0,      0,      0,      0,      0,      0,      0,      0,      0,      0,      0,      0,      0,      0,      0,      0,      0,      0,      0,      0,      0,      0,      0,      0,      0,      0, 
Result: 6885a1fd14be296a52173da9c1c77f17
Expected result: [68, 85, a1, fd, 14, be, 29, 6a, 52, 17, 3d, a9, c1, c7, 7f, 17]
[1F[0J[?25h[0;39;49mBench Clock Reset Complete
ATE0-->ATE0
OK
AT+BLEINIT=0-->OK
AT+CWMODE=0-->OK
Cycle counts:          245556,   8232,   8225,   8224,   8223,   8216,   8221,   8205,   8212,   8205,   8212,   8205,   8212,   8205,   8212,   8205,   8212,   8205,   8212,   8205,   8212,   8205,   8212,   8205,   8212,   8205,   8212,   8205,   8212,   8205,   8212,   8205,   8212,   8205,   8212,   8205,   8212,   8205,   8212,   8205,   8212,   8205,   8212,   8205,   8212,   8205,   8212,   8205,   8212, 
Branch mispredictions:            31,     20,     18,     18,     17,     16,     17,     12,     14,     12,     14,     12,     14,     12,     14,     12,     14,     12,     14,     12,     14,     12,     14,     12,     14,     12,     14,     12,     14,     12,     14,     12,     14,     12,     14,     12,     14,     12,     14,     12,     14,     12,     14,     12,     14,     12,     14,     12,     14, 
ICache misses:       108,      0,      0,      0,      0,      0,      0,      0,      0,      0,      0,      0,      0,      0,      0,      0,      0,      0,      0,      0,      0,      0,      0,      0,      0,      0,      0,      0,      0,      0,      0,      0,      0,      0,      0,      0,      0,      0,      0,      0,      0,      0,      0,      0,      0,      0,      0,      0,      0, 
Result: e77d375b3aa94f6cf2f27726a5b65982
Expected result: [e7, 7d, 37, 5b, 3a, a9, 4f, 6c, f2, f2, 77, 26, a5, b6, 59, 82]
[1F[0J[?25h[0;39;49mBench Clock Reset Complete
ATE0-->OK
AT+BLEINIT=0-->OK
AT+CWMODE=0-->OK
Cycle counts:          245553,   8234,   8219,   8209,   8213,   8209,   8213,   8209,   8213,   8209,   8213,   8209,   8213,   8209,   8213,   8209,   8213,   8209,   8213,   8209,   8213,   8209,   8213,   8209,   8213,   8209,   8213,   8209,   8213,   8209,   8213,   8209,   8213,   8209,   8213,   8209,   8213,   8209,   8213,   8209,   8213,   8209,   8213,   8209,   8213,   8209,   8213,   8209,   8213, 
Branch mispredictions:            30,     21,     16,     13,     14,     13,     14,     13,     14,     13,     14,     13,     14,     13,     14,     13,     14,     13,     14,     13,     14,     13,     14,     13,     14,     13,     14,     13,     14,     13,     14,     13,     14,     13,     14,     13,     14,     13,     14,     13,     14,     13,     14,     13,     14,     13,     14,     13,     14, 
ICache misses:       108,      0,      0,      0,      0,      0,      0,      0,      0,      0,      0,      0,      0,      0,      0,      0,      0,      0,      0,      0,      0,      0,      0,      0,      0,      0,      0,      0,      0,      0,      0,      0,      0,      0,      0,      0,      0,      0,      0,      0,      0,      0,      0,      0,      0,      0,      0,      0,      0, 
Result: 250998d4bec58ac8265404dc6408f21c
Expected result: [25, 9, 98, d4, be, c5, 8a, c8, 26, 54, 4, dc, 64, 8, f2, 1c]
[1F[0J[?25h[0;39;49mBench Clock Reset Complete
ATE0-->ATE0
OK
AT+BLEINIT=0-->OK
AT+CWMODE=0-->OK
Cycle counts:          245552,   8253,   8230,   8221,   8213,   8224,   8210,   8216,   8217,   8213,   8217,   8213,   8217,   8213,   8217,   8213,   8217,   8213,   8217,   8213,   8217,   8213,   8217,   8213,   8217,   8213,   8217,   8213,   8217,   8213,   8217,   8213,   8217,   8213,   8217,   8213,   8217,   8213,   8217,   8213,   8217,   8213,   8217,   8213,   8217,   8213,   8217,   8213,   8217, 
Branch mispredictions:            30,     26,     19,     16,     14,     17,     13,     15,     15,     14,     15,     14,     15,     14,     15,     14,     15,     14,     15,     14,     15,     14,     15,     14,     15,     14,     15,     14,     15,     14,     15,     14,     15,     14,     15,     14,     15,     14,     15,     14,     15,     14,     15,     14,     15,     14,     15,     14,     15, 
ICache misses:       108,      0,      0,      0,      0,      0,      0,      0,      0,      0,      0,      0,      0,      0,      0,      0,      0,      0,      0,      0,      0,      0,      0,      0,      0,      0,      0,      0,      0,      0,      0,      0,      0,      0,      0,      0,      0,      0,      0,      0,      0,      0,      0,      0,      0,      0,      0,      0,      0, 
Result: caea50b9d789774eb7e6d77d3fd4ceca
Expected result: [ca, ea, 50, b9, d7, 89, 77, 4e, b7, e6, d7, 7d, 3f, d4, ce, ca]
[1F[0J[?25h[0;39;49mBench Clock Reset Complete
ATE0-->OK
AT+BLEINIT=0-->OK
AT+CWMODE=0-->OK
Cycle counts:          245550,   8229,   8218,   8222,   8204,   8206,   8198,   8206,   8198,   8206,   8198,   8206,   8198,   8206,   8198,   8206,   8198,   8206,   8198,   8206,   8198,   8206,   8198,   8206,   8198,   8206,   8198,   8206,   8198,   8206,   8198,   8206,   8198,   8206,   8198,   8206,   8198,   8206,   8198,   8206,   8198,   8206,   8198,   8206,   8198,   8206,   8198,   8206,   8198, 
Branch mispredictions:            29,     19,     16,     17,     12,     12,     10,     12,     10,     12,     10,     12,     10,     12,     10,     12,     10,     12,     10,     12,     10,     12,     10,     12,     10,     12,     10,     12,     10,     12,     10,     12,     10,     12,     10,     12,     10,     12,     10,     12,     10,     12,     10,     12,     10,     12,     10,     12,     10, 
ICache misses:       108,      0,      0,      0,      0,      0,      0,      0,      0,      0,      0,      0,      0,      0,      0,      0,      0,      0,      0,      0,      0,      0,      0,      0,      0,      0,      0,      0,      0,      0,      0,      0,      0,      0,      0,      0,      0,      0,      0,      0,      0,      0,      0,      0,      0,      0,      0,      0,      0, 
Result: 367e7a4734067b820b987bac156a3f54
Expected result: [36, 7e, 7a, 47, 34, 6, 7b, 82, b, 98, 7b, ac, 15, 6a, 3f, 54]
[1F[0J[?25h[0;39;49mBench Clock Reset Complete
ATE0-->ATE0
OK
AT+BLEINIT=0-->OK
AT+CWMODE=0-->OK
Cycle counts:          245553,   8225,   8210,   8204,   8205,   8208,   8205,   8205,   8205,   8205,   8205,   8205,   8205,   8205,   8205,   8205,   8205,   8205,   8205,   8205,   8205,   8205,   8205,   8205,   8205,   8205,   8205,   8205,   8205,   8205,   8205,   8205,   8205,   8205,   8205,   8205,   8205,   8205,   8205,   8205,   8205,   8205,   8205,   8205,   8205,   8205,   8205,   8205,   8205, 
Branch mispredictions:            30,     17,     13,     11,     11,     12,     11,     11,     11,     11,     11,     11,     11,     11,     11,     11,     11,     11,     11,     11,     11,     11,     11,     11,     11,     11,     11,     11,     11,     11,     11,     11,     11,     11,     11,     11,     11,     11,     11,     11,     11,     11,     11,     11,     11,     11,     11,     11,     11, 
ICache misses:       108,      0,      0,      0,      0,      0,      0,      0,      0,      0,      0,      0,      0,      0,      0,      0,      0,      0,      0,      0,      0,      0,      0,      0,      0,      0,      0,      0,      0,      0,      0,      0,      0,      0,      0,      0,      0,      0,      0,      0,      0,      0,      0,      0,      0,      0,      0,      0,      0, 
Result: c983a36800c4c9ec1607072ac257956c
Expected result: [c9, 83, a3, 68, 0, c4, c9, ec, 16, 7, 7, 2a, c2, 57, 95, 6c]
[1F[0J[?25h[0;39;49mBench Clock Reset Complete
ATE0-->OK
AT+BLEINIT=0-->OK
AT+CWMODE=0-->OK
Cycle counts:          245549,   8247,   8232,   8227,   8214,   8218,   8208,   8214,   8212,   8207,   8211,   8207,   8211,   8207,   8211,   8207,   8211,   8207,   8211,   8207,   8211,   8207,   8211,   8207,   8211,   8207,   8211,   8207,   8211,   8207,   8211,   8207,   8211,   8207,   8211,   8207,   8211,   8207,   8211,   8207,   8211,   8207,   8211,   8207,   8211,   8207,   8211,   8207,   8211, 
Branch mispredictions:            29,     24,     20,     18,     14,     15,     12,     14,     13,     12,     13,     12,     13,     12,     13,     12,     13,     12,     13,     12,     13,     12,     13,     12,     13,     12,     13,     12,     13,     12,     13,     12,     13,     12,     13,     12,     13,     12,     13,     12,     13,     12,     13,     12,     13,     12,     13,     12,     13, 
ICache misses:       108,      0,      0,      0,      0,      0,      0,      0,      0,      0,      0,      0,      0,      0,      0,      0,      0,      0,      0,      0,      0,      0,      0,      0,      0,      0,      0,      0,      0,      0,      0,      0,      0,      0,      0,      0,      0,      0,      0,      0,      0,      0,      0,      0,      0,      0,      0,      0,      0, 
Result: 016e367cca11749e0fed7ebd027b36f2
Expected result: [1, 6e, 36, 7c, ca, 11, 74, 9e, f, ed, 7e, bd, 2, 7b, 36, f2]
[1F[0J[?25h[0;39;49mBench Clock Reset Complete
ATE0-->ATE0
OK
AT+BLEINIT=0-->OK
AT+CWMODE=0-->OK
Cycle counts:          245546,   8249,   8213,   8206,   8207,   8206,   8207,   8206,   8207,   8206,   8207,   8206,   8207,   8206,   8207,   8206,   8207,   8206,   8207,   8206,   8207,   8206,   8207,   8206,   8207,   8206,   8207,   8206,   8207,   8206,   8207,   8206,   8207,   8206,   8207,   8206,   8207,   8206,   8207,   8206,   8207,   8206,   8207,   8206,   8207,   8206,   8207,   8206,   8207, 
Branch mispredictions:            28,     25,     14,     12,     12,     12,     12,     12,     12,     12,     12,     12,     12,     12,     12,     12,     12,     12,     12,     12,     12,     12,     12,     12,     12,     12,     12,     12,     12,     12,     12,     12,     12,     12,     12,     12,     12,     12,     12,     12,     12,     12,     12,     12,     12,     12,     12,     12,     12, 
ICache misses:       108,      0,      0,      0,      0,      0,      0,      0,      0,      0,      0,      0,      0,      0,      0,      0,      0,      0,      0,      0,      0,      0,      0,      0,      0,      0,      0,      0,      0,      0,      0,      0,      0,      0,      0,      0,      0,      0,      0,      0,      0,      0,      0,      0,      0,      0,      0,      0,      0, 
Result: 4e75dd57a2a3a11967dba0c943c36026
Expected result: [4e, 75, dd, 57, a2, a3, a1, 19, 67, db, a0, c9, 43, c3, 60, 26]
[1F[0J[?25h[0;39;49mBench Clock Reset Complete
ATE0-->OK
AT+BLEINIT=0-->OK
AT+CWMODE=0-->OK
Cycle counts:          245553,   8240,   8213,   8206,   8203,   8205,   8206,   8202,   8206,   8202,   8206,   8202,   8206,   8202,   8206,   8202,   8206,   8202,   8206,   8202,   8206,   8202,   8206,   8202,   8206,   8202,   8206,   8202,   8206,   8202,   8206,   8202,   8206,   8202,   8206,   8202,   8206,   8202,   8206,   8202,   8206,   8202,   8206,   8202,   8206,   8202,   8206,   8202,   8206, 
Branch mispredictions:            30,     22,     14,     12,     11,     12,     12,     11,     12,     11,     12,     11,     12,     11,     12,     11,     12,     11,     12,     11,     12,     11,     12,     11,     12,     11,     12,     11,     12,     11,     12,     11,     12,     11,     12,     11,     12,     11,     12,     11,     12,     11,     12,     11,     12,     11,     12,     11,     12, 
ICache misses:       108,      0,      0,      0,      0,      0,      0,      0,      0,      0,      0,      0,      0,      0,      0,      0,      0,      0,      0,      0,      0,      0,      0,      0,      0,      0,      0,      0,      0,      0,      0,      0,      0,      0,      0,      0,      0,      0,      0,      0,      0,      0,      0,      0,      0,      0,      0,      0,      0, 
Result: 4f0738cc18ade2485171b2fbf7380949
Expected result: [4f, 7, 38, cc, 18, ad, e2, 48, 51, 71, b2, fb, f7, 38, 9, 49]
[1F[0J[?25h[0;39;49mBench Clock Reset Complete
ATE0-->ATE0
OK
AT+BLEINIT=0-->OK
AT+CWMODE=0-->OK
Cycle counts:          245547,   8245,   8216,   8214,   8216,   8212,   8217,   8197,   8207,   8197,   8207,   8197,   8207,   8197,   8207,   8197,   8207,   8197,   8207,   8197,   8207,   8197,   8207,   8197,   8207,   8197,   8207,   8197,   8207,   8197,   8207,   8197,   8207,   8197,   8207,   8197,   8207,   8197,   8207,   8197,   8207,   8197,   8207,   8197,   8207,   8197,   8207,   8197,   8207, 
Branch mispredictions:            28,     23,     14,     14,     15,     14,     15,      9,     12,      9,     12,      9,     12,      9,     12,      9,     12,      9,     12,      9,     12,      9,     12,      9,     12,      9,     12,      9,     12,      9,     12,      9,     12,      9,     12,      9,     12,      9,     12,      9,     12,      9,     12,      9,     12,      9,     12,      9,     12, 
ICache misses:       108,      0,      0,      0,      0,      0,      0,      0,      0,      0,      0,      0,      0,      0,      0,      0,      0,      0,      0,      0,      0,      0,      0,      0,      0,      0,      0,      0,      0,      0,      0,      0,      0,      0,      0,      0,      0,      0,      0,      0,      0,      0,      0,      0,      0,      0,      0,      0,      0, 
Result: e42c4898e17a799aafdc749183dfabba
Expected result: [e4, 2c, 48, 98, e1, 7a, 79, 9a, af, dc, 74, 91, 83, df, ab, ba]
[1F[0J[?25h[0;39;49mBench Clock Reset Complete
ATE0-->OK
AT+BLEINIT=0-->OK
AT+CWMODE=0-->OK
Cycle counts:          245552,   8243,   8212,   8214,   8204,   8202,   8204,   8202,   8204,   8202,   8204,   8202,   8204,   8202,   8204,   8202,   8204,   8202,   8204,   8202,   8204,   8202,   8204,   8202,   8204,   8202,   8204,   8202,   8204,   8202,   8204,   8202,   8204,   8202,   8204,   8202,   8204,   8202,   8204,   8202,   8204,   8202,   8204,   8202,   8204,   8202,   8204,   8202,   8204, 
Branch mispredictions:            30,     23,     13,     14,     11,     10,     11,     10,     11,     10,     11,     10,     11,     10,     11,     10,     11,     10,     11,     10,     11,     10,     11,     10,     11,     10,     11,     10,     11,     10,     11,     10,     11,     10,     11,     10,     11,     10,     11,     10,     11,     10,     11,     10,     11,     10,     11,     10,     11, 
ICache misses:       108,      0,      0,      0,      0,      0,      0,      0,      0,      0,      0,      0,      0,      0,      0,      0,      0,      0,      0,      0,      0,      0,      0,      0,      0,      0,      0,      0,      0,      0,      0,      0,      0,      0,      0,      0,      0,      0,      0,      0,      0,      0,      0,      0,      0,      0,      0,      0,      0, 
Result: 562f470072e5fd80d334fbcfbd639823
Expected result: [56, 2f, 47, 0, 72, e5, fd, 80, d3, 34, fb, cf, bd, 63, 98, 23]
[1F[0J[?25h[0;39;49mBench Clock Reset Complete
ATE0-->ATE0
OK
AT+BLEINIT=0-->OK
AT+CWMODE=0-->OK
Cycle counts:          245556,   8232,   8223,   8215,   8223,   8216,   8221,   8205,   8212,   8205,   8212,   8205,   8212,   8205,   8212,   8205,   8212,   8205,   8212,   8205,   8212,   8205,   8212,   8205,   8212,   8205,   8212,   8205,   8212,   8205,   8212,   8205,   8212,   8205,   8212,   8205,   8212,   8205,   8212,   8205,   8212,   8205,   8212,   8205,   8212,   8205,   8212,   8205,   8212, 
Branch mispredictions:            31,     20,     17,     15,     17,     16,     17,     12,     14,     12,     14,     12,     14,     12,     14,     12,     14,     12,     14,     12,     14,     12,     14,     12,     14,     12,     14,     12,     14,     12,     14,     12,     14,     12,     14,     12,     14,     12,     14,     12,     14,     12,     14,     12,     14,     12,     14,     12,     14, 
ICache misses:       108,      0,      0,      0,      0,      0,      0,      0,      0,      0,      0,      0,      0,      0,      0,      0,      0,      0,      0,      0,      0,      0,      0,      0,      0,      0,      0,      0,      0,      0,      0,      0,      0,      0,      0,      0,      0,      0,      0,      0,      0,      0,      0,      0,      0,      0,      0,      0,      0, 
Result: 0ff47e4c63ac548989ec9729ee25f347
Expected result: [f, f4, 7e, 4c, 63, ac, 54, 89, 89, ec, 97, 29, ee, 25, f3, 47]
[1F[0J[?25h[0;39;49mBench Clock Reset Complete
ATE0-->OK
AT+BLEINIT=0-->OK
AT+CWMODE=0-->OK
Cycle counts:          245549,   8247,   8226,   8224,   8217,   8218,   8216,   8214,   8221,   8206,   8206,   8212,   8202,   8212,   8202,   8212,   8202,   8212,   8202,   8212,   8202,   8212,   8202,   8212,   8202,   8212,   8202,   8212,   8202,   8212,   8202,   8212,   8202,   8212,   8202,   8212,   8202,   8212,   8202,   8212,   8202,   8212,   8202,   8212,   8202,   8212,   8202,   8212,   8202, 
Branch mispredictions:            29,     24,     18,     17,     15,     15,     15,     14,     16,     12,     12,     14,     11,     14,     11,     14,     11,     14,     11,     14,     11,     14,     11,     14,     11,     14,     11,     14,     11,     14,     11,     14,     11,     14,     11,     14,     11,     14,     11,     14,     11,     14,     11,     14,     11,     14,     11,     14,     11, 
ICache misses:       108,      0,      0,      0,      0,      0,      0,      0,      0,      0,      0,      0,      0,      0,      0,      0,      0,      0,      0,      0,      0,      0,      0,      0,      0,      0,      0,      0,      0,      0,      0,      0,      0,      0,      0,      0,      0,      0,      0,      0,      0,      0,      0,      0,      0,      0,      0,      0,      0, 
Result: 4c3d1ab6066a08e8ad101c9a255bfaba
Expected result: [4c, 3d, 1a, b6, 6, 6a, 8, e8, ad, 10, 1c, 9a, 25, 5b, fa, ba]
[1F[0J[?25h[0;39;49mBench Clock Reset Complete
ATE0-->ATE0
OK
AT+BLEINIT=0-->OK
AT+CWMODE=0-->OK
Cycle counts:          245555,   8234,   8224,   8210,   8228,   8231,   8232,   8228,   8232,   8228,   8232,   8228,   8232,   8228,   8232,   8228,   8232,   8228,   8232,   8228,   8232,   8228,   8232,   8228,   8232,   8228,   8232,   8228,   8232,   8228,   8232,   8228,   8232,   8228,   8232,   8228,   8232,   8228,   8232,   8228,   8232,   8228,   8232,   8228,   8232,   8228,   8232,   8228,   8232, 
Branch mispredictions:            31,     20,     17,     13,     18,     20,     20,     19,     20,     19,     20,     19,     20,     19,     20,     19,     20,     19,     20,     19,     20,     19,     20,     19,     20,     19,     20,     19,     20,     19,     20,     19,     20,     19,     20,     19,     20,     19,     20,     19,     20,     19,     20,     19,     20,     19,     20,     19,     20, 
ICache misses:       108,      0,      0,      0,      0,      0,      0,      0,      0,      0,      0,      0,      0,      0,      0,      0,      0,      0,      0,      0,      0,      0,      0,      0,      0,      0,      0,      0,      0,      0,      0,      0,      0,      0,      0,      0,      0,      0,      0,      0,      0,      0,      0,      0,      0,      0,      0,      0,      0, 
Result: eadca479502b1c177687f81a7256c344
Expected result: [ea, dc, a4, 79, 50, 2b, 1c, 17, 76, 87, f8, 1a, 72, 56, c3, 44]
[1F[0J[?25h[0;39;49mBench Clock Reset Complete
ATE0-->OK
AT+BLEINIT=0-->OK
AT+CWMODE=0-->OK
Cycle counts:          245551,   8238,   8222,   8211,   8209,   8208,   8209,   8205,   8209,   8205,   8209,   8205,   8209,   8205,   8209,   8205,   8209,   8205,   8209,   8205,   8209,   8205,   8209,   8205,   8209,   8205,   8209,   8205,   8209,   8205,   8209,   8205,   8209,   8205,   8209,   8205,   8209,   8205,   8209,   8205,   8209,   8205,   8209,   8205,   8209,   8205,   8209,   8205,   8209, 
Branch mispredictions:            29,     21,     16,     13,     12,     12,     12,     11,     12,     11,     12,     11,     12,     11,     12,     11,     12,     11,     12,     11,     12,     11,     12,     11,     12,     11,     12,     11,     12,     11,     12,     11,     12,     11,     12,     11,     12,     11,     12,     11,     12,     11,     12,     11,     12,     11,     12,     11,     12, 
ICache misses:       108,      0,      0,      0,      0,      0,      0,      0,      0,      0,      0,      0,      0,      0,      0,      0,      0,      0,      0,      0,      0,      0,      0,      0,      0,      0,      0,      0,      0,      0,      0,      0,      0,      0,      0,      0,      0,      0,      0,      0,      0,      0,      0,      0,      0,      0,      0,      0,      0, 
Result: d73f0fa3472bc3ddafdc63757cd64a3a
Expected result: [d7, 3f, f, a3, 47, 2b, c3, dd, af, dc, 63, 75, 7c, d6, 4a, 3a]
[1F[0J[?25h[0;39;49mBench Clock Reset Complete
ATE0-->ATE0
OK
AT+BLEINIT=0-->OK
AT+CWMODE=0-->OK
Cycle counts:          245547,   8236,   8222,   8229,   8212,   8219,   8210,   8217,   8210,   8217,   8210,   8217,   8210,   8217,   8210,   8217,   8210,   8217,   8210,   8217,   8210,   8217,   8210,   8217,   8210,   8217,   8210,   8217,   8210,   8217,   8210,   8217,   8210,   8217,   8210,   8217,   8210,   8217,   8210,   8217,   8210,   8217,   8210,   8217,   8210,   8217,   8210,   8217,   8210, 
Branch mispredictions:            28,     21,     16,     19,     13,     15,     13,     15,     13,     15,     13,     15,     13,     15,     13,     15,     13,     15,     13,     15,     13,     15,     13,     15,     13,     15,     13,     15,     13,     15,     13,     15,     13,     15,     13,     15,     13,     15,     13,     15,     13,     15,     13,     15,     13,     15,     13,     15,     13, 
ICache misses:       108,      0,      0,      0,      0,      0,      0,      0,      0,      0,      0,      0,      0,      0,      0,      0,      0,      0,      0,      0,      0,      0,      0,      0,      0,      0,      0,      0,      0,      0,      0,      0,      0,      0,      0,      0,      0,      0,      0,      0,      0,      0,      0,      0,      0,      0,      0,      0,      0, 
Result: 977fb231411072063d80a61620873a4e
Expected result: [97, 7f, b2, 31, 41, 10, 72, 6, 3d, 80, a6, 16, 20, 87, 3a, 4e]
[1F[0J[?25h[0;39;49mBench Clock Reset Complete
ATE0-->OK
AT+BLEINIT=0-->OK
AT+CWMODE=0-->OK
Cycle counts:          245552,   8245,   8226,   8223,   8211,   8215,   8211,   8215,   8211,   8215,   8214,   8227,   8226,   8224,   8226,   8224,   8226,   8224,   8226,   8224,   8226,   8224,   8226,   8224,   8226,   8224,   8226,   8224,   8226,   8224,   8226,   8224,   8226,   8224,   8226,   8224,   8226,   8224,   8226,   8224,   8226,   8224,   8226,   8224,   8226,   8224,   8226,   8224,   8226, 
Branch mispredictions:            30,     23,     18,     16,     13,     14,     13,     14,     13,     14,     14,     18,     18,     17,     18,     17,     18,     17,     18,     17,     18,     17,     18,     17,     18,     17,     18,     17,     18,     17,     18,     17,     18,     17,     18,     17,     18,     17,     18,     17,     18,     17,     18,     17,     18,     17,     18,     17,     18, 
ICache misses:       108,      0,      0,      0,      0,      0,      0,      0,      0,      0,      0,      0,      0,      0,      0,      0,      0,      0,      0,      0,      0,      0,      0,      0,      0,      0,      0,      0,      0,      0,      0,      0,      0,      0,      0,      0,      0,      0,      0,      0,      0,      0,      0,      0,      0,      0,      0,      0,      0, 
Result: 5441c3cf554411d6689ef9268f785236
Expected result: [54, 41, c3, cf, 55, 44, 11, d6, 68, 9e, f9, 26, 8f, 78, 52, 36]
[1F[0J[?25h[0;39;49mBench Clock Reset Complete
ATE0-->ATE0
OK
AT+BLEINIT=0-->OK
AT+CWMODE=0-->OK
Cycle counts:          245550,   8239,   8224,   8219,   8206,   8209,   8207,   8203,   8207,   8203,   8207,   8203,   8207,   8203,   8207,   8203,   8207,   8203,   8207,   8203,   8207,   8203,   8207,   8203,   8207,   8203,   8207,   8203,   8207,   8203,   8207,   8203,   8207,   8203,   8207,   8203,   8207,   8203,   8207,   8203,   8207,   8203,   8207,   8203,   8207,   8203,   8207,   8203,   8207, 
Branch mispredictions:            29,     22,     17,     16,     11,     13,     12,     11,     12,     11,     12,     11,     12,     11,     12,     11,     12,     11,     12,     11,     12,     11,     12,     11,     12,     11,     12,     11,     12,     11,     12,     11,     12,     11,     12,     11,     12,     11,     12,     11,     12,     11,     12,     11,     12,     11,     12,     11,     12, 
ICache misses:       108,      0,      0,      0,      0,      0,      0,      0,      0,      0,      0,      0,      0,      0,      0,      0,      0,      0,      0,      0,      0,      0,      0,      0,      0,      0,      0,      0,      0,      0,      0,      0,      0,      0,      0,      0,      0,      0,      0,      0,      0,      0,      0,      0,      0,      0,      0,      0,      0, 
Result: 13b1c5b5b599909c6bb14816a2324f4e
Expected result: [13, b1, c5, b5, b5, 99, 90, 9c, 6b, b1, 48, 16, a2, 32, 4f, 4e]
[1F[0J[?25h[0;39;49mBench Clock Reset Complete
ATE0-->OK
AT+BLEINIT=0-->OK
AT+CWMODE=0-->OK
Cycle counts:          245548,   8234,   8213,   8218,   8222,   8205,   8212,   8205,   8212,   8205,   8212,   8205,   8212,   8205,   8212,   8205,   8212,   8205,   8212,   8205,   8212,   8205,   8212,   8205,   8212,   8205,   8212,   8205,   8212,   8205,   8212,   8205,   8212,   8205,   8212,   8205,   8212,   8205,   8212,   8205,   8212,   8205,   8212,   8205,   8212,   8205,   8212,   8205,   8212, 
Branch mispredictions:            28,     21,     14,     16,     17,     12,     14,     12,     14,     12,     14,     12,     14,     12,     14,     12,     14,     12,     14,     12,     14,     12,     14,     12,     14,     12,     14,     12,     14,     12,     14,     12,     14,     12,     14,     12,     14,     12,     14,     12,     14,     12,     14,     12,     14,     12,     14,     12,     14, 
ICache misses:       108,      0,      0,      0,      0,      0,      0,      0,      0,      0,      0,      0,      0,      0,      0,      0,      0,      0,      0,      0,      0,      0,      0,      0,      0,      0,      0,      0,      0,      0,      0,      0,      0,      0,      0,      0,      0,      0,      0,      0,      0,      0,      0,      0,      0,      0,      0,      0,      0, 
Result: 123cf3732cdcab795cc2537d2d67f4f2
Expected result: [12, 3c, f3, 73, 2c, dc, ab, 79, 5c, c2, 53, 7d, 2d, 67, f4, f2]
