[1F[0J[?25h[0;39;49mBench Clock Reset Complete
ATE0-->ATE0
OK
AT+BLEINIT=0-->OK
AT+CWMODE=0-->OK
Cycle counts:          245554,   8238,   8225,   8215,   8223,   8207,   8218,   8211,   8215,   8208,   8215,   8208,   8215,   8208,   8215,   8208,   8215,   8208,   8215,   8208,   8215,   8208,   8215,   8208,   8215,   8208,   8215,   8208,   8215,   8208,   8215,   8208,   8215,   8208,   8215,   8208,   8215,   8208,   8215,   8208,   8215,   8208,   8215,   8208,   8215,   8208,   8215,   8208,   8215, 
Branch mispredictions:            30,     22,     18,     15,     17,     13,     16,     14,     15,     13,     15,     13,     15,     13,     15,     13,     15,     13,     15,     13,     15,     13,     15,     13,     15,     13,     15,     13,     15,     13,     15,     13,     15,     13,     15,     13,     15,     13,     15,     13,     15,     13,     15,     13,     15,     13,     15,     13,     15, 
ICache misses:       108,      0,      0,      0,      0,      0,      0,      0,      0,      0,      0,      0,      0,      0,      0,      0,      0,      0,      0,      0,      0,      0,      0,      0,      0,      0,      0,      0,      0,      0,      0,      0,      0,      0,      0,      0,      0,      0,      0,      0,      0,      0,      0,      0,      0,      0,      0,      0,      0, 
Result: 1acde460641159f9c7013579d8e60649
Expected result: 0x1a, 0xcd, 0xe4, 0x60, 0x64, 0x11, 0x59, 0xf9, 0xc7, 0x01, 0x35, 0x79, 0xd8, 0xe6, 0x06, 0x49
