[1F[0J[?25h[0;39;49mBench Clock Reset Complete
ATE0-->ATE0
OK
AT+BLEINIT=0-->OK
AT+CWMODE=0-->OK
Cycle counts:          4139190, 3523325, 3501648, 3501632, 3500483, 3500505, 3502557, 3502539, 3502542, 3502542, 3502542, 3502542, 3502542, 3502542, 3502542, 3502542, 3502542, 3502542, 3502542, 3502542, 3502542, 3502542, 3502542, 3502542, 3502542, 3502542, 3502542, 3502542, 3502542, 3502542, 3502542, 3502542, 3502542, 3502542, 3502542, 3502542, 3502542, 3502542, 3502542, 3502542, 3502542, 3502542, 3502542, 3502542, 3502542, 3502542, 3502542, 3502542, 3502542, 3502542, 
Branch mispredictions:          4800,   4781,   2988,   2983,   2599,   2607,   3291,   3285,   3286,   3286,   3286,   3286,   3286,   3286,   3286,   3286,   3286,   3286,   3286,   3286,   3286,   3286,   3286,   3286,   3286,   3286,   3286,   3286,   3286,   3286,   3286,   3286,   3286,   3286,   3286,   3286,   3286,   3286,   3286,   3286,   3286,   3286,   3286,   3286,   3286,   3286,   3286,   3286,   3286,   3286, 
Icache busy:    630481,  16245,      0,      0,      0,      0,      0,      0,      0,      0,      0,      0,      0,      0,      0,      0,      0,      0,      0,      0,      0,      0,      0,      0,      0,      0,      0,      0,      0,      0,      0,      0,      0,      0,      0,      0,      0,      0,      0,      0,      0,      0,      0,      0,      0,      0,      0,      0,      0,      0, 
Result: d004495271fafcd7a26aa6119e3f2f996104d237b6380fabc821d796c747f44b
Expected result: 0x0b, 0x73, 0xb6, 0xcb, 0x92, 0x47, 0x5b, 0xd4, 0xc2, 0x22, 0xad, 0xae, 0x24, 0x00, 0xf2, 0x55, 0x48, 0xa3, 0x42, 0x08, 0x9f, 0x19, 0x9b, 0x78, 0x0f, 0xbc, 0x66, 0xca, 0x85, 0x21, 0xf9, 0x61
