[1F[0J[?25h[0;39;49mBench Clock Reset Complete
ATE0-->OK
AT+BLEINIT=0-->OK
AT+CWMODE=0-->OK
Cycle counts:          654133, 365241, 364288, 364478, 364474, 363532, 363529, 363529, 363529, 363529, 363529, 363529, 363529, 363529, 363529, 363529, 363529, 363529, 363529, 363529, 363529, 363529, 363529, 363529, 363529, 363529, 363529, 363529, 363529, 363529, 363529, 363529, 363529, 363529, 363529, 363529, 363529, 363529, 363529, 363529, 363529, 363529, 363529, 363529, 363529, 363529, 363529, 363529, 363529, 363529, 
Branch mispredictions:           626,    612,    295,    358,    357,     43,     42,     42,     42,     42,     42,     42,     42,     42,     42,     42,     42,     42,     42,     42,     42,     42,     42,     42,     42,     42,     42,     42,     42,     42,     42,     42,     42,     42,     42,     42,     42,     42,     42,     42,     42,     42,     42,     42,     42,     42,     42,     42,     42,     42, 
ICache misses:       133,      0,      0,      0,      0,      0,      0,      0,      0,      0,      0,      0,      0,      0,      0,      0,      0,      0,      0,      0,      0,      0,      0,      0,      0,      0,      0,      0,      0,      0,      0,      0,      0,      0,      0,      0,      0,      0,      0,      0,      0,      0,      0,      0,      0,      0,      0,      0,      0,      0, 
Result: 26ba4ea121e219f9094b1db7f96fb15f
Expected result: 0x26, 0xba, 0x4e, 0xa1, 0x21, 0xe2, 0x19, 0xf9, 0x09, 0x4b, 0x1d, 0xb7, 0xf9, 0x6f, 0xb1, 0x5f
[1F[0J[?25h[0;39;49mBench Clock Reset Complete
ATE0-->ATE0
OK
AT+BLEINIT=0-->OK
AT+CWMODE=0-->OK
Cycle counts:          652993, 364485, 364116, 363538, 363534, 363534, 363534, 363534, 363534, 363534, 363534, 363534, 363534, 363534, 363534, 363534, 363534, 363534, 363534, 363534, 363534, 363534, 363534, 363534, 363534, 363534, 363534, 363534, 363534, 363534, 363534, 363534, 363534, 363534, 363534, 363534, 363534, 363534, 363534, 363534, 363534, 363534, 363534, 363534, 363534, 363534, 363534, 363534, 363534, 363534, 
Branch mispredictions:           246,    360,    238,     45,     44,     44,     44,     44,     44,     44,     44,     44,     44,     44,     44,     44,     44,     44,     44,     44,     44,     44,     44,     44,     44,     44,     44,     44,     44,     44,     44,     44,     44,     44,     44,     44,     44,     44,     44,     44,     44,     44,     44,     44,     44,     44,     44,     44,     44,     44, 
ICache misses:       133,      0,      0,      0,      0,      0,      0,      0,      0,      0,      0,      0,      0,      0,      0,      0,      0,      0,      0,      0,      0,      0,      0,      0,      0,      0,      0,      0,      0,      0,      0,      0,      0,      0,      0,      0,      0,      0,      0,      0,      0,      0,      0,      0,      0,      0,      0,      0,      0,      0, 
Result: 6224ae50214549360c645e2f249dd8ca
Expected result: 0x62, 0x24, 0xae, 0x50, 0x21, 0x45, 0x49, 0x36, 0x0c, 0x64, 0x5e, 0x2f, 0x24, 0x9d, 0xd8, 0xca
[1F[0J[?25h[0;39;49mBench Clock Reset Complete
ATE0-->OK
AT+BLEINIT=0-->OK
AT+CWMODE=0-->OK
Cycle counts:          652999, 364483, 364478, 364478, 364468, 363532, 363532, 363529, 363529, 363529, 363529, 363529, 363529, 363529, 363529, 363529, 363529, 363529, 363529, 363529, 363529, 363529, 363529, 363529, 363529, 363529, 363529, 363529, 363529, 363529, 363529, 363529, 363529, 363529, 363529, 363529, 363529, 363529, 363529, 363529, 363529, 363529, 363529, 363529, 363529, 363529, 363529, 363529, 363529, 363529, 
Branch mispredictions:           248,    359,    359,    358,    355,     43,     43,     42,     42,     42,     42,     42,     42,     42,     42,     42,     42,     42,     42,     42,     42,     42,     42,     42,     42,     42,     42,     42,     42,     42,     42,     42,     42,     42,     42,     42,     42,     42,     42,     42,     42,     42,     42,     42,     42,     42,     42,     42,     42,     42, 
ICache misses:       133,      0,      0,      0,      0,      0,      0,      0,      0,      0,      0,      0,      0,      0,      0,      0,      0,      0,      0,      0,      0,      0,      0,      0,      0,      0,      0,      0,      0,      0,      0,      0,      0,      0,      0,      0,      0,      0,      0,      0,      0,      0,      0,      0,      0,      0,      0,      0,      0,      0, 
Result: 01441e2a073287cddcd64de6b4225449
Expected result: 0x01, 0x44, 0x1e, 0x2a, 0x07, 0x32, 0x87, 0xcd, 0xdc, 0xd6, 0x4d, 0xe6, 0xb4, 0x22, 0x54, 0x49
[1F[0J[?25h[0;39;49mBench Clock Reset Complete
ATE0-->ATE0
OK
AT+BLEINIT=0-->OK
AT+CWMODE=0-->OK
Cycle counts:          653011, 364488, 363543, 363538, 363531, 363534, 363534, 363531, 363531, 363534, 363534, 363531, 363531, 363534, 363534, 363531, 363531, 363534, 363534, 363531, 363531, 363534, 363534, 363531, 363531, 363534, 363534, 363531, 363531, 363534, 363534, 363531, 363531, 363534, 363534, 363531, 363531, 363534, 363534, 363531, 363531, 363534, 363534, 363531, 363531, 363534, 363534, 363531, 363531, 363534, 
Branch mispredictions:           252,    361,     47,     45,     43,     44,     44,     43,     43,     44,     44,     43,     43,     44,     44,     43,     43,     44,     44,     43,     43,     44,     44,     43,     43,     44,     44,     43,     43,     44,     44,     43,     43,     44,     44,     43,     43,     44,     44,     43,     43,     44,     44,     43,     43,     44,     44,     43,     43,     44, 
ICache misses:       133,      0,      0,      0,      0,      0,      0,      0,      0,      0,      0,      0,      0,      0,      0,      0,      0,      0,      0,      0,      0,      0,      0,      0,      0,      0,      0,      0,      0,      0,      0,      0,      0,      0,      0,      0,      0,      0,      0,      0,      0,      0,      0,      0,      0,      0,      0,      0,      0,      0, 
Result: 05528a7f867fdea51e480ec776f24b12
Expected result: 0x05, 0x52, 0x8a, 0x7f, 0x86, 0x7f, 0xde, 0xa5, 0x1e, 0x48, 0x0e, 0xc7, 0x76, 0xf2, 0x4b, 0x12
[1F[0J[?25h[0;39;49mBench Clock Reset Complete
ATE0-->OK
AT+BLEINIT=0-->OK
AT+CWMODE=0-->OK
Cycle counts:          654136, 364483, 364475, 364478, 363532, 363532, 363532, 363532, 363532, 363532, 363532, 363532, 363532, 363532, 363532, 363532, 363532, 363532, 363532, 363532, 363532, 363532, 363532, 363532, 363532, 363532, 363532, 363532, 363532, 363532, 363532, 363532, 363532, 363532, 363532, 363532, 363532, 363532, 363532, 363532, 363532, 363532, 363532, 363532, 363532, 363532, 363532, 363532, 363532, 363532, 
Branch mispredictions:           627,    359,    358,    358,     43,     43,     43,     43,     43,     43,     43,     43,     43,     43,     43,     43,     43,     43,     43,     43,     43,     43,     43,     43,     43,     43,     43,     43,     43,     43,     43,     43,     43,     43,     43,     43,     43,     43,     43,     43,     43,     43,     43,     43,     43,     43,     43,     43,     43,     43, 
ICache misses:       133,      0,      0,      0,      0,      0,      0,      0,      0,      0,      0,      0,      0,      0,      0,      0,      0,      0,      0,      0,      0,      0,      0,      0,      0,      0,      0,      0,      0,      0,      0,      0,      0,      0,      0,      0,      0,      0,      0,      0,      0,      0,      0,      0,      0,      0,      0,      0,      0,      0, 
Result: a541f81256b71fb79210efb314321da4
Expected result: 0xa5, 0x41, 0xf8, 0x12, 0x56, 0xb7, 0x1f, 0xb7, 0x92, 0x10, 0xef, 0xb3, 0x14, 0x32, 0x1d, 0xa4
[1F[0J[?25h[0;39;49mBench Clock Reset Complete
ATE0-->ATE0
OK
AT+BLEINIT=0-->OK
AT+CWMODE=0-->OK
Cycle counts:          654140, 364485, 364113, 363535, 363530, 363534, 363534, 363534, 363534, 363534, 363534, 363534, 363534, 363534, 363534, 363534, 363534, 363534, 363534, 363534, 363534, 363534, 363534, 363534, 363534, 363534, 363534, 363534, 363534, 363534, 363534, 363534, 363534, 363534, 363534, 363534, 363534, 363534, 363534, 363534, 363534, 363534, 363534, 363534, 363534, 363534, 363534, 363534, 363534, 363534, 
Branch mispredictions:           628,    360,    237,     44,     43,     44,     44,     44,     44,     44,     44,     44,     44,     44,     44,     44,     44,     44,     44,     44,     44,     44,     44,     44,     44,     44,     44,     44,     44,     44,     44,     44,     44,     44,     44,     44,     44,     44,     44,     44,     44,     44,     44,     44,     44,     44,     44,     44,     44,     44, 
ICache misses:       133,      0,      0,      0,      0,      0,      0,      0,      0,      0,      0,      0,      0,      0,      0,      0,      0,      0,      0,      0,      0,      0,      0,      0,      0,      0,      0,      0,      0,      0,      0,      0,      0,      0,      0,      0,      0,      0,      0,      0,      0,      0,      0,      0,      0,      0,      0,      0,      0,      0, 
Result: 0d7267591460c65c8ab2512e82001fc5
Expected result: 0x0d, 0x72, 0x67, 0x59, 0x14, 0x60, 0xc6, 0x5c, 0x8a, 0xb2, 0x51, 0x2e, 0x82, 0x00, 0x1f, 0xc5
[1F[0J[?25h[0;39;49mBench Clock Reset Complete
ATE0-->OK
AT+BLEINIT=0-->OK
AT+CWMODE=0-->OK
Cycle counts:          654136, 364483, 364478, 364478, 364471, 363532, 363526, 363532, 363529, 363529, 363529, 363529, 363529, 363529, 363529, 363529, 363529, 363529, 363529, 363529, 363529, 363529, 363529, 363529, 363529, 363529, 363529, 363529, 363529, 363529, 363529, 363529, 363529, 363529, 363529, 363529, 363529, 363529, 363529, 363529, 363529, 363529, 363529, 363529, 363529, 363529, 363529, 363529, 363529, 363529, 
Branch mispredictions:           627,    359,    359,    358,    356,     43,     41,     43,     42,     42,     42,     42,     42,     42,     42,     42,     42,     42,     42,     42,     42,     42,     42,     42,     42,     42,     42,     42,     42,     42,     42,     42,     42,     42,     42,     42,     42,     42,     42,     42,     42,     42,     42,     42,     42,     42,     42,     42,     42,     42, 
ICache misses:       133,      0,      0,      0,      0,      0,      0,      0,      0,      0,      0,      0,      0,      0,      0,      0,      0,      0,      0,      0,      0,      0,      0,      0,      0,      0,      0,      0,      0,      0,      0,      0,      0,      0,      0,      0,      0,      0,      0,      0,      0,      0,      0,      0,      0,      0,      0,      0,      0,      0, 
Result: e956bf34cdfa437c52f696d685316ebf
Expected result: 0xe9, 0x56, 0xbf, 0x34, 0xcd, 0xfa, 0x43, 0x7c, 0x52, 0xf6, 0x96, 0xd6, 0x85, 0x31, 0x6e, 0xbf
[1F[0J[?25h[0;39;49mBench Clock Reset Complete
ATE0-->ATE0
OK
AT+BLEINIT=0-->OK
AT+CWMODE=0-->OK
Cycle counts:          654322, 364485, 364113, 363538, 363531, 363531, 363531, 363531, 363531, 363531, 363531, 363531, 363531, 363531, 363531, 363531, 363531, 363531, 363531, 363531, 363531, 363531, 363531, 363531, 363531, 363531, 363531, 363531, 363531, 363531, 363531, 363531, 363531, 363531, 363531, 363531, 363531, 363531, 363531, 363531, 363531, 363531, 363531, 363531, 363531, 363531, 363531, 363531, 363531, 363531, 
Branch mispredictions:           689,    360,    237,     45,     43,     43,     43,     43,     43,     43,     43,     43,     43,     43,     43,     43,     43,     43,     43,     43,     43,     43,     43,     43,     43,     43,     43,     43,     43,     43,     43,     43,     43,     43,     43,     43,     43,     43,     43,     43,     43,     43,     43,     43,     43,     43,     43,     43,     43,     43, 
ICache misses:       133,      0,      0,      0,      0,      0,      0,      0,      0,      0,      0,      0,      0,      0,      0,      0,      0,      0,      0,      0,      0,      0,      0,      0,      0,      0,      0,      0,      0,      0,      0,      0,      0,      0,      0,      0,      0,      0,      0,      0,      0,      0,      0,      0,      0,      0,      0,      0,      0,      0, 
Result: f6f221cfaa6b2c617fa7ddae7e85dd83
Expected result: 0xf6, 0xf2, 0x21, 0xcf, 0xaa, 0x6b, 0x2c, 0x61, 0x7f, 0xa7, 0xdd, 0xae, 0x7e, 0x85, 0xdd, 0x83
[1F[0J[?25h[0;39;49mBench Clock Reset Complete
ATE0-->CMD Timed Out Busy
Send Flag Timed Out Busy. Giving Up.
Receive Length Timed Out Busy
Send Flag Timed Out Busy. Giving Up.
Receive Length Timed Out Busy
Send Flag Timed Out Busy. Giving Up.
Receive Length Timed Out Busy
Send Flag Timed Out Busy. Giving Up.
Receive Length Timed Out Busy
Send Flag Timed Out Busy. Giving Up.
Receive Length Timed Out Busy
Send Flag Timed Out Busy. Giving Up.
Receive Length Timed Out Busy
Send Flag Timed Out Busy. Giving Up.
Receive Length Timed Out Busy
Send Flag Timed Out Busy. Giving Up.
Receive Length Timed Out Busy
Send Flag Timed Out Busy. Giving Up.
[1F[0J[?25h[0;39;49mBench Clock Reset Complete
ATE0-->ATE0
OK
AT+BLEINIT=0-->OK
AT+CWMODE=0-->OK
Cycle counts:          654135, 363549, 363549, 363538, 363534, 363534, 363534, 363534, 363534, 363534, 363534, 363534, 363534, 363534, 363534, 363534, 363534, 363534, 363534, 363534, 363534, 363534, 363534, 363534, 363534, 363534, 363534, 363534, 363534, 363534, 363534, 363534, 363534, 363534, 363534, 363534, 363534, 363534, 363534, 363534, 363534, 363534, 363534, 363534, 363534, 363534, 363534, 363534, 363534, 363534, 
Branch mispredictions:           627,     48,     49,     45,     44,     44,     44,     44,     44,     44,     44,     44,     44,     44,     44,     44,     44,     44,     44,     44,     44,     44,     44,     44,     44,     44,     44,     44,     44,     44,     44,     44,     44,     44,     44,     44,     44,     44,     44,     44,     44,     44,     44,     44,     44,     44,     44,     44,     44,     44, 
ICache misses:       133,      0,      0,      0,      0,      0,      0,      0,      0,      0,      0,      0,      0,      0,      0,      0,      0,      0,      0,      0,      0,      0,      0,      0,      0,      0,      0,      0,      0,      0,      0,      0,      0,      0,      0,      0,      0,      0,      0,      0,      0,      0,      0,      0,      0,      0,      0,      0,      0,      0, 
Result: c954052692fe5d4b13d95d78fa5b2149
Expected result: 0xc9, 0x54, 0x05, 0x26, 0x92, 0xfe, 0x5d, 0x4b, 0x13, 0xd9, 0x5d, 0x78, 0xfa, 0x5b, 0x21, 0x49
[1F[0J[?25h[0;39;49mBench Clock Reset Complete
ATE0-->OK
AT+BLEINIT=0-->OK
AT+CWMODE=0-->OK
Cycle counts:          654139, 364485, 365052, 363538, 363531, 363531, 363531, 363531, 363531, 363531, 363531, 363531, 363531, 363531, 363531, 363531, 363531, 363531, 363531, 363531, 363531, 363531, 363531, 363531, 363531, 363531, 363531, 363531, 363531, 363531, 363531, 363531, 363531, 363531, 363531, 363531, 363531, 363531, 363531, 363531, 363531, 363531, 363531, 363531, 363531, 363531, 363531, 363531, 363531, 363531, 
Branch mispredictions:           628,    360,    550,     45,     43,     43,     43,     43,     43,     43,     43,     43,     43,     43,     43,     43,     43,     43,     43,     43,     43,     43,     43,     43,     43,     43,     43,     43,     43,     43,     43,     43,     43,     43,     43,     43,     43,     43,     43,     43,     43,     43,     43,     43,     43,     43,     43,     43,     43,     43, 
ICache misses:       133,      0,      0,      0,      0,      0,      0,      0,      0,      0,      0,      0,      0,      0,      0,      0,      0,      0,      0,      0,      0,      0,      0,      0,      0,      0,      0,      0,      0,      0,      0,      0,      0,      0,      0,      0,      0,      0,      0,      0,      0,      0,      0,      0,      0,      0,      0,      0,      0,      0, 
Result: f4cf9eb0baca556d5e3efb72cc08f99d
Expected result: 0xf4, 0xcf, 0x9e, 0xb0, 0xba, 0xca, 0x55, 0x6d, 0x5e, 0x3e, 0xfb, 0x72, 0xcc, 0x08, 0xf9, 0x9d
[1F[0J[?25h[0;39;49mBench Clock Reset Complete
ATE0-->ATE0
OK
AT+BLEINIT=0-->OK
AT+CWMODE=0-->OK
Cycle counts:          654136, 363930, 363549, 363535, 363534, 363534, 363534, 363534, 363534, 363534, 363534, 363534, 363534, 363534, 363534, 363534, 363534, 363534, 363534, 363534, 363534, 363534, 363534, 363534, 363534, 363534, 363534, 363534, 363534, 363534, 363534, 363534, 363534, 363534, 363534, 363534, 363534, 363534, 363534, 363534, 363534, 363534, 363534, 363534, 363534, 363534, 363534, 363534, 363534, 363534, 
Branch mispredictions:           627,    175,     49,     44,     44,     44,     44,     44,     44,     44,     44,     44,     44,     44,     44,     44,     44,     44,     44,     44,     44,     44,     44,     44,     44,     44,     44,     44,     44,     44,     44,     44,     44,     44,     44,     44,     44,     44,     44,     44,     44,     44,     44,     44,     44,     44,     44,     44,     44,     44, 
ICache misses:       133,      0,      0,      0,      0,      0,      0,      0,      0,      0,      0,      0,      0,      0,      0,      0,      0,      0,      0,      0,      0,      0,      0,      0,      0,      0,      0,      0,      0,      0,      0,      0,      0,      0,      0,      0,      0,      0,      0,      0,      0,      0,      0,      0,      0,      0,      0,      0,      0,      0, 
Result: b60684f0d26273b9e52ad5cf514acc86
Expected result: 0xb6, 0x06, 0x84, 0xf0, 0xd2, 0x62, 0x73, 0xb9, 0xe5, 0x2a, 0xd5, 0xcf, 0x51, 0x4a, 0xcc, 0x86
[1F[0J[?25h[0;39;49mBench Clock Reset Complete
ATE0-->OK
AT+BLEINIT=0-->OK
AT+CWMODE=0-->OK
Cycle counts:          654133, 365247, 363540, 363538, 363531, 363534, 363531, 363534, 363531, 363534, 363531, 363534, 363531, 363534, 363531, 363534, 363531, 363534, 363531, 363534, 363531, 363534, 363531, 363534, 363531, 363534, 363531, 363534, 363531, 363534, 363531, 363534, 363531, 363534, 363531, 363534, 363531, 363534, 363531, 363534, 363531, 363534, 363531, 363534, 363531, 363534, 363531, 363534, 363531, 363534, 
Branch mispredictions:           626,    614,     46,     45,     43,     44,     43,     44,     43,     44,     43,     44,     43,     44,     43,     44,     43,     44,     43,     44,     43,     44,     43,     44,     43,     44,     43,     44,     43,     44,     43,     44,     43,     44,     43,     44,     43,     44,     43,     44,     43,     44,     43,     44,     43,     44,     43,     44,     43,     44, 
ICache misses:       133,      0,      0,      0,      0,      0,      0,      0,      0,      0,      0,      0,      0,      0,      0,      0,      0,      0,      0,      0,      0,      0,      0,      0,      0,      0,      0,      0,      0,      0,      0,      0,      0,      0,      0,      0,      0,      0,      0,      0,      0,      0,      0,      0,      0,      0,      0,      0,      0,      0, 
Result: 6e65ccb7866c8fd76745073e227c2674
Expected result: 0x6e, 0x65, 0xcc, 0xb7, 0x86, 0x6c, 0x8f, 0xd7, 0x67, 0x45, 0x07, 0x3e, 0x22, 0x7c, 0x26, 0x74
[1F[0J[?25h[0;39;49mBench Clock Reset Complete
ATE0-->ATE0
OK
AT+BLEINIT=0-->OK
AT+CWMODE=0-->OK
Cycle counts:          654145, 364491, 363543, 363535, 363530, 363534, 363534, 363531, 363531, 363534, 363534, 363531, 363531, 363534, 363534, 363531, 363531, 363534, 363534, 363531, 363531, 363534, 363534, 363531, 363531, 363534, 363534, 363531, 363531, 363534, 363534, 363531, 363531, 363534, 363534, 363531, 363531, 363534, 363534, 363531, 363531, 363534, 363534, 363531, 363531, 363534, 363534, 363531, 363531, 363534, 
Branch mispredictions:           630,    362,     47,     44,     43,     44,     44,     43,     43,     44,     44,     43,     43,     44,     44,     43,     43,     44,     44,     43,     43,     44,     44,     43,     43,     44,     44,     43,     43,     44,     44,     43,     43,     44,     44,     43,     43,     44,     44,     43,     43,     44,     44,     43,     43,     44,     44,     43,     43,     44, 
ICache misses:       133,      0,      0,      0,      0,      0,      0,      0,      0,      0,      0,      0,      0,      0,      0,      0,      0,      0,      0,      0,      0,      0,      0,      0,      0,      0,      0,      0,      0,      0,      0,      0,      0,      0,      0,      0,      0,      0,      0,      0,      0,      0,      0,      0,      0,      0,      0,      0,      0,      0, 
Result: 03838ae2b7dba3522a7761a99a2bc63c
Expected result: 0x03, 0x83, 0x8a, 0xe2, 0xb7, 0xdb, 0xa3, 0x52, 0x2a, 0x77, 0x61, 0xa9, 0x9a, 0x2b, 0xc6, 0x3c
[1F[0J[?25h[0;39;49mBench Clock Reset Complete
ATE0-->OK
AT+BLEINIT=0-->OK
AT+CWMODE=0-->OK
Cycle counts:          652999, 364486, 364477, 364475, 364471, 363532, 363529, 363529, 363529, 363529, 363529, 363529, 363529, 363529, 363529, 363529, 363529, 363529, 363529, 363529, 363529, 363529, 363529, 363529, 363529, 363529, 363529, 363529, 363529, 363529, 363529, 363529, 363529, 363529, 363529, 363529, 363529, 363529, 363529, 363529, 363529, 363529, 363529, 363529, 363529, 363529, 363529, 363529, 363529, 363529, 
Branch mispredictions:           248,    360,    358,    357,    356,     43,     42,     42,     42,     42,     42,     42,     42,     42,     42,     42,     42,     42,     42,     42,     42,     42,     42,     42,     42,     42,     42,     42,     42,     42,     42,     42,     42,     42,     42,     42,     42,     42,     42,     42,     42,     42,     42,     42,     42,     42,     42,     42,     42,     42, 
ICache misses:       133,      0,      0,      0,      0,      0,      0,      0,      0,      0,      0,      0,      0,      0,      0,      0,      0,      0,      0,      0,      0,      0,      0,      0,      0,      0,      0,      0,      0,      0,      0,      0,      0,      0,      0,      0,      0,      0,      0,      0,      0,      0,      0,      0,      0,      0,      0,      0,      0,      0, 
Result: 3bc9efb9ffe4104bf844249cbd23bd32
Expected result: 0x3b, 0xc9, 0xef, 0xb9, 0xff, 0xe4, 0x10, 0x4b, 0xf8, 0x44, 0x24, 0x9c, 0xbd, 0x23, 0xbd, 0x32
[1F[0J[?25h[0;39;49mBench Clock Reset Complete
ATE0-->ATE0
OK
AT+BLEINIT=0-->OK
AT+CWMODE=0-->OK
Cycle counts:          652450, 364488, 363543, 363538, 363534, 363534, 363534, 363534, 363534, 363534, 363534, 363534, 363534, 363534, 363534, 363534, 363534, 363534, 363534, 363534, 363534, 363534, 363534, 363534, 363534, 363534, 363534, 363534, 363534, 363534, 363534, 363534, 363534, 363534, 363534, 363534, 363534, 363534, 363534, 363534, 363534, 363534, 363534, 363534, 363534, 363534, 363534, 363534, 363534, 363534, 
Branch mispredictions:            65,    361,     47,     45,     44,     44,     44,     44,     44,     44,     44,     44,     44,     44,     44,     44,     44,     44,     44,     44,     44,     44,     44,     44,     44,     44,     44,     44,     44,     44,     44,     44,     44,     44,     44,     44,     44,     44,     44,     44,     44,     44,     44,     44,     44,     44,     44,     44,     44,     44, 
ICache misses:       133,      0,      0,      0,      0,      0,      0,      0,      0,      0,      0,      0,      0,      0,      0,      0,      0,      0,      0,      0,      0,      0,      0,      0,      0,      0,      0,      0,      0,      0,      0,      0,      0,      0,      0,      0,      0,      0,      0,      0,      0,      0,      0,      0,      0,      0,      0,      0,      0,      0, 
Result: 96a95f8f5a261b1b160c488037ca9985
Expected result: 0x96, 0xa9, 0x5f, 0x8f, 0x5a, 0x26, 0x1b, 0x1b, 0x16, 0x0c, 0x48, 0x80, 0x37, 0xca, 0x99, 0x85
[1F[0J[?25h[0;39;49mBench Clock Reset Complete
ATE0-->OK
AT+BLEINIT=0-->OK
AT+CWMODE=0-->OK
Cycle counts:          654331, 364485, 365049, 363538, 363534, 363534, 363534, 363534, 363534, 363534, 363534, 363534, 363534, 363534, 363534, 363534, 363534, 363534, 363534, 363534, 363534, 363534, 363534, 363534, 363534, 363534, 363534, 363534, 363534, 363534, 363534, 363534, 363534, 363534, 363534, 363534, 363534, 363534, 363534, 363534, 363534, 363534, 363534, 363534, 363534, 363534, 363534, 363534, 363534, 363534, 
Branch mispredictions:           692,    360,    549,     45,     44,     44,     44,     44,     44,     44,     44,     44,     44,     44,     44,     44,     44,     44,     44,     44,     44,     44,     44,     44,     44,     44,     44,     44,     44,     44,     44,     44,     44,     44,     44,     44,     44,     44,     44,     44,     44,     44,     44,     44,     44,     44,     44,     44,     44,     44, 
ICache misses:       133,      0,      0,      0,      0,      0,      0,      0,      0,      0,      0,      0,      0,      0,      0,      0,      0,      0,      0,      0,      0,      0,      0,      0,      0,      0,      0,      0,      0,      0,      0,      0,      0,      0,      0,      0,      0,      0,      0,      0,      0,      0,      0,      0,      0,      0,      0,      0,      0,      0, 
Result: 50de46cce04b7ad84f5a5c522868b6d0
Expected result: 0x50, 0xde, 0x46, 0xcc, 0xe0, 0x4b, 0x7a, 0xd8, 0x4f, 0x5a, 0x5c, 0x52, 0x28, 0x68, 0xb6, 0xd0
[1F[0J[?25h[0;39;49mBench Clock Reset Complete
ATE0-->ATE0
OK
AT+BLEINIT=0-->OK
AT+CWMODE=0-->OK
Cycle counts:          654139, 364485, 364116, 363538, 363531, 363531, 363531, 363531, 363531, 363531, 363531, 363531, 363531, 363531, 363531, 363531, 363531, 363531, 363531, 363531, 363531, 363531, 363531, 363531, 363531, 363531, 363531, 363531, 363531, 363531, 363531, 363531, 363531, 363531, 363531, 363531, 363531, 363531, 363531, 363531, 363531, 363531, 363531, 363531, 363531, 363531, 363531, 363531, 363531, 363531, 
Branch mispredictions:           628,    360,    238,     45,     43,     43,     43,     43,     43,     43,     43,     43,     43,     43,     43,     43,     43,     43,     43,     43,     43,     43,     43,     43,     43,     43,     43,     43,     43,     43,     43,     43,     43,     43,     43,     43,     43,     43,     43,     43,     43,     43,     43,     43,     43,     43,     43,     43,     43,     43, 
ICache misses:       133,      0,      0,      0,      0,      0,      0,      0,      0,      0,      0,      0,      0,      0,      0,      0,      0,      0,      0,      0,      0,      0,      0,      0,      0,      0,      0,      0,      0,      0,      0,      0,      0,      0,      0,      0,      0,      0,      0,      0,      0,      0,      0,      0,      0,      0,      0,      0,      0,      0, 
Result: b6010339307c53b8115731808b36f3fd
Expected result: 0xb6, 0x01, 0x03, 0x39, 0x30, 0x7c, 0x53, 0xb8, 0x11, 0x57, 0x31, 0x80, 0x8b, 0x36, 0xf3, 0xfd
[1F[0J[?25h[0;39;49mBench Clock Reset Complete
ATE0-->OK
AT+BLEINIT=0-->OK
AT+CWMODE=0-->OK
Cycle counts:          654139, 364483, 364478, 364481, 364474, 363532, 363532, 363532, 363532, 363532, 363532, 363532, 363532, 363532, 363532, 363532, 363532, 363532, 363532, 363532, 363532, 363532, 363532, 363532, 363532, 363532, 363532, 363532, 363532, 363532, 363532, 363532, 363532, 363532, 363532, 363532, 363532, 363532, 363532, 363532, 363532, 363532, 363532, 363532, 363532, 363532, 363532, 363532, 363532, 363532, 
Branch mispredictions:           628,    359,    359,    359,    357,     43,     43,     43,     43,     43,     43,     43,     43,     43,     43,     43,     43,     43,     43,     43,     43,     43,     43,     43,     43,     43,     43,     43,     43,     43,     43,     43,     43,     43,     43,     43,     43,     43,     43,     43,     43,     43,     43,     43,     43,     43,     43,     43,     43,     43, 
ICache misses:       133,      0,      0,      0,      0,      0,      0,      0,      0,      0,      0,      0,      0,      0,      0,      0,      0,      0,      0,      0,      0,      0,      0,      0,      0,      0,      0,      0,      0,      0,      0,      0,      0,      0,      0,      0,      0,      0,      0,      0,      0,      0,      0,      0,      0,      0,      0,      0,      0,      0, 
Result: 99f2c612dadc6cda40e8be38295c3e0a
Expected result: 0x99, 0xf2, 0xc6, 0x12, 0xda, 0xdc, 0x6c, 0xda, 0x40, 0xe8, 0xbe, 0x38, 0x29, 0x5c, 0x3e, 0x0a
[1F[0J[?25h[0;39;49mBench Clock Reset Complete
ATE0-->ATE0
OK
AT+BLEINIT=0-->OK
AT+CWMODE=0-->OK
Cycle counts:          654133, 363547, 364489, 364289, 363529, 363529, 363529, 363529, 363529, 363529, 363529, 363529, 363529, 363529, 363529, 363529, 363529, 363529, 363529, 363529, 363529, 363529, 363529, 363529, 363529, 363529, 363529, 363529, 363529, 363529, 363529, 363529, 363529, 363529, 363529, 363529, 363529, 363529, 363529, 363529, 363529, 363529, 363529, 363529, 363529, 363529, 363529, 363529, 363529, 363529, 
Branch mispredictions:           626,     47,    362,    295,     42,     42,     42,     42,     42,     42,     42,     42,     42,     42,     42,     42,     42,     42,     42,     42,     42,     42,     42,     42,     42,     42,     42,     42,     42,     42,     42,     42,     42,     42,     42,     42,     42,     42,     42,     42,     42,     42,     42,     42,     42,     42,     42,     42,     42,     42, 
ICache misses:       133,      0,      0,      0,      0,      0,      0,      0,      0,      0,      0,      0,      0,      0,      0,      0,      0,      0,      0,      0,      0,      0,      0,      0,      0,      0,      0,      0,      0,      0,      0,      0,      0,      0,      0,      0,      0,      0,      0,      0,      0,      0,      0,      0,      0,      0,      0,      0,      0,      0, 
Result: a241479e958e96123a2a7d15eee89e74
Expected result: 0xa2, 0x41, 0x47, 0x9e, 0x95, 0x8e, 0x96, 0x12, 0x3a, 0x2a, 0x7d, 0x15, 0xee, 0xe8, 0x9e, 0x74
[1F[0J[?25h[0;39;49mBench Clock Reset Complete
ATE0-->OK
AT+BLEINIT=0-->OK
AT+CWMODE=0-->OK
Cycle counts:          652447, 363552, 363546, 363538, 363534, 363534, 363534, 363534, 363534, 363534, 363534, 363534, 363534, 363534, 363534, 363534, 363534, 363534, 363534, 363534, 363534, 363534, 363534, 363534, 363534, 363534, 363534, 363534, 363534, 363534, 363534, 363534, 363534, 363534, 363534, 363534, 363534, 363534, 363534, 363534, 363534, 363534, 363534, 363534, 363534, 363534, 363534, 363534, 363534, 363534, 
Branch mispredictions:            64,     49,     48,     45,     44,     44,     44,     44,     44,     44,     44,     44,     44,     44,     44,     44,     44,     44,     44,     44,     44,     44,     44,     44,     44,     44,     44,     44,     44,     44,     44,     44,     44,     44,     44,     44,     44,     44,     44,     44,     44,     44,     44,     44,     44,     44,     44,     44,     44,     44, 
ICache misses:       133,      0,      0,      0,      0,      0,      0,      0,      0,      0,      0,      0,      0,      0,      0,      0,      0,      0,      0,      0,      0,      0,      0,      0,      0,      0,      0,      0,      0,      0,      0,      0,      0,      0,      0,      0,      0,      0,      0,      0,      0,      0,      0,      0,      0,      0,      0,      0,      0,      0, 
Result: d22ecd5fa3829f07b808a5e6113ef63e
Expected result: 0xd2, 0x2e, 0xcd, 0x5f, 0xa3, 0x82, 0x9f, 0x07, 0xb8, 0x08, 0xa5, 0xe6, 0x11, 0x3e, 0xf6, 0x3e
