Cycle counts:          308905,  92619,  92609,  92606,  92592,  92602,  92592,  92602,  92595,  92605,  92592,  92599,  92601,  92592,  92593,  92595,  92605,  92592,  92602,  92595, 
Branch dir mis:           646,    630,    626,    625,    619,    619,    619,    621,    619,    621,    619,    621,    619,    619,    621,    619,    621,    619,    621,    619, 
Branch target mis:          27,     25,     26,     28,     29,     28,     29,     28,     28,     28,     29,     29,     28,     29,     26,     28,     28,     29,     28,     28, 
Result: dea48b5882edafb930c654d96702e1da
Expected result: dea48b5882edafb930c654d9672e1da
Cycle counts:          311316,  92607,  92605,  92609,  92593,  92599,  92602,  92600,  92596,  92606,  92590,  92606,  92590,  92606,  92590,  92606,  92590,  92606,  92590,  92606, 
Branch dir mis:           646,    626,    625,    624,    619,    621,    619,    621,    619,    621,    619,    621,    619,    621,    619,    621,    619,    621,    619,    621, 
Branch target mis:          28,     25,     27,     28,     29,     29,     28,     28,     28,     28,     28,     28,     28,     28,     28,     28,     28,     28,     28,     28, 
Result: cc7250a37893e0acbe472605ef84c3de
Expected result: cc7250a37893e0acbe47265ef84c3de
Cycle counts:          308911,  92615,  92605,  92594,  92596,  92601,  92605,  92601,  92605,  92601,  92605,  92601,  92605,  92601,  92605,  92601,  92605,  92601,  92605,  92601, 
Branch dir mis:           648,    627,    623,    624,    621,    621,    621,    621,    621,    621,    621,    621,    621,    621,    621,    621,    621,    621,    621,    621, 
Branch target mis:          27,     24,     26,     24,     29,     28,     28,     28,     28,     28,     28,     28,     28,     28,     28,     28,     28,     28,     28,     28, 
Result: a3c1916afedff6bcb6298cee47d69a9c
Expected result: a3c1916afedff6bcb6298cee47d69a9c
Cycle counts:          311335,  92608,  92605,  92594,  92596,  92601,  92605,  92601,  92605,  92601,  92605,  92601,  92605,  92601,  92605,  92601,  92605,  92601,  92605,  92601, 
Branch dir mis:           646,    625,    623,    624,    621,    621,    621,    621,    621,    621,    621,    621,    621,    621,    621,    621,    621,    621,    621,    621, 
Branch target mis:          29,     24,     26,     24,     29,     28,     28,     28,     28,     28,     28,     28,     28,     28,     28,     28,     28,     28,     28,     28, 
Result: 0e859c9480db82294afc9c1c1e28c22d
Expected result: e859c9480db82294afc9c1c1e28c22d
Cycle counts:          308899,  92615,  92605,  92594,  92596,  92601,  92605,  92601,  92605,  92601,  92605,  92601,  92605,  92601,  92605,  92601,  92605,  92601,  92605,  92601, 
Branch dir mis:           644,    627,    623,    624,    621,    621,    621,    621,    621,    621,    621,    621,    621,    621,    621,    621,    621,    621,    621,    621, 
Branch target mis:          27,     24,     26,     24,     29,     28,     28,     28,     28,     28,     28,     28,     28,     28,     28,     28,     28,     28,     28,     28, 
Result: bce0f51605517f8a04ecaa38ec784708
Expected result: bce0f5165517f8a4ecaa38ec78478
Cycle counts:          311334,  92611,  92605,  92594,  92596,  92601,  92605,  92601,  92605,  92601,  92605,  92601,  92605,  92601,  92605,  92601,  92605,  92601,  92605,  92601, 
Branch dir mis:           646,    626,    623,    624,    621,    621,    621,    621,    621,    621,    621,    621,    621,    621,    621,    621,    621,    621,    621,    621, 
Branch target mis:          29,     24,     26,     24,     29,     28,     28,     28,     28,     28,     28,     28,     28,     28,     28,     28,     28,     28,     28,     28, 
Result: 2af123e3ccea23c678b2d0aea93f59cf
Expected result: 2af123e3ccea23c678b2d0aea93f59cf
Cycle counts:          308931,  92611,  92605,  92594,  92596,  92601,  92605,  92601,  92605,  92601,  92605,  92601,  92605,  92601,  92605,  92601,  92605,  92601,  92605,  92601, 
Branch dir mis:           648,    626,    623,    624,    621,    621,    621,    621,    621,    621,    621,    621,    621,    621,    621,    621,    621,    621,    621,    621, 
Branch target mis:          28,     24,     26,     24,     29,     28,     28,     28,     28,     28,     28,     28,     28,     28,     28,     28,     28,     28,     28,     28, 
Result: 4b9d1539d9e9ae4b4862595ec4b20fbf
Expected result: 4b9d1539d9e9ae4b4862595ec4b2fbf
Cycle counts:          311331,  92617,  92597,  92602,  92596,  92601,  92605,  92601,  92605,  92601,  92605,  92601,  92605,  92601,  92605,  92601,  92605,  92601,  92605,  92601, 
Branch dir mis:           645,    628,    623,    624,    621,    621,    621,    621,    621,    621,    621,    621,    621,    621,    621,    621,    621,    621,    621,    621, 
Branch target mis:          29,     24,     27,     28,     29,     28,     28,     28,     28,     28,     28,     28,     28,     28,     28,     28,     28,     28,     28,     28, 
Result: 4cdaae647584de4547c987c42abc9a90
Expected result: 4cdaae647584de4547c987c42abc9a90
Cycle counts:          308926,  92611,  92602,  92588,  92590,  92595,  92599,  92595,  92599,  92595,  92599,  92595,  92599,  92595,  92599,  92595,  92599,  92595,  92599,  92595, 
Branch dir mis:           646,    626,    622,    622,    619,    619,    619,    619,    619,    619,    619,    619,    619,    619,    619,    619,    619,    619,    619,    619, 
Branch target mis:          28,     24,     26,     24,     29,     28,     28,     28,     28,     28,     28,     28,     28,     28,     28,     28,     28,     28,     28,     28, 
Result: 910a3fcad70333c58b68852fd44109c1
Expected result: 91a3fcad7333c58b68852fd4419c1
Cycle counts:          311332,  92611,  92605,  92594,  92596,  92601,  92605,  92601,  92605,  92601,  92605,  92601,  92605,  92601,  92605,  92601,  92605,  92601,  92605,  92601, 
Branch dir mis:           645,    626,    623,    624,    621,    621,    621,    621,    621,    621,    621,    621,    621,    621,    621,    621,    621,    621,    621,    621, 
Branch target mis:          29,     24,     26,     24,     29,     28,     28,     28,     28,     28,     28,     28,     28,     28,     28,     28,     28,     28,     28,     28, 
Result: 2e80acf011b9fa0572425d33d967eeda
Expected result: 2e80acf011b9fa572425d33d967eeda
Cycle counts:          313445,  97415,  97407,  97397,  92607,  92590,  92607,  92590,  92607,  92590,  92607,  92590,  92607,  92590,  92607,  92590,  92607,  92590,  92607,  92590, 
Branch dir mis:           644,    624,    620,    619,    621,    619,    621,    619,    621,    619,    621,    619,    621,    619,    621,    619,    621,    619,    621,    619, 
Branch target mis:          27,     27,     27,     28,     28,     28,     28,     28,     28,     28,     28,     28,     28,     28,     28,     28,     28,     28,     28,     28, 
Result: 05741ac4e6092c621c7756f5db97678c
Expected result: 5741ac4e692c621c7756f5db97678c
Cycle counts:          311339,  92622,  92609,  92601,  92594,  92603,  92599,  92603,  92599,  92603,  92599,  92603,  92599,  92603,  92599,  92603,  92599,  92603,  92599,  92603, 
Branch dir mis:           648,    628,    623,    623,    620,    620,    620,    620,    620,    620,    620,    620,    620,    620,    620,    620,    620,    620,    620,    620, 
Branch target mis:          28,     26,     26,     28,     28,     28,     28,     28,     28,     28,     28,     28,     28,     28,     28,     28,     28,     28,     28,     28, 
Result: 8a9451f608df59f3a5ffa82488ec6586
Expected result: 8a9451f68df59f3a5ffa82488ec6586
Cycle counts:          308925,  92616,  92609,  92606,  92592,  92602,  92592,  92602,  92595,  92605,  92592,  92599,  92601,  92592,  92593,  92595,  92605,  92592,  92602,  92595, 
Branch dir mis:           648,    629,    626,    625,    619,    619,    619,    621,    619,    621,    619,    621,    619,    619,    621,    619,    621,    619,    621,    619, 
Branch target mis:          27,     25,     26,     28,     29,     28,     29,     28,     28,     28,     29,     29,     28,     29,     26,     28,     28,     29,     28,     28, 
Result: 04ec7b57c73ae35d4193e353f35da64b
Expected result: 4ec7b57c73ae35d4193e353f35da64b
Cycle counts:          311339,  92620,  92600,  92597,  92594,  92603,  92599,  92603,  92599,  92603,  92599,  92603,  92599,  92603,  92599,  92603,  92599,  92603,  92599,  92603, 
Branch dir mis:           647,    628,    623,    623,    620,    620,    620,    620,    620,    620,    620,    620,    620,    620,    620,    620,    620,    620,    620,    620, 
Branch target mis:          29,     25,     27,     25,     28,     28,     28,     28,     28,     28,     28,     28,     28,     28,     28,     28,     28,     28,     28,     28, 
Result: 3ab6cde50342063341ec37ee60ba114b
Expected result: 3ab6cde534263341ec37ee60ba114b
Cycle counts:          308928,  92611,  92605,  92594,  92596,  92601,  92605,  92601,  92605,  92601,  92605,  92601,  92605,  92601,  92605,  92601,  92605,  92601,  92605,  92601, 
Branch dir mis:           647,    626,    623,    624,    621,    621,    621,    621,    621,    621,    621,    621,    621,    621,    621,    621,    621,    621,    621,    621, 
Branch target mis:          28,     24,     26,     24,     29,     28,     28,     28,     28,     28,     28,     28,     28,     28,     28,     28,     28,     28,     28,     28, 
Result: 2dffeb318485544045a690b3336c229c
Expected result: 2dffeb318485544045a690b3336c229c
Cycle counts:          311321,  92615,  92602,  92588,  92590,  92595,  92599,  92595,  92599,  92595,  92599,  92595,  92599,  92595,  92599,  92595,  92599,  92595,  92599,  92595, 
Branch dir mis:           648,    627,    622,    622,    619,    619,    619,    619,    619,    619,    619,    619,    619,    619,    619,    619,    619,    619,    619,    619, 
Branch target mis:          28,     24,     26,     24,     29,     28,     28,     28,     28,     28,     28,     28,     28,     28,     28,     28,     28,     28,     28,     28, 
Result: 2b4dd6fe89d3cb8d8684bbacfa9df87f
Expected result: 2b4dd6fe89d3cb8d8684bbacfa9df87f
Cycle counts:          308930,  92611,  92605,  92594,  92596,  92601,  92605,  92601,  92605,  92601,  92605,  92601,  92605,  92601,  92605,  92601,  92605,  92601,  92605,  92601, 
Branch dir mis:           648,    626,    623,    624,    621,    621,    621,    621,    621,    621,    621,    621,    621,    621,    621,    621,    621,    621,    621,    621, 
Branch target mis:          28,     24,     26,     24,     29,     28,     28,     28,     28,     28,     28,     28,     28,     28,     28,     28,     28,     28,     28,     28, 
Result: d785f479e971a4b97de70f31a4792f17
Expected result: d785f479e971a4b97de7f31a4792f17
Cycle counts:          311327,  92628,  92609,  92601,  92594,  92603,  92599,  92603,  92599,  92603,  92599,  92603,  92599,  92603,  92599,  92603,  92599,  92603,  92599,  92603, 
Branch dir mis:           650,    630,    623,    623,    620,    620,    620,    620,    620,    620,    620,    620,    620,    620,    620,    620,    620,    620,    620,    620, 
Branch target mis:          28,     26,     26,     28,     28,     28,     28,     28,     28,     28,     28,     28,     28,     28,     28,     28,     28,     28,     28,     28, 
Result: 66e9cb21bcb65d0c8bc27917f4336202
Expected result: 66e9cb21bcb65dc8bc27917f433622
Cycle counts:          308916,  92617,  92597,  92602,  92596,  92601,  92605,  92601,  92605,  92601,  92605,  92601,  92605,  92601,  92605,  92601,  92605,  92601,  92605,  92601, 
Branch dir mis:           643,    628,    623,    624,    621,    621,    621,    621,    621,    621,    621,    621,    621,    621,    621,    621,    621,    621,    621,    621, 
Branch target mis:          28,     24,     27,     28,     29,     28,     28,     28,     28,     28,     28,     28,     28,     28,     28,     28,     28,     28,     28,     28, 
Result: cb2e969a3c25d414827fc6d0976bed73
Expected result: cb2e969a3c25d414827fc6d0976bed73
Cycle counts:          311339,  92611,  92605,  92594,  92596,  92601,  92605,  92601,  92605,  92601,  92605,  92601,  92605,  92601,  92605,  92601,  92605,  92601,  92605,  92601, 
Branch dir mis:           647,    626,    623,    624,    621,    621,    621,    621,    621,    621,    621,    621,    621,    621,    621,    621,    621,    621,    621,    621, 
Branch target mis:          29,     24,     26,     24,     29,     28,     28,     28,     28,     28,     28,     28,     28,     28,     28,     28,     28,     28,     28,     28, 
Result: 277b28c61ad9cfa5cd7c352e1eec03d0
Expected result: 277b28c61ad9cfa5cd7c352e1eec3d0
P
Cycle counts:          311342,  92631,  92609,  92601,  92594,  92595,  92594,  92595,  92594,  92595,  92594,  92595,  92594,  92595,  92594,  92595,  92594,  92595,  92594,  92595, 
Branch dir mis:           650,    633,    623,    623,    620,    620,    620,    620,    620,    620,    620,    620,    620,    620,    620,    620,    620,    620,    620,    620, 
Branch target mis:          27,     27,     26,     28,     28,     29,     28,     29,     28,     29,     28,     29,     28,     29,     28,     29,     28,     29,     28,     29, 
Result: 4f522c6bb5b0c2181d0198e82572f33d
Expected result: 4f522c6bb5b0c2181d198e82572f33d
Cycle counts:          308915,  92628,  92609,  92601,  92594,  92603,  92599,  92603,  92599,  92603,  92599,  92603,  92599,  92603,  92599,  92603,  92599,  92603,  92599,  92603, 
Branch dir mis:           649,    630,    623,    623,    620,    620,    620,    620,    620,    620,    620,    620,    620,    620,    620,    620,    620,    620,    620,    620, 
Branch target mis:          27,     26,     26,     28,     28,     28,     28,     28,     28,     28,     28,     28,     28,     28,     28,     28,     28,     28,     28,     28, 
Result: 91d62b20ac606c4e6e1b7fee64b5e1d4
Expected result: 91d62b20ac606c4e6e1b7fee64b5e1d4
Cycle counts:          311324,  92628,  92609,  92601,  92594,  92595,  92594,  92595,  92594,  92595,  92594,  92595,  92594,  92595,  92594,  92595,  92594,  92595,  92594,  92595, 
Branch dir mis:           649,    630,    623,    623,    620,    620,    620,    620,    620,    620,    620,    620,    620,    620,    620,    620,    620,    620,    620,    620, 
Branch target mis:          28,     26,     26,     28,     28,     29,     28,     29,     28,     29,     28,     29,     28,     29,     28,     29,     28,     29,     28,     29, 
Result: b0070ad5c87c42ca57bfee837c890fbd
Expected result: b07ad5c87c42ca57bfee837c89fbd
Cycle counts:          308912,  92615,  92605,  92594,  92596,  92601,  92605,  92601,  92605,  92601,  92605,  92601,  92605,  92601,  92605,  92601,  92605,  92601,  92605,  92601, 
Branch dir mis:           648,    627,    623,    624,    621,    621,    621,    621,    621,    621,    621,    621,    621,    621,    621,    621,    621,    621,    621,    621, 
Branch target mis:          27,     24,     26,     24,     29,     28,     28,     28,     28,     28,     28,     28,     28,     28,     28,     28,     28,     28,     28,     28, 
Result: a485a4c6ff9974163a91fa0d75a24db1
Expected result: a485a4c6ff9974163a91fad75a24db1
Cycle counts:          311334,  92611,  92605,  92594,  92596,  92600,  92597,  92598,  92597,  92598,  92597,  92598,  92597,  92598,  92597,  92598,  92597,  92598,  92597,  92598, 
Branch dir mis:           646,    626,    623,    624,    621,    621,    621,    621,    621,    621,    621,    621,    621,    621,    621,    621,    621,    621,    621,    621, 
Branch target mis:          29,     24,     26,     24,     29,     29,     29,     29,     29,     29,     29,     29,     29,     29,     29,     29,     29,     29,     29,     29, 
Result: d035e39b4eb090c5394656a08a68e410
Expected result: d035e39b4eb090c5394656a08a68e410
Cycle counts:          308918,  92628,  92609,  92601,  92594,  92603,  92599,  92603,  92599,  92603,  92599,  92603,  92599,  92603,  92599,  92603,  92599,  92603,  92599,  92603, 
Branch dir mis:           650,    630,    623,    623,    620,    620,    620,    620,    620,    620,    620,    620,    620,    620,    620,    620,    620,    620,    620,    620, 
Branch target mis:          27,     26,     26,     28,     28,     28,     28,     28,     28,     28,     28,     28,     28,     28,     28,     28,     28,     28,     28,     28, 
Result: c7d1a9e7b8cd4fa0aa2d5538b82f63d5
Expected result: c7d1a9e7b8cd4fa0aa2d5538b82f63d5
Cycle counts:          311321,  92625,  92609,  92601,  92594,  92595,  92594,  92595,  92594,  92595,  92594,  92595,  92594,  92595,  92594,  92595,  92594,  92595,  92594,  92595, 
Branch dir mis:           649,    629,    623,    623,    620,    620,    620,    620,    620,    620,    620,    620,    620,    620,    620,    620,    620,    620,    620,    620, 
Branch target mis:          27,     26,     26,     28,     28,     29,     28,     29,     28,     29,     28,     29,     28,     29,     28,     29,     28,     29,     28,     29, 
Result: cf531ff34bffd7ebf174a562bd7f48c4
Expected result: cf531ff34bffd7ebf174a562bd7f48c4
Cycle counts:          311337,  92623,  92596,  92604,  92594,  92603,  92599,  92603,  92599,  92603,  92599,  92603,  92599,  92603,  92599,  92603,  92599,  92603,  92599,  92603, 
Branch dir mis:           648,    632,    623,    623,    620,    620,    620,    620,    620,    620,    620,    620,    620,    620,    620,    620,    620,    620,    620,    620, 
Branch target mis:          28,     26,     24,     28,     28,     28,     28,     28,     28,     28,     28,     28,     28,     28,     28,     28,     28,     28,     28,     28, 
Result: a0362832991b089cfcb5fa39d7eeacd2
Expected result: a0362832991b89cfcb5fa39d7eeacd2
Cycle counts:          308909,  92615,  92605,  92594,  92596,  92601,  92605,  92601,  92605,  92601,  92605,  92601,  92605,  92601,  92605,  92601,  92605,  92601,  92605,  92601, 
Branch dir mis:           647,    627,    623,    624,    621,    621,    621,    621,    621,    621,    621,    621,    621,    621,    621,    621,    621,    621,    621,    621, 
Branch target mis:          27,     24,     26,     24,     29,     28,     28,     28,     28,     28,     28,     28,     28,     28,     28,     28,     28,     28,     28,     28, 
Result: 40e35766aba022a9909af9ba80769f21
Expected result: 40e35766aba022a9909af9ba80769f21
Cycle counts:          311338,  92611,  92605,  92594,  92596,  92601,  92605,  92601,  92605,  92601,  92605,  92601,  92605,  92601,  92605,  92601,  92605,  92601,  92605,  92601, 
Branch dir mis:           647,    626,    623,    624,    621,    621,    621,    621,    621,    621,    621,    621,    621,    621,    621,    621,    621,    621,    621,    621, 
Branch target mis:          29,     24,     26,     24,     29,     28,     28,     28,     28,     28,     28,     28,     28,     28,     28,     28,     28,     28,     28,     28, 
Result: 49dd54841300bd318b42a70d97f81338
Expected result: 49dd5484130bd318b42a7d97f81338
Cycle counts:          308914,  92615,  92605,  92594,  92596,  92601,  92605,  92601,  92605,  92601,  92605,  92601,  92605,  92601,  92605,  92601,  92605,  92601,  92605,  92601, 
Branch dir mis:           649,    627,    623,    624,    621,    621,    621,    621,    621,    621,    621,    621,    621,    621,    621,    621,    621,    621,    621,    621, 
Branch target mis:          27,     24,     26,     24,     29,     28,     28,     28,     28,     28,     28,     28,     28,     28,     28,     28,     28,     28,     28,     28, 
Result: d11ed361d988a4cc277b1a64251afbdb
Expected result: d11ed361d988a4cc277b1a64251afbdb
Cycle counts:          311318,  92615,  92605,  92594,  92596,  92601,  92605,  92601,  92605,  92601,  92605,  92601,  92605,  92601,  92605,  92601,  92605,  92601,  92605,  92601, 
Branch dir mis:           647,    627,    623,    624,    621,    621,    621,    621,    621,    621,    621,    621,    621,    621,    621,    621,    621,    621,    621,    621, 
Branch target mis:          28,     24,     26,     24,     29,     28,     28,     28,     28,     28,     28,     28,     28,     28,     28,     28,     28,     28,     28,     28, 
Result: cb462574f585aa0a0d13bd55c10a3cb8
Expected result: cb462574f585aaad13bd55c1a3cb8
Cycle counts:          308917,  92616,  92609,  92606,  92592,  92602,  92592,  92602,  92595,  92605,  92592,  92602,  92595,  92605,  92592,  92602,  92595,  92605,  92592,  92602, 
Branch dir mis:           650,    629,    626,    625,    619,    619,    619,    621,    619,    621,    619,    621,    619,    621,    619,    621,    619,    621,    619,    621, 
Branch target mis:          27,     25,     26,     28,     29,     28,     29,     28,     28,     28,     29,     28,     28,     28,     29,     28,     28,     28,     29,     28, 
Result: 9ba42f421e8396da62a546c8b9f70209
Expected result: 9ba42f421e8396da62a546c8b9f729
Cycle counts:          311313,  92615,  92602,  92588,  92590,  92595,  92599,  92595,  92599,  92595,  92599,  92595,  92599,  92595,  92599,  92595,  92599,  92595,  92599,  92595, 
Branch dir mis:           645,    627,    622,    622,    619,    619,    619,    619,    619,    619,    619,    619,    619,    619,    619,    619,    619,    619,    619,    619, 
Branch target mis:          28,     24,     26,     24,     29,     28,     28,     28,     28,     28,     28,     28,     28,     28,     28,     28,     28,     28,     28,     28, 
Result: 524d9756286ef5e26c49c50e67a229d2
Expected result: 524d9756286ef5e26c49c5e67a229d2
Cycle counts:          308902,  92611,  92605,  92594,  92596,  92601,  92605,  92601,  92605,  92601,  92605,  92601,  92605,  92601,  92605,  92601,  92605,  92601,  92605,  92601, 
Branch dir mis:           644,    626,    623,    624,    621,    621,    621,    621,    621,    621,    621,    621,    621,    621,    621,    621,    621,    621,    621,    621, 
Branch target mis:          28,     24,     26,     24,     29,     28,     28,     28,     28,     28,     28,     28,     28,     28,     28,     28,     28,     28,     28,     28, 
Result: 4d117eef8aca617d5cb07edd2b9b97b9
Expected result: 4d117eef8aca617d5cb07edd2b9b97b9
Cycle counts:          311318,  92615,  92605,  92594,  92596,  92601,  92605,  92601,  92605,  92601,  92605,  92601,  92605,  92601,  92605,  92601,  92605,  92601,  92605,  92601, 
Branch dir mis:           647,    627,    623,    624,    621,    621,    621,    621,    621,    621,    621,    621,    621,    621,    621,    621,    621,    621,    621,    621, 
Branch target mis:          28,     24,     26,     24,     29,     28,     28,     28,     28,     28,     28,     28,     28,     28,     28,     28,     28,     28,     28,     28, 
Result: eecb680ba39fba18b977e9ec4fcc5fec
Expected result: eecb68ba39fba18b977e9ec4fcc5fec
Cycle counts:          308906,  92615,  92605,  92594,  92596,  92601,  92605,  92601,  92605,  92601,  92605,  92601,  92605,  92601,  92605,  92601,  92605,  92601,  92605,  92601, 
Branch dir mis:           646,    627,    623,    624,    621,    621,    621,    621,    621,    621,    621,    621,    621,    621,    621,    621,    621,    621,    621,    621, 
Branch target mis:          27,     24,     26,     24,     29,     28,     28,     28,     28,     28,     28,     28,     28,     28,     28,     28,     28,     28,     28,     28, 
Result: 7552a0253ae327f52d5e7e4c8c951580
Expected result: 7552a0253ae327f52d5e7e4c8c951580
Cycle counts:          311315,  92615,  92602,  92588,  92590,  92595,  92599,  92595,  92599,  92595,  92599,  92595,  92599,  92595,  92599,  92595,  92599,  92595,  92599,  92595, 
Branch dir mis:           646,    627,    622,    622,    619,    619,    619,    619,    619,    619,    619,    619,    619,    619,    619,    619,    619,    619,    619,    619, 
Branch target mis:          28,     24,     26,     24,     29,     28,     28,     28,     28,     28,     28,     28,     28,     28,     28,     28,     28,     28,     28,     28, 
Result: 345f580b0f4dc6e69162cd160eaab212
Expected result: 345f58bf4dc6e69162cd16eaab212
Cycle counts:          308906,  92616,  92609,  92606,  92592,  92602,  92592,  92602,  92595,  92605,  92592,  92602,  92595,  92605,  92592,  92602,  92595,  92605,  92592,  92602, 
Branch dir mis:           646,    629,    626,    625,    619,    619,    619,    621,    619,    621,    619,    621,    619,    621,    619,    621,    619,    621,    619,    621, 
Branch target mis:          27,     25,     26,     28,     29,     28,     29,     28,     28,     28,     29,     28,     28,     28,     29,     28,     28,     28,     29,     28, 
Result: a51839312f033781db00af2c798c2c54
Expected result: a51839312f33781db0af2c798c2c54
Cycle counts:          311331,  92611,  92605,  92594,  92596,  92601,  92605,  92601,  92605,  92601,  92605,  92601,  92605,  92601,  92605,  92601,  92605,  92601,  92605,  92601, 
Branch dir mis:           645,    626,    623,    624,    621,    621,    621,    621,    621,    621,    621,    621,    621,    621,    621,    621,    621,    621,    621,    621, 
Branch target mis:          29,     24,     26,     24,     29,     28,     28,     28,     28,     28,     28,     28,     28,     28,     28,     28,     28,     28,     28,     28, 
Result: 41dd4d2405d5bdfaf326281b08915590
Expected result: 41dd4d245d5bdfaf326281b8915590
Cycle counts:          308906,  92615,  92605,  92594,  92596,  92601,  92605,  92601,  92605,  92601,  92605,  92601,  92605,  92601,  92605,  92601,  92605,  92601,  92605,  92601, 
Branch dir mis:           646,    627,    623,    624,    621,    621,    621,    621,    621,    621,    621,    621,    621,    621,    621,    621,    621,    621,    621,    621, 
Branch target mis:          27,     24,     26,     24,     29,     28,     28,     28,     28,     28,     28,     28,     28,     28,     28,     28,     28,     28,     28,     28, 
Result: 8ba49de285a273bc5e3ae981971a1f86
Expected result: 8ba49de285a273bc5e3ae981971a1f86
Cycle counts:          311313,  92615,  92605,  92594,  92596,  92601,  92605,  92601,  92605,  92601,  92605,  92601,  92605,  92601,  92605,  92601,  92605,  92601,  92605,  92601, 
Branch dir mis:           645,    627,    623,    624,    621,    621,    621,    621,    621,    621,    621,    621,    621,    621,    621,    621,    621,    621,    621,    621, 
Branch target mis:          28,     24,     26,     24,     29,     28,     28,     28,     28,     28,     28,     28,     28,     28,     28,     28,     28,     28,     28,     28, 
Result: 8c41041de632dfeebc8717a96d4aeb02
Expected result: 8c4141de632dfeebc8717a96d4aeb2
Cycle counts:          308908,  92611,  92596,  92596,  92596,  92605,  92590,  92606,  92590,  92606,  92590,  92606,  92590,  92606,  92590,  92606,  92590,  92606,  92590,  92606, 
Branch dir mis:           645,    625,    622,    619,    620,    621,    619,    621,    619,    621,    619,    621,    619,    621,    619,    621,    619,    621,    619,    621, 
Branch target mis:          28,     25,     24,     27,     28,     28,     28,     28,     28,     28,     28,     28,     28,     28,     28,     28,     28,     28,     28,     28, 
Result: 922c65948f45acc4fddc630a1e23c7c0
Expected result: 922c65948f45acc4fddc63a1e23c7c0
Cycle counts:          311316,  92628,  92609,  92601,  92594,  92603,  92599,  92603,  92599,  92603,  92599,  92603,  92599,  92603,  92599,  92603,  92599,  92603,  92599,  92603, 
Branch dir mis:           646,    630,    623,    623,    620,    620,    620,    620,    620,    620,    620,    620,    620,    620,    620,    620,    620,    620,    620,    620, 
Branch target mis:          28,     26,     26,     28,     28,     28,     28,     28,     28,     28,     28,     28,     28,     28,     28,     28,     28,     28,     28,     28, 
Result: 2f3e0ac58a0f5fd202adcb6102bd7fc8
Expected result: 2f3eac58af5fd22adcb612bd7fc8
Cycle counts:          308903,  92619,  92609,  92606,  92592,  92602,  92592,  92593,  92595,  92605,  92592,  92602,  92595,  92605,  92592,  92602,  92595,  92605,  92592,  92602, 
Branch dir mis:           645,    630,    626,    625,    619,    619,    619,    621,    619,    621,    619,    621,    619,    621,    619,    621,    619,    621,    619,    621, 
Branch target mis:          27,     25,     26,     28,     29,     28,     29,     26,     28,     28,     29,     28,     28,     28,     29,     28,     28,     28,     29,     28, 
Result: 53472fecf35b536ff11adbc61bd567f9
Expected result: 53472fecf35b536ff11adbc61bd567f9
Cycle counts:          311324,  92628,  92609,  92601,  92594,  92603,  92599,  92603,  92599,  92603,  92599,  92603,  92599,  92603,  92599,  92603,  92599,  92603,  92599,  92603, 
Branch dir mis:           649,    630,    623,    623,    620,    620,    620,    620,    620,    620,    620,    620,    620,    620,    620,    620,    620,    620,    620,    620, 
Branch target mis:          28,     26,     26,     28,     28,     28,     28,     28,     28,     28,     28,     28,     28,     28,     28,     28,     28,     28,     28,     28, 
Result: c7332a582c05aea2d1201b870a4c7fae
Expected result: c7332a582c5aea2d1201b87a4c7fae
Cycle counts:          308910,  92616,  92609,  92606,  92592,  92602,  92592,  92602,  92595,  92605,  92592,  92602,  92595,  92605,  92592,  92602,  92595,  92605,  92592,  92602, 
Branch dir mis:           647,    629,    626,    625,    619,    619,    619,    621,    619,    621,    619,    621,    619,    621,    619,    621,    619,    621,    619,    621, 
Branch target mis:          27,     25,     26,     28,     29,     28,     29,     28,     28,     28,     29,     28,     28,     28,     29,     28,     28,     28,     29,     28, 
Result: d30dc65a6f2a02f2d0ee3370670e3286
Expected result: d3dc65a6f2a2f2d0ee337067e3286
Cycle counts:          311328,  92611,  92605,  92594,  92596,  92601,  92605,  92601,  92605,  92601,  92605,  92601,  92605,  92601,  92605,  92601,  92605,  92601,  92605,  92601, 
Branch dir mis:           644,    626,    623,    624,    621,    621,    621,    621,    621,    621,    621,    621,    621,    621,    621,    621,    621,    621,    621,    621, 
Branch target mis:          29,     24,     26,     24,     29,     28,     28,     28,     28,     28,     28,     28,     28,     28,     28,     28,     28,     28,     28,     28, 
Result: 1b7caac849d40128b3a5d8864486fd33
Expected result: 1b7caac849d4128b3a5d8864486fd33
Cycle counts:          308914,  92612,  92605,  92594,  92596,  92601,  92605,  92601,  92605,  92601,  92605,  92601,  92605,  92601,  92605,  92601,  92605,  92601,  92605,  92601, 
Branch dir mis:           649,    626,    623,    624,    621,    621,    621,    621,    621,    621,    621,    621,    621,    621,    621,    621,    621,    621,    621,    621, 
Branch target mis:          27,     24,     26,     24,     29,     28,     28,     28,     28,     28,     28,     28,     28,     28,     28,     28,     28,     28,     28,     28, 
Result: 230edcdfa9651a720f5d4e06ec2baa2e
Expected result: 23edcdfa9651a72f5d4e6ec2baa2e
Cycle counts:          311328,  92616,  92609,  92606,  92592,  92602,  92592,  92593,  92595,  92605,  92592,  92602,  92595,  92605,  92592,  92602,  92595,  92605,  92592,  92602, 
Branch dir mis:           645,    630,    626,    625,    619,    619,    619,    621,    619,    621,    619,    621,    619,    621,    619,    621,    619,    621,    619,    621, 
Branch target mis:          28,     24,     26,     28,     29,     28,     29,     26,     28,     28,     29,     28,     28,     28,     29,     28,     28,     28,     29,     28, 
Result: 01d4f82bb19e3d585d8aba0a3abc10ac
Expected result: 1d4f82bb19e3d585d8abaa3abc10ac
Cycle counts:          308922,  92611,  92605,  92594,  92596,  92601,  92605,  92601,  92605,  92601,  92605,  92601,  92605,  92601,  92605,  92601,  92605,  92601,  92605,  92601, 
Branch dir mis:           645,    627,    623,    624,    621,    621,    621,    621,    621,    621,    621,    621,    621,    621,    621,    621,    621,    621,    621,    621, 
Branch target mis:          28,     23,     26,     24,     29,     28,     28,     28,     28,     28,     28,     28,     28,     28,     28,     28,     28,     28,     28,     28, 
Result: 7c01692295070d6cccc8a9bcae888d3c
Expected result: 7c16922957d6cccc8a9bcae888d3c
Cycle counts:          311315,  92615,  92605,  92594,  92596,  92601,  92605,  92601,  92605,  92601,  92605,  92601,  92605,  92601,  92605,  92601,  92605,  92601,  92605,  92601, 
Branch dir mis:           646,    627,    623,    624,    621,    621,    621,    621,    621,    621,    621,    621,    621,    621,    621,    621,    621,    621,    621,    621, 
Branch target mis:          28,     24,     26,     24,     29,     28,     28,     28,     28,     28,     28,     28,     28,     28,     28,     28,     28,     28,     28,     28, 
Result: f92f9997dff1b49d10b363f235b30c9b
Expected result: f92f9997dff1b49d10b363f235b3c9b
Cycle counts:          308922,  92611,  92605,  92594,  92596,  92601,  92605,  92601,  92605,  92601,  92605,  92601,  92605,  92601,  92605,  92601,  92605,  92601,  92605,  92601, 
Branch dir mis:           645,    626,    623,    624,    621,    621,    621,    621,    621,    621,    621,    621,    621,    621,    621,    621,    621,    621,    621,    621, 
Branch target mis:          28,     24,     26,     24,     29,     28,     28,     28,     28,     28,     28,     28,     28,     28,     28,     28,     28,     28,     28,     28, 
Result: db48a0aa31b897544f7a6bb8b99a12cc
Expected result: db48a0aa31b897544f7a6bb8b99a12cc
Cycle counts:          311319,  92615,  92605,  92594,  92596,  92601,  92605,  92601,  92605,  92601,  92605,  92601,  92605,  92601,  92605,  92601,  92605,  92601,  92605,  92601, 
Branch dir mis:           647,    627,    623,    624,    621,    621,    621,    621,    621,    621,    621,    621,    621,    621,    621,    621,    621,    621,    621,    621, 
Branch target mis:          28,     24,     26,     24,     29,     28,     28,     28,     28,     28,     28,     28,     28,     28,     28,     28,     28,     28,     28,     28, 
Result: fad12d003840024b3b20429b670f5b6e
Expected result: fad12d0384024b3b20429b67f5b6e
Cycle counts:          308918,  92628,  92609,  92601,  92594,  92603,  92599,  92603,  92599,  92603,  92599,  92603,  92599,  92603,  92599,  92603,  92599,  92603,  92599,  92603, 
Branch dir mis:           650,    630,    623,    623,    620,    620,    620,    620,    620,    620,    620,    620,    620,    620,    620,    620,    620,    620,    620,    620, 
Branch target mis:          27,     26,     26,     28,     28,     28,     28,     28,     28,     28,     28,     28,     28,     28,     28,     28,     28,     28,     28,     28, 
Result: 83bd334a16fce0a9a9df29951295680b
Expected result: 83bd334a16fce0a9a9df2995129568b
Cycle counts:          311318,  92631,  92609,  92601,  92594,  92603,  92599,  92603,  92599,  92603,  92599,  92603,  92599,  92603,  92599,  92603,  92599,  92603,  92599,  92603, 
Branch dir mis:           647,    631,    623,    623,    620,    620,    620,    620,    620,    620,    620,    620,    620,    620,    620,    620,    620,    620,    620,    620, 
Branch target mis:          28,     26,     26,     28,     28,     28,     28,     28,     28,     28,     28,     28,     28,     28,     28,     28,     28,     28,     28,     28, 
Result: a719ebcbdefad6fd2930dc2410dbf281
Expected result: a719ebcbdefad6fd2930dc2410dbf281
Cycle counts:          308915,  92623,  92600,  92597,  92594,  92603,  92599,  92603,  92599,  92603,  92599,  92603,  92599,  92603,  92599,  92603,  92599,  92603,  92599,  92603, 
Branch dir mis:           649,    629,    623,    623,    620,    620,    620,    620,    620,    620,    620,    620,    620,    620,    620,    620,    620,    620,    620,    620, 
Branch target mis:          27,     25,     27,     25,     28,     28,     28,     28,     28,     28,     28,     28,     28,     28,     28,     28,     28,     28,     28,     28, 
Result: 2bc406f980a0d2acabbceffde2a0cee2
Expected result: 2bc46f980a0d2acabbceffde2a0cee2
Cycle counts:          311312,  92615,  92605,  92594,  92596,  92601,  92605,  92601,  92605,  92601,  92605,  92601,  92605,  92601,  92605,  92601,  92605,  92601,  92605,  92601, 
Branch dir mis:           645,    627,    623,    624,    621,    621,    621,    621,    621,    621,    621,    621,    621,    621,    621,    621,    621,    621,    621,    621, 
Branch target mis:          28,     24,     26,     24,     29,     28,     28,     28,     28,     28,     28,     28,     28,     28,     28,     28,     28,     28,     28,     28, 
Result: e886061f7398d7d7b474c98c5ad8bb1c
Expected result: e88661f7398d7d7b474c98c5ad8bb1c
Cycle counts:          308903,  92615,  92605,  92594,  92596,  92601,  92605,  92601,  92605,  92601,  92605,  92601,  92605,  92601,  92605,  92601,  92605,  92601,  92605,  92601, 
Branch dir mis:           645,    627,    623,    624,    621,    621,    621,    621,    621,    621,    621,    621,    621,    621,    621,    621,    621,    621,    621,    621, 
Branch target mis:          27,     24,     26,     24,     29,     28,     28,     28,     28,     28,     28,     28,     28,     28,     28,     28,     28,     28,     28,     28, 
Result: be2b19d784dfe04cf3b822945d912686
Expected result: be2b19d784dfe04cf3b822945d912686
Cycle counts:          311338,  92611,  92605,  92594,  92596,  92601,  92605,  92601,  92605,  92601,  92605,  92601,  92605,  92601,  92605,  92601,  92605,  92601,  92605,  92601, 
Branch dir mis:           647,    626,    623,    624,    621,    621,    621,    621,    621,    621,    621,    621,    621,    621,    621,    621,    621,    621,    621,    621, 
Branch target mis:          29,     24,     26,     24,     29,     28,     28,     28,     28,     28,     28,     28,     28,     28,     28,     28,     28,     28,     28,     28, 
Result: 364dcc62452854fce13bc9e20d6a8451
Expected result: 364dcc62452854fce13bc9e2d6a8451
Cycle counts:          308912,  92615,  92605,  92594,  92596,  92601,  92605,  92601,  92605,  92601,  92605,  92601,  92605,  92601,  92605,  92601,  92605,  92601,  92605,  92601, 
Branch dir mis:           648,    627,    623,    624,    621,    621,    621,    621,    621,    621,    621,    621,    621,    621,    621,    621,    621,    621,    621,    621, 
Branch target mis:          27,     24,     26,     24,     29,     28,     28,     28,     28,     28,     28,     28,     28,     28,     28,     28,     28,     28,     28,     28, 
Result: eec491420a8e6d40b1269546489499b0
Expected result: eec49142a8e6d40b1269546489499b0
Cycle counts:          311331,  92611,  92605,  92594,  92596,  92601,  92605,  92601,  92605,  92601,  92605,  92601,  92605,  92601,  92605,  92601,  92605,  92601,  92605,  92601, 
Branch dir mis:           645,    626,    623,    624,    621,    621,    621,    621,    621,    621,    621,    621,    621,    621,    621,    621,    621,    621,    621,    621, 
Branch target mis:          29,     24,     26,     24,     29,     28,     28,     28,     28,     28,     28,     28,     28,     28,     28,     28,     28,     28,     28,     28, 
Result: b47423b07d1de03d1318ed8544c8313e
Expected result: b47423b07d1de03d1318ed8544c8313e
Cycle counts:          308925,  92611,  92605,  92594,  92596,  92601,  92605,  92601,  92605,  92601,  92605,  92601,  92605,  92601,  92605,  92601,  92605,  92601,  92605,  92601, 
Branch dir mis:           646,    626,    623,    624,    621,    621,    621,    621,    621,    621,    621,    621,    621,    621,    621,    621,    621,    621,    621,    621, 
Branch target mis:          28,     24,     26,     24,     29,     28,     28,     28,     28,     28,     28,     28,     28,     28,     28,     28,     28,     28,     28,     28, 
Result: 5ba1ad5f98b0090b66a4e36ad0937ff3
Expected result: 5ba1ad5f98b09b66a4e36ad0937ff3
Cycle counts:          311311,  92614,  92611,  92606,  92592,  92587,  92599,  92601,  92592,  92593,  92595,  92605,  92592,  92599,  92601,  92592,  92593,  92595,  92605,  92592, 
Branch dir mis:           644,    628,    626,    622,    619,    619,    621,    619,    619,    621,    619,    621,    619,    621,    619,    619,    621,    619,    621,    619, 
Branch target mis:          28,     25,     27,     27,     29,     26,     29,     28,     29,     26,     28,     28,     29,     29,     28,     29,     26,     28,     28,     29, 
Result: 40c76965197423a0917ad01bad11666c
Expected result: 40c76965197423a0917ad01bad11666c
Cycle counts:          308938,  92625,  92609,  92601,  92594,  92603,  92599,  92603,  92599,  92603,  92599,  92603,  92599,  92603,  92599,  92603,  92599,  92603,  92599,  92603, 
Branch dir mis:           650,    629,    623,    623,    620,    620,    620,    620,    620,    620,    620,    620,    620,    620,    620,    620,    620,    620,    620,    620, 
Branch target mis:          28,     26,     26,     28,     28,     28,     28,     28,     28,     28,     28,     28,     28,     28,     28,     28,     28,     28,     28,     28, 
Result: 59e2a62421e819d3583612a68dcbb3b4
Expected result: 59e2a62421e819d3583612a68dcbb3b4
Cycle counts:          311344,  92625,  92609,  92601,  92594,  92603,  92599,  92603,  92599,  92603,  92599,  92603,  92599,  92603,  92599,  92603,  92599,  92603,  92599,  92603, 
Branch dir mis:           649,    629,    623,    623,    620,    620,    620,    620,    620,    620,    620,    620,    620,    620,    620,    620,    620,    620,    620,    620, 
Branch target mis:          29,     26,     26,     28,     28,     28,     28,     28,     28,     28,     28,     28,     28,     28,     28,     28,     28,     28,     28,     28, 
Result: 6cd574ce58ff696b05d32595ba1da6b3
Expected result: 6cd574ce58ff696b5d32595ba1da6b3
Cycle counts:          308921,  92628,  92609,  92601,  92594,  92603,  92599,  92603,  92599,  92603,  92599,  92603,  92599,  92603,  92599,  92603,  92599,  92603,  92599,  92603, 
Branch dir mis:           651,    630,    623,    623,    620,    620,    620,    620,    620,    620,    620,    620,    620,    620,    620,    620,    620,    620,    620,    620, 
Branch target mis:          27,     26,     26,     28,     28,     28,     28,     28,     28,     28,     28,     28,     28,     28,     28,     28,     28,     28,     28,     28, 
Result: f9fd4c619a08cb9a8058f7557c4c7fd7
Expected result: f9fd4c619a8cb9a8058f7557c4c7fd7
Cycle counts:          311313,  92621,  92597,  92602,  92596,  92601,  92605,  92601,  92605,  92601,  92605,  92601,  92605,  92601,  92605,  92601,  92605,  92601,  92605,  92601, 
Branch dir mis:           645,    629,    623,    624,    621,    621,    621,    621,    621,    621,    621,    621,    621,    621,    621,    621,    621,    621,    621,    621, 
Branch target mis:          28,     24,     27,     28,     29,     28,     28,     28,     28,     28,     28,     28,     28,     28,     28,     28,     28,     28,     28,     28, 
Result: a25aa910f5dc1c44262e98e9b19931ca
Expected result: a25aa910f5dc1c44262e98e9b19931ca
Cycle counts:          308908,  92615,  92605,  92594,  92596,  92601,  92605,  92601,  92605,  92601,  92605,  92601,  92605,  92601,  92605,  92601,  92605,  92601,  92605,  92601, 
Branch dir mis:           647,    627,    623,    624,    621,    621,    621,    621,    621,    621,    621,    621,    621,    621,    621,    621,    621,    621,    621,    621, 
Branch target mis:          27,     24,     26,     24,     29,     28,     28,     28,     28,     28,     28,     28,     28,     28,     28,     28,     28,     28,     28,     28, 
Result: e68394b8ac47c9b9c3c3cc493207b3b0
Expected result: e68394b8ac47c9b9c3c3cc49327b3b0
Cycle counts:          311318,  92615,  92605,  92613,  92596,  92601,  92605,  92601,  92605,  92601,  92605,  92601,  92605,  92601,  92605,  92601,  92605,  92601,  92605,  92601, 
Branch dir mis:           647,    627,    623,    625,    621,    621,    621,    621,    621,    621,    621,    621,    621,    621,    621,    621,    621,    621,    621,    621, 
Branch target mis:          28,     24,     26,     27,     29,     28,     28,     28,     28,     28,     28,     28,     28,     28,     28,     28,     28,     28,     28,     28, 
Result: d252aa3dea4ec8c5a2094dc94529ec8c
Expected result: d252aa3dea4ec8c5a294dc94529ec8c
Cycle counts:          313463,  97416,  97409,  97397,  92606,  92590,  92606,  92590,  92606,  92590,  92606,  92590,  92606,  92590,  92606,  92590,  92606,  92590,  92606,  92590, 
Branch dir mis:           648,    625,    621,    619,    621,    619,    621,    619,    621,    619,    621,    619,    621,    619,    621,    619,    621,    619,    621,    619, 
Branch target mis:          29,     26,     27,     28,     28,     28,     28,     28,     28,     28,     28,     28,     28,     28,     28,     28,     28,     28,     28,     28, 
Result: 83a52f4f67c00cc2bb628fd78cf63447
Expected result: 83a52f4f67c0cc2bb628fd78cf63447
Cycle counts:          311337,  92614,  92610,  92606,  92592,  92599,  92595,  92605,  92592,  92602,  92595,  92605,  92592,  92602,  92595,  92605,  92592,  92602,  92595,  92605, 
Branch dir mis:           648,    628,    626,    622,    619,    621,    619,    621,    619,    621,    619,    621,    619,    621,    619,    621,    619,    621,    619,    621, 
Branch target mis:          28,     25,     27,     27,     29,     28,     28,     28,     29,     28,     28,     28,     29,     28,     28,     28,     29,     28,     28,     28, 
Result: f52922619938ce329ab70a81c8df758e
Expected result: f52922619938ce329ab7a81c8df758e
Cycle counts:          308936,  92611,  92605,  92594,  92596,  92601,  92605,  92601,  92605,  92601,  92605,  92601,  92605,  92601,  92605,  92601,  92605,  92601,  92605,  92601, 
Branch dir mis:           649,    626,    623,    624,    621,    621,    621,    621,    621,    621,    621,    621,    621,    621,    621,    621,    621,    621,    621,    621, 
Branch target mis:          28,     24,     26,     24,     29,     28,     28,     28,     28,     28,     28,     28,     28,     28,     28,     28,     28,     28,     28,     28, 
Result: f01a85c5522abd11ee77a2a817115655
Expected result: f01a85c5522abd11ee77a2a817115655
Cycle counts:          311318,  92615,  92605,  92594,  92596,  92601,  92605,  92601,  92605,  92601,  92605,  92601,  92605,  92601,  92605,  92601,  92605,  92601,  92605,  92601, 
Branch dir mis:           647,    627,    623,    624,    621,    621,    621,    621,    621,    621,    621,    621,    621,    621,    621,    621,    621,    621,    621,    621, 
Branch target mis:          28,     24,     26,     24,     29,     28,     28,     28,     28,     28,     28,     28,     28,     28,     28,     28,     28,     28,     28,     28, 
Result: a58fcae09ea5bfe911964fcd8782d501
Expected result: a58fcae09ea5bfe911964fcd8782d51
Cycle counts:          308927,  92616,  92609,  92606,  92592,  92602,  92592,  92593,  92595,  92605,  92592,  92602,  92595,  92605,  92592,  92602,  92595,  92605,  92592,  92602, 
Branch dir mis:           648,    629,    626,    625,    619,    619,    619,    621,    619,    621,    619,    621,    619,    621,    619,    621,    619,    621,    619,    621, 
Branch target mis:          27,     25,     26,     28,     29,     28,     29,     26,     28,     28,     29,     28,     28,     28,     29,     28,     28,     28,     29,     28, 
Result: a754f09d7423f592a9f21ef28ebe4c56
Expected result: a754f09d7423f592a9f21ef28ebe4c56
Cycle counts:          311315,  92615,  92602,  92588,  92590,  92595,  92599,  92595,  92599,  92595,  92599,  92595,  92599,  92595,  92599,  92595,  92599,  92595,  92599,  92595, 
Branch dir mis:           646,    627,    622,    622,    619,    619,    619,    619,    619,    619,    619,    619,    619,    619,    619,    619,    619,    619,    619,    619, 
Branch target mis:          28,     24,     26,     24,     29,     28,     28,     28,     28,     28,     28,     28,     28,     28,     28,     28,     28,     28,     28,     28, 
Result: 799b1f0a8b80cd7d396ad569dbaa2711
Expected result: 799b1fa8b80cd7d396ad569dbaa2711
Cycle counts:          308914,  92616,  92609,  92606,  92592,  92602,  92592,  92593,  92595,  92605,  92592,  92599,  92601,  92592,  92593,  92595,  92605,  92592,  92602,  92595, 
Branch dir mis:           649,    629,    626,    625,    619,    619,    619,    621,    619,    621,    619,    621,    619,    619,    621,    619,    621,    619,    621,    619, 
Branch target mis:          27,     25,     26,     28,     29,     28,     29,     26,     28,     28,     29,     29,     28,     29,     26,     28,     28,     29,     28,     28, 
Result: 49b5b6f0d3c3b4b7df42acde87a99cd8
Expected result: 49b5b6f0d3c3b4b7df42acde87a99cd8
Cycle counts:          311351,  92625,  92609,  92601,  92594,  92603,  92599,  92603,  92599,  92603,  92599,  92603,  92599,  92603,  92599,  92603,  92599,  92603,  92599,  92603, 
Branch dir mis:           651,    629,    623,    623,    620,    620,    620,    620,    620,    620,    620,    620,    620,    620,    620,    620,    620,    620,    620,    620, 
Branch target mis:          29,     26,     26,     28,     28,     28,     28,     28,     28,     28,     28,     28,     28,     28,     28,     28,     28,     28,     28,     28, 
Result: 9cecce01c14e6d3fa065d5a72a7b07b6
Expected result: 9cecce1c14e6d3fa065d5a72a7b7b6
Cycle counts:          308915,  92616,  92609,  92606,  92592,  92602,  92592,  92602,  92595,  92605,  92592,  92602,  92595,  92605,  92592,  92602,  92595,  92605,  92592,  92602, 
Branch dir mis:           649,    629,    626,    625,    619,    619,    619,    621,    619,    621,    619,    621,    619,    621,    619,    621,    619,    621,    619,    621, 
Branch target mis:          27,     25,     26,     28,     29,     28,     29,     28,     28,     28,     29,     28,     28,     28,     29,     28,     28,     28,     29,     28, 
Result: 79c1adf6eb81a5183af1742de75beae0
Expected result: 79c1adf6eb81a5183af1742de75beae0
Cycle counts:          311316,  92615,  92605,  92594,  92596,  92601,  92605,  92601,  92605,  92601,  92605,  92601,  92605,  92601,  92605,  92601,  92605,  92601,  92605,  92601, 
Branch dir mis:           646,    627,    623,    624,    621,    621,    621,    621,    621,    621,    621,    621,    621,    621,    621,    621,    621,    621,    621,    621, 
Branch target mis:          28,     24,     26,     24,     29,     28,     28,     28,     28,     28,     28,     28,     28,     28,     28,     28,     28,     28,     28,     28, 
Result: 70c528f772c5eb66f9870070ab4427a1
Expected result: 70c528f772c5eb66f987070ab4427a1
Cycle counts:          308909,  92615,  92605,  92594,  92596,  92601,  92605,  92601,  92605,  92601,  92605,  92601,  92605,  92601,  92605,  92601,  92605,  92601,  92605,  92601, 
Branch dir mis:           647,    627,    623,    624,    621,    621,    621,    621,    621,    621,    621,    621,    621,    621,    621,    621,    621,    621,    621,    621, 
Branch target mis:          27,     24,     26,     24,     29,     28,     28,     28,     28,     28,     28,     28,     28,     28,     28,     28,     28,     28,     28,     28, 
Result: e5c7852b796104c2a54993646ac5d909
Expected result: e5c7852b79614c2a54993646ac5d99
Cycle counts:          311334,  92610,  92605,  92609,  92596,  92601,  92592,  92593,  92595,  92605,  92592,  92602,  92595,  92605,  92592,  92602,  92595,  92605,  92592,  92602, 
Branch dir mis:           647,    627,    625,    624,    621,    619,    619,    621,    619,    621,    619,    621,    619,    621,    619,    621,    619,    621,    619,    621, 
Branch target mis:          28,     25,     27,     28,     29,     28,     29,     26,     28,     28,     29,     28,     28,     28,     29,     28,     28,     28,     29,     28, 
Result: 842f254ead27ee25377f759d857d05de
Expected result: 842f254ead27ee25377f759d857d5de
Cycle counts:          308909,  92619,  92609,  92606,  92592,  92602,  92592,  92602,  92595,  92605,  92592,  92599,  92601,  92592,  92593,  92595,  92605,  92592,  92602,  92595, 
Branch dir mis:           647,    630,    626,    625,    619,    619,    619,    621,    619,    621,    619,    621,    619,    619,    621,    619,    621,    619,    621,    619, 
Branch target mis:          27,     25,     26,     28,     29,     28,     29,     28,     28,     28,     29,     29,     28,     29,     26,     28,     28,     29,     28,     28, 
Result: 60ce4794803d189dd3723571d26056c4
Expected result: 60ce4794803d189dd3723571d26056c4
Cycle counts:          311318,  92612,  92595,  92602,  92597,  92607,  92592,  92602,  92595,  92605,  92592,  92602,  92595,  92605,  92592,  92602,  92595,  92605,  92592,  92602, 
Branch dir mis:           647,    627,    622,    622,    622,    622,    619,    621,    619,    621,    619,    621,    619,    621,    619,    621,    619,    621,    619,    621, 
Branch target mis:          28,     25,     27,     27,     28,     28,     29,     28,     28,     28,     29,     28,     28,     28,     29,     28,     28,     28,     29,     28, 
Result: a66201ba3e65f153176d38f2f175c965
Expected result: a6621ba3e65f153176d38f2f175c965
Cycle counts:          308897,  92611,  92605,  92594,  92596,  92601,  92605,  92601,  92605,  92601,  92605,  92601,  92605,  92601,  92605,  92601,  92605,  92601,  92605,  92601, 
Branch dir mis:           642,    626,    623,    624,    621,    621,    621,    621,    621,    621,    621,    621,    621,    621,    621,    621,    621,    621,    621,    621, 
Branch target mis:          28,     24,     26,     24,     29,     28,     28,     28,     28,     28,     28,     28,     28,     28,     28,     28,     28,     28,     28,     28, 
Result: 58c8ebec194ea120924787d5a9851a46
Expected result: 58c8ebec194ea120924787d5a9851a46
Cycle counts:          311315,  92615,  92605,  92594,  92596,  92601,  92605,  92601,  92605,  92601,  92605,  92601,  92605,  92601,  92605,  92601,  92605,  92601,  92605,  92601, 
Branch dir mis:           646,    627,    623,    624,    621,    621,    621,    621,    621,    621,    621,    621,    621,    621,    621,    621,    621,    621,    621,    621, 
Branch target mis:          28,     24,     26,     24,     29,     28,     28,     28,     28,     28,     28,     28,     28,     28,     28,     28,     28,     28,     28,     28, 
Result: b333b8832d18aeb54e619b24a9421997
Expected result: b333b8832d18aeb54e619b24a9421997
P
Cycle counts:          311324,  92630,  92596,  92604,  92594,  92595,  92594,  92595,  92594,  92595,  92594,  92595,  92594,  92595,  92594,  92595,  92594,  92595,  92594,  92595, 
Branch dir mis:           651,    633,    623,    623,    620,    620,    620,    620,    620,    620,    620,    620,    620,    620,    620,    620,    620,    620,    620,    620, 
Branch target mis:          26,     27,     24,     28,     28,     29,     28,     29,     28,     29,     28,     29,     28,     29,     28,     29,     28,     29,     28,     29, 
Result: d54ba889f9ef89dbcd575ad780a650c3
Expected result: d54ba889f9ef89dbcd575ad780a650c3
Cycle counts:          308915,  92628,  92609,  92601,  92594,  92603,  92599,  92603,  92599,  92603,  92599,  92603,  92599,  92603,  92599,  92603,  92599,  92603,  92599,  92603, 
Branch dir mis:           649,    630,    623,    623,    620,    620,    620,    620,    620,    620,    620,    620,    620,    620,    620,    620,    620,    620,    620,    620, 
Branch target mis:          27,     26,     26,     28,     28,     28,     28,     28,     28,     28,     28,     28,     28,     28,     28,     28,     28,     28,     28,     28, 
Result: c3bee0e2370dec39ac1a1d5d610d5a84
Expected result: c3bee0e237dec39ac1a1d5d61d5a84
Cycle counts:          311318,  92631,  92609,  92601,  92594,  92595,  92594,  92595,  92594,  92595,  92594,  92595,  92594,  92595,  92594,  92595,  92594,  92595,  92594,  92595, 
Branch dir mis:           647,    631,    623,    623,    620,    620,    620,    620,    620,    620,    620,    620,    620,    620,    620,    620,    620,    620,    620,    620, 
Branch target mis:          28,     26,     26,     28,     28,     29,     28,     29,     28,     29,     28,     29,     28,     29,     28,     29,     28,     29,     28,     29, 
Result: 7f7ae86dc0a332a4923e7aa47171c384
Expected result: 7f7ae86dc0a332a4923e7aa47171c384
Cycle counts:          308914,  92628,  92609,  92601,  92594,  92603,  92599,  92603,  92599,  92603,  92599,  92603,  92599,  92603,  92599,  92603,  92599,  92603,  92599,  92603, 
Branch dir mis:           649,    630,    623,    623,    620,    620,    620,    620,    620,    620,    620,    620,    620,    620,    620,    620,    620,    620,    620,    620, 
Branch target mis:          27,     26,     26,     28,     28,     28,     28,     28,     28,     28,     28,     28,     28,     28,     28,     28,     28,     28,     28,     28, 
Result: 6cac698befb34cd4b212be47c1e7f6f3
Expected result: 6cac698befb34cd4b212be47c1e7f6f3
Cycle counts:          311311,  92614,  92611,  92606,  92592,  92587,  92599,  92592,  92587,  92599,  92592,  92587,  92599,  92592,  92587,  92599,  92592,  92587,  92599,  92592, 
Branch dir mis:           644,    628,    626,    622,    619,    619,    621,    619,    619,    621,    619,    619,    621,    619,    619,    621,    619,    619,    621,    619, 
Branch target mis:          28,     25,     27,     27,     29,     26,     28,     29,     26,     28,     29,     26,     28,     29,     26,     28,     29,     26,     28,     29, 
Result: d8074b55b2e349f5f013577f9fd51dd6
Expected result: d874b55b2e349f5f013577f9fd51dd6
Cycle counts:          308906,  92616,  92609,  92606,  92592,  92602,  92592,  92593,  92595,  92605,  92592,  92602,  92595,  92605,  92592,  92602,  92595,  92605,  92592,  92602, 
Branch dir mis:           646,    629,    626,    625,    619,    619,    619,    621,    619,    621,    619,    621,    619,    621,    619,    621,    619,    621,    619,    621, 
Branch target mis:          27,     25,     26,     28,     29,     28,     29,     26,     28,     28,     29,     28,     28,     28,     29,     28,     28,     28,     29,     28, 
Result: 239ec871867e957382eaa69e2a255c62
Expected result: 239ec871867e957382eaa69e2a255c62
Cycle counts:          311338,  92611,  92605,  92594,  92596,  92600,  92597,  92598,  92597,  92598,  92597,  92598,  92597,  92598,  92597,  92598,  92597,  92598,  92597,  92598, 
Branch dir mis:           647,    626,    623,    624,    621,    621,    621,    621,    621,    621,    621,    621,    621,    621,    621,    621,    621,    621,    621,    621, 
Branch target mis:          29,     24,     26,     24,     29,     29,     29,     29,     29,     29,     29,     29,     29,     29,     29,     29,     29,     29,     29,     29, 
Result: 89642e07a1cf77e1a534f206feb36d4a
Expected result: 89642e7a1cf77e1a534f26feb36d4a
Cycle counts:          308914,  92615,  92605,  92594,  92596,  92601,  92605,  92601,  92605,  92601,  92605,  92601,  92605,  92601,  92605,  92601,  92605,  92601,  92605,  92601, 
Branch dir mis:           649,    627,    623,    624,    621,    621,    621,    621,    621,    621,    621,    621,    621,    621,    621,    621,    621,    621,    621,    621, 
Branch target mis:          27,     24,     26,     24,     29,     28,     28,     28,     28,     28,     28,     28,     28,     28,     28,     28,     28,     28,     28,     28, 
Result: 107c95fc57caebc517f68a6f64bf2e5a
Expected result: 107c95fc57caebc517f68a6f64bf2e5a
Cycle counts:          311331,  92611,  92605,  92594,  92596,  92600,  92597,  92598,  92597,  92598,  92597,  92598,  92597,  92598,  92597,  92598,  92597,  92598,  92597,  92598, 
Branch dir mis:           645,    626,    623,    624,    621,    621,    621,    621,    621,    621,    621,    621,    621,    621,    621,    621,    621,    621,    621,    621, 
Branch target mis:          29,     24,     26,     24,     29,     29,     29,     29,     29,     29,     29,     29,     29,     29,     29,     29,     29,     29,     29,     29, 
Result: a9bcbac710fdca7ee596c9091c701ad6
Expected result: a9bcbac710fdca7ee596c991c701ad6
Cycle counts:          308906,  92615,  92605,  92594,  92596,  92601,  92605,  92601,  92605,  92601,  92605,  92601,  92605,  92601,  92605,  92601,  92605,  92601,  92605,  92601, 
Branch dir mis:           646,    627,    623,    624,    621,    621,    621,    621,    621,    621,    621,    621,    621,    621,    621,    621,    621,    621,    621,    621, 
Branch target mis:          27,     24,     26,     24,     29,     28,     28,     28,     28,     28,     28,     28,     28,     28,     28,     28,     28,     28,     28,     28, 
Result: 05f164016683b22aa1bb602827a57d18
Expected result: 5f16416683b22aa1bb602827a57d18
Cycle counts:          311332,  92611,  92605,  92594,  92596,  92600,  92597,  92598,  92597,  92598,  92597,  92598,  92597,  92598,  92597,  92598,  92597,  92598,  92597,  92598, 
Branch dir mis:           645,    626,    623,    624,    621,    621,    621,    621,    621,    621,    621,    621,    621,    621,    621,    621,    621,    621,    621,    621, 
Branch target mis:          29,     24,     26,     24,     29,     29,     29,     29,     29,     29,     29,     29,     29,     29,     29,     29,     29,     29,     29,     29, 
Result: add75a222631cc6a6391695d5fc0a0b9
Expected result: add75a222631cc6a6391695d5fc0a0b9
Cycle counts:          308918,  92611,  92605,  92594,  92596,  92601,  92605,  92601,  92605,  92601,  92605,  92601,  92605,  92601,  92605,  92601,  92605,  92601,  92605,  92601, 
Branch dir mis:           644,    626,    623,    624,    621,    621,    621,    621,    621,    621,    621,    621,    621,    621,    621,    621,    621,    621,    621,    621, 
Branch target mis:          28,     24,     26,     24,     29,     28,     28,     28,     28,     28,     28,     28,     28,     28,     28,     28,     28,     28,     28,     28, 
Result: 25c5f276948fdeb6f85cb4c386ea3d21
Expected result: 25c5f276948fdeb6f85cb4c386ea3d21
Cycle counts:          311315,  92615,  92602,  92588,  92590,  92594,  92591,  92592,  92591,  92592,  92591,  92592,  92591,  92592,  92591,  92592,  92591,  92592,  92591,  92592, 
Branch dir mis:           646,    627,    622,    622,    619,    619,    619,    619,    619,    619,    619,    619,    619,    619,    619,    619,    619,    619,    619,    619, 
Branch target mis:          28,     24,     26,     24,     29,     29,     29,     29,     29,     29,     29,     29,     29,     29,     29,     29,     29,     29,     29,     29, 
Result: 6692b5aef7f92085108f6099b7e32fd4
Expected result: 6692b5aef7f92085108f6099b7e32fd4
Cycle counts:          308908,  92616,  92609,  92606,  92592,  92602,  92592,  92593,  92595,  92605,  92592,  92602,  92595,  92605,  92592,  92602,  92595,  92605,  92592,  92602, 
Branch dir mis:           647,    629,    626,    625,    619,    619,    619,    621,    619,    621,    619,    621,    619,    621,    619,    621,    619,    621,    619,    621, 
Branch target mis:          27,     25,     26,     28,     29,     28,     29,     26,     28,     28,     29,     28,     28,     28,     29,     28,     28,     28,     29,     28, 
Result: c2998b11381351aac2606906980e7313
Expected result: c2998b11381351aac26069698e7313
