[1F[0J[?25h[0;39;49mBench Clock Reset Complete
ATE0-->OK
AT+BLEINIT=0-->OK
AT+CWMODE=0-->OK
Cycle counts:          245552,   8244,   8216,   8213,   8205,   8208,   8198,   8208,   8198,   8208,   8198,   8208,   8198,   8208,   8198,   8208,   8198,   8208,   8198,   8208,   8198,   8208,   8198,   8208,   8198,   8208,   8198,   8208,   8198,   8208,   8198,   8208,   8198,   8208,   8198,   8208,   8198,   8208,   8198,   8208,   8198,   8208,   8198,   8208,   8198,   8208,   8198,   8208,   8198, 
Branch mispredictions:            30,     24,     15,     14,     12,     13,     10,     13,     10,     13,     10,     13,     10,     13,     10,     13,     10,     13,     10,     13,     10,     13,     10,     13,     10,     13,     10,     13,     10,     13,     10,     13,     10,     13,     10,     13,     10,     13,     10,     13,     10,     13,     10,     13,     10,     13,     10,     13,     10, 
ICache misses:       108,      0,      0,      0,      0,      0,      0,      0,      0,      0,      0,      0,      0,      0,      0,      0,      0,      0,      0,      0,      0,      0,      0,      0,      0,      0,      0,      0,      0,      0,      0,      0,      0,      0,      0,      0,      0,      0,      0,      0,      0,      0,      0,      0,      0,      0,      0,      0,      0, 
Result: 9676dfbfd34f31d270968455e7232b74
Expected result: [96, 76, df, bf, d3, 4f, 31, d2, 70, 96, 84, 55, e7, 23, 2b, 74]
[1F[0J[?25h[0;39;49mBench Clock Reset Complete
ATE0-->ATE0
OK
AT+BLEINIT=0-->OK
AT+CWMODE=0-->OK
Cycle counts:          245551,   8243,   8216,   8215,   8222,   8204,   8208,   8198,   8208,   8198,   8208,   8198,   8208,   8198,   8208,   8198,   8208,   8198,   8208,   8198,   8208,   8198,   8208,   8198,   8208,   8198,   8208,   8198,   8208,   8198,   8208,   8198,   8208,   8198,   8208,   8198,   8208,   8198,   8208,   8198,   8208,   8198,   8208,   8198,   8208,   8198,   8208,   8198,   8208, 
Branch mispredictions:            29,     24,     15,     15,     17,     12,     13,     10,     13,     10,     13,     10,     13,     10,     13,     10,     13,     10,     13,     10,     13,     10,     13,     10,     13,     10,     13,     10,     13,     10,     13,     10,     13,     10,     13,     10,     13,     10,     13,     10,     13,     10,     13,     10,     13,     10,     13,     10,     13, 
ICache misses:       108,      0,      0,      0,      0,      0,      0,      0,      0,      0,      0,      0,      0,      0,      0,      0,      0,      0,      0,      0,      0,      0,      0,      0,      0,      0,      0,      0,      0,      0,      0,      0,      0,      0,      0,      0,      0,      0,      0,      0,      0,      0,      0,      0,      0,      0,      0,      0,      0, 
Result: 6f472744545b7c56d72987bbe478b6c0
Expected result: [6f, 47, 27, 44, 54, 5b, 7c, 56, d7, 29, 87, bb, e4, 78, b6, c0]
[1F[0J[?25h[0;39;49mBench Clock Reset Complete
ATE0-->OK
AT+BLEINIT=0-->OK
AT+CWMODE=0-->OK
Cycle counts:          245550,   8244,   8219,   8212,   8220,   8205,   8212,   8205,   8212,   8205,   8212,   8205,   8212,   8205,   8212,   8205,   8212,   8205,   8212,   8205,   8212,   8205,   8212,   8205,   8212,   8205,   8212,   8205,   8212,   8205,   8212,   8205,   8212,   8205,   8212,   8205,   8212,   8205,   8212,   8205,   8212,   8205,   8212,   8205,   8212,   8205,   8212,   8205,   8212, 
Branch mispredictions:            29,     24,     16,     14,     16,     12,     14,     12,     14,     12,     14,     12,     14,     12,     14,     12,     14,     12,     14,     12,     14,     12,     14,     12,     14,     12,     14,     12,     14,     12,     14,     12,     14,     12,     14,     12,     14,     12,     14,     12,     14,     12,     14,     12,     14,     12,     14,     12,     14, 
ICache misses:       108,      0,      0,      0,      0,      0,      0,      0,      0,      0,      0,      0,      0,      0,      0,      0,      0,      0,      0,      0,      0,      0,      0,      0,      0,      0,      0,      0,      0,      0,      0,      0,      0,      0,      0,      0,      0,      0,      0,      0,      0,      0,      0,      0,      0,      0,      0,      0,      0, 
Result: 369c04c6f557e8caea9fa5556f8bb689
Expected result: [36, 9c, 4, c6, f5, 57, e8, ca, ea, 9f, a5, 55, 6f, 8b, b6, 89]
[1F[0J[?25h[0;39;49mBench Clock Reset Complete
ATE0-->ATE0
OK
AT+BLEINIT=0-->OK
AT+CWMODE=0-->OK
Cycle counts:          245549,   8226,   8222,   8216,   8210,   8206,   8204,   8203,   8204,   8203,   8204,   8203,   8204,   8203,   8204,   8203,   8204,   8203,   8204,   8203,   8204,   8203,   8204,   8203,   8204,   8203,   8204,   8203,   8204,   8203,   8204,   8203,   8204,   8203,   8204,   8203,   8204,   8203,   8204,   8203,   8204,   8203,   8204,   8203,   8204,   8203,   8204,   8203,   8204, 
Branch mispredictions:            28,     18,     17,     15,     13,     12,     11,     11,     11,     11,     11,     11,     11,     11,     11,     11,     11,     11,     11,     11,     11,     11,     11,     11,     11,     11,     11,     11,     11,     11,     11,     11,     11,     11,     11,     11,     11,     11,     11,     11,     11,     11,     11,     11,     11,     11,     11,     11,     11, 
ICache misses:       108,      0,      0,      0,      0,      0,      0,      0,      0,      0,      0,      0,      0,      0,      0,      0,      0,      0,      0,      0,      0,      0,      0,      0,      0,      0,      0,      0,      0,      0,      0,      0,      0,      0,      0,      0,      0,      0,      0,      0,      0,      0,      0,      0,      0,      0,      0,      0,      0, 
Result: aa4efe7089dee998e68e86d1ea3282b4
Expected result: [aa, 4e, fe, 70, 89, de, e9, 98, e6, 8e, 86, d1, ea, 32, 82, b4]
[1F[0J[?25h[0;39;49mBench Clock Reset Complete
ATE0-->OK
AT+BLEINIT=0-->OK
AT+CWMODE=0-->OK
Cycle counts:          245542,   8240,   8226,   8216,   8212,   8217,   8202,   8217,   8202,   8217,   8202,   8217,   8202,   8217,   8202,   8217,   8202,   8217,   8202,   8217,   8202,   8217,   8202,   8217,   8202,   8217,   8202,   8217,   8202,   8217,   8202,   8217,   8202,   8217,   8202,   8217,   8202,   8217,   8202,   8217,   8202,   8217,   8202,   8217,   8202,   8217,   8202,   8217,   8202, 
Branch mispredictions:            26,     22,     18,     15,     14,     15,     11,     15,     11,     15,     11,     15,     11,     15,     11,     15,     11,     15,     11,     15,     11,     15,     11,     15,     11,     15,     11,     15,     11,     15,     11,     15,     11,     15,     11,     15,     11,     15,     11,     15,     11,     15,     11,     15,     11,     15,     11,     15,     11, 
ICache misses:       108,      0,      0,      0,      0,      0,      0,      0,      0,      0,      0,      0,      0,      0,      0,      0,      0,      0,      0,      0,      0,      0,      0,      0,      0,      0,      0,      0,      0,      0,      0,      0,      0,      0,      0,      0,      0,      0,      0,      0,      0,      0,      0,      0,      0,      0,      0,      0,      0, 
Result: b9cb8bd488b3335887675c4c16134a47
Expected result: [b9, cb, 8b, d4, 88, b3, 33, 58, 87, 67, 5c, 4c, 16, 13, 4a, 47]
