Cycle counts:          311346,  92605,  92591,  92583,  92583,  92589,  92593,  92589,  92593,  92589,  92593,  92589,  92593,  92589,  92593,  92589,  92593,  92589,  92593,  92589, 
Load-use interlock:       655,    665,    663,    660,    660,    659,    660,    659,    660,    659,    660,    659,    660,    659,    660,    659,    660,    659,    660,    659, 
Latency interlock:       5118,   4838,   4838,   4838,   4838,   4838,   4838,   4838,   4838,   4838,   4838,   4838,   4838,   4838,   4838,   4838,   4838,   4838,   4838,   4838, 
Result: 01f02d2d53d626618209fb720689497c
Expected result: 01f02d2d53d626618209fb720689497c
Cycle counts:          311332,  95017,  92612,  92618,  92603,  92595,  92605,  92592,  92593,  92595,  92605,  92592,  92602,  92595,  92605,  92592,  92602,  92595,  92605,  92592, 
Load-use interlock:       656,    663,    666,    660,    659,    660,    660,    661,    659,    660,    660,    661,    659,    660,    660,    661,    659,    660,    660,    661, 
Latency interlock:       5118,   4838,   4838,   4838,   4838,   4838,   4838,   4838,   4838,   4838,   4838,   4838,   4838,   4838,   4838,   4838,   4838,   4838,   4838,   4838, 
Result: 6a3ded297a2d9217c24002a05213c7a7
Expected result: 6a3ded297a2d9217c24002a05213c7a7
Cycle counts:          311341,  92609,  92594,  92602,  92587,  92593,  92589,  92593,  92589,  92593,  92589,  92593,  92589,  92593,  92589,  92593,  92589,  92593,  92589,  92593, 
Load-use interlock:       654,    667,    664,    662,    660,    661,    660,    661,    660,    661,    660,    661,    660,    661,    660,    661,    660,    661,    660,    661, 
Latency interlock:       5118,   4838,   4838,   4838,   4838,   4838,   4838,   4838,   4838,   4838,   4838,   4838,   4838,   4838,   4838,   4838,   4838,   4838,   4838,   4838, 
Result: 176b5e092ee0142b5795ca80438e0890
Expected result: 176b5e092ee0142b5795ca80438e0890
Cycle counts:          311316,  95019,  92593,  92592,  92581,  92596,  92599,  92602,  92600,  92596,  92606,  92590,  92606,  92590,  92606,  92590,  92606,  92590,  92606,  92590, 
Load-use interlock:       648,    665,    663,    660,    660,    660,    659,    660,    658,    659,    659,    659,    659,    659,    659,    659,    659,    659,    659,    659, 
Latency interlock:       5118,   4838,   4838,   4838,   4838,   4838,   4838,   4838,   4838,   4838,   4838,   4838,   4838,   4838,   4838,   4838,   4838,   4838,   4838,   4838, 
Result: 9764d6c403f0a2fcb5d017ddf8aa340d
Expected result: 9764d6c403f0a2fcb5d017ddf8aa340d
Cycle counts:          311319,  92614,  92594,  92599,  92587,  92593,  92589,  92593,  92589,  92593,  92589,  92593,  92589,  92593,  92589,  92593,  92589,  92593,  92589,  92593, 
Load-use interlock:       649,    667,    663,    661,    659,    660,    659,    660,    659,    660,    659,    660,    659,    660,    659,    660,    659,    660,    659,    660, 
Latency interlock:       5118,   4838,   4838,   4838,   4838,   4838,   4838,   4838,   4838,   4838,   4838,   4838,   4838,   4838,   4838,   4838,   4838,   4838,   4838,   4838, 
Result: c1397c4f5464a66b1732900fa88ba716
Expected result: c1397c4f5464a66b1732900fa88ba716
Cycle counts:          311304,  95024,  92600,  92604,  92581,  92596,  92599,  92602,  92600,  92596,  92606,  92590,  92606,  92590,  92606,  92590,  92606,  92590,  92606,  92590, 
Load-use interlock:       648,    664,    663,    660,    660,    660,    659,    660,    658,    659,    659,    659,    659,    659,    659,    659,    659,    659,    659,    659, 
Latency interlock:       5118,   4838,   4838,   4838,   4838,   4838,   4838,   4838,   4838,   4838,   4838,   4838,   4838,   4838,   4838,   4838,   4838,   4838,   4838,   4838, 
Result: f26073c29817dacb05c90397d9119c49
Expected result: f26073c29817dacb05c90397d9119c49
Cycle counts:          311337,  92609,  92591,  92580,  92583,  92589,  92593,  92589,  92593,  92589,  92593,  92589,  92593,  92589,  92593,  92589,  92593,  92589,  92593,  92589, 
Load-use interlock:       650,    666,    664,    661,    661,    660,    661,    660,    661,    660,    661,    660,    661,    660,    661,    660,    661,    660,    661,    660, 
Latency interlock:       5118,   4838,   4838,   4838,   4838,   4838,   4838,   4838,   4838,   4838,   4838,   4838,   4838,   4838,   4838,   4838,   4838,   4838,   4838,   4838, 
Result: 9cc9c8b3b3317826bfd4b7fae467e102
Expected result: 9cc9c8b3b3317826bfd4b7fae467e102
Cycle counts:          311322,  95009,  92594,  92599,  92587,  92593,  92589,  92593,  92589,  92593,  92589,  92593,  92589,  92593,  92589,  92593,  92589,  92593,  92589,  92593, 
Load-use interlock:       650,    664,    663,    661,    659,    660,    659,    660,    659,    660,    659,    660,    659,    660,    659,    660,    659,    660,    659,    660, 
Latency interlock:       5118,   4838,   4838,   4838,   4838,   4838,   4838,   4838,   4838,   4838,   4838,   4838,   4838,   4838,   4838,   4838,   4838,   4838,   4838,   4838, 
Result: a5a8fd73c2422d371c9afdfa78d311fc
Expected result: a5a8fd73c2422d371c9afdfa78d311fc
Cycle counts:          308936,  92608,  92599,  92606,  92592,  92593,  92593,  92606,  92592,  92593,  92593,  92606,  92592,  92593,  92593,  92606,  92592,  92593,  92593,  92606, 
Load-use interlock:       661,    671,    663,    659,    660,    658,    659,    659,    660,    658,    659,    659,    660,    658,    659,    659,    660,    658,    659,    659, 
Latency interlock:       5118,   4838,   4838,   4838,   4838,   4838,   4838,   4838,   4838,   4838,   4838,   4838,   4838,   4838,   4838,   4838,   4838,   4838,   4838,   4838, 
Result: 3818d0095b1141930c5454e3f547e5ee
Expected result: 3818d0095b1141930c5454e3f547e5ee
Cycle counts:          311338,  95013,  92603,  92605,  92600,  92594,  92599,  92601,  92592,  92593,  92595,  92605,  92592,  92602,  92595,  92605,  92592,  92602,  92595,  92605, 
Load-use interlock:       656,    662,    662,    660,    659,    660,    659,    659,    660,    658,    659,    659,    660,    658,    659,    659,    660,    658,    659,    659, 
Latency interlock:       5118,   4838,   4838,   4838,   4838,   4838,   4838,   4838,   4838,   4838,   4838,   4838,   4838,   4838,   4838,   4838,   4838,   4838,   4838,   4838, 
Result: 6933df8d24fc9a6c52e9b98a408b39f8
Expected result: 6933df8d24fc9a6c52e9b98a408b39f8
Cycle counts:          311335,  92604,  92596,  92603,  92588,  92591,  92600,  92591,  92600,  92591,  92600,  92591,  92600,  92591,  92600,  92591,  92600,  92591,  92600,  92591, 
Load-use interlock:       655,    667,    662,    661,    659,    660,    659,    660,    659,    660,    659,    660,    659,    660,    659,    660,    659,    660,    659,    660, 
Latency interlock:       5118,   4838,   4838,   4838,   4838,   4838,   4838,   4838,   4838,   4838,   4838,   4838,   4838,   4838,   4838,   4838,   4838,   4838,   4838,   4838, 
Result: 8e4a732b7f706c5699fdcf41c25cf46b
Expected result: 8e4a732b7f706c5699fdcf41c25cf46b
Cycle counts:          311340,  95004,  92599,  92601,  92583,  92589,  92593,  92589,  92593,  92589,  92593,  92589,  92593,  92589,  92593,  92589,  92593,  92589,  92593,  92589, 
Load-use interlock:       650,    663,    662,    660,    660,    659,    660,    659,    660,    659,    660,    659,    660,    659,    660,    659,    660,    659,    660,    659, 
Latency interlock:       5118,   4838,   4838,   4838,   4838,   4838,   4838,   4838,   4838,   4838,   4838,   4838,   4838,   4838,   4838,   4838,   4838,   4838,   4838,   4838, 
Result: d3b021e7a3c6aec4097a53b44668248a
Expected result: d3b021e7a3c6aec4097a53b44668248a
Cycle counts:          311329,  92610,  92594,  92602,  92587,  92593,  92589,  92593,  92589,  92593,  92589,  92593,  92589,  92593,  92589,  92593,  92589,  92593,  92589,  92593, 
Load-use interlock:       654,    667,    663,    661,    659,    660,    659,    660,    659,    660,    659,    660,    659,    660,    659,    660,    659,    660,    659,    660, 
Latency interlock:       5118,   4838,   4838,   4838,   4838,   4838,   4838,   4838,   4838,   4838,   4838,   4838,   4838,   4838,   4838,   4838,   4838,   4838,   4838,   4838, 
Result: 5721cf8047c5f471b817eb7fb28a5045
Expected result: 5721cf8047c5f471b817eb7fb28a5045
Cycle counts:          311316,  95026,  92593,  92604,  92584,  92589,  92592,  92600,  92605,  92590,  92606,  92590,  92606,  92590,  92606,  92590,  92606,  92590,  92606,  92590, 
Load-use interlock:       654,    665,    663,    659,    660,    659,    660,    659,    659,    659,    659,    659,    659,    659,    659,    659,    659,    659,    659,    659, 
Latency interlock:       5118,   4838,   4838,   4838,   4838,   4838,   4838,   4838,   4838,   4838,   4838,   4838,   4838,   4838,   4838,   4838,   4838,   4838,   4838,   4838, 
Result: e84faec39fcbaf609608867f6b0880d6
Expected result: e84faec39fcbaf609608867f6b0880d6
Cycle counts:          311330,  92617,  92611,  92588,  92603,  92595,  92605,  92592,  92602,  92595,  92605,  92592,  92602,  92595,  92605,  92592,  92602,  92595,  92605,  92592, 
Load-use interlock:       651,    667,    663,    659,    658,    659,    659,    660,    658,    659,    659,    660,    658,    659,    659,    660,    658,    659,    659,    660, 
Latency interlock:       5118,   4838,   4838,   4838,   4838,   4838,   4838,   4838,   4838,   4838,   4838,   4838,   4838,   4838,   4838,   4838,   4838,   4838,   4838,   4838, 
Result: 8d0b82c8b04035db20271fd91f182706
Expected result: 8d0b82c8b04035db20271fd91f182706
Cycle counts:          311343,  95019,  92615,  92594,  92603,  92597,  92605,  92592,  92599,  92601,  92592,  92593,  92595,  92605,  92592,  92602,  92595,  92605,  92592,  92602, 
Load-use interlock:       653,    665,    663,    659,    658,    659,    659,    660,    659,    659,    660,    658,    659,    659,    660,    658,    659,    659,    660,    658, 
Latency interlock:       5118,   4838,   4838,   4838,   4838,   4838,   4838,   4838,   4838,   4838,   4838,   4838,   4838,   4838,   4838,   4838,   4838,   4838,   4838,   4838, 
Result: 23e1a0be6abae63b50f06608bb828091
Expected result: 23e1a0be6abae63b50f06608bb828091
Cycle counts:          311329,  92610,  92596,  92603,  92588,  92591,  92600,  92591,  92600,  92591,  92600,  92591,  92600,  92591,  92600,  92591,  92600,  92591,  92600,  92591, 
Load-use interlock:       654,    668,    663,    662,    660,    661,    660,    661,    660,    661,    660,    661,    660,    661,    660,    661,    660,    661,    660,    661, 
Latency interlock:       5118,   4838,   4838,   4838,   4838,   4838,   4838,   4838,   4838,   4838,   4838,   4838,   4838,   4838,   4838,   4838,   4838,   4838,   4838,   4838, 
Result: 2b43bf241a7ed00186bead795d4235da
Expected result: 2b43bf241a7ed00186bead795d4235da
Cycle counts:          311313,  95021,  92607,  92612,  92591,  92606,  92590,  92606,  92590,  92606,  92590,  92606,  92590,  92606,  92590,  92606,  92590,  92606,  92590,  92606, 
Load-use interlock:       648,    663,    663,    660,    659,    659,    659,    659,    659,    659,    659,    659,    659,    659,    659,    659,    659,    659,    659,    659, 
Latency interlock:       5118,   4838,   4838,   4838,   4838,   4838,   4838,   4838,   4838,   4838,   4838,   4838,   4838,   4838,   4838,   4838,   4838,   4838,   4838,   4838, 
Result: a53d814afd5fb9a352e4d6de3e752856
Expected result: a53d814afd5fb9a352e4d6de3e752856
Cycle counts:          311334,  92607,  92599,  92604,  92583,  92589,  92593,  92589,  92593,  92589,  92593,  92589,  92593,  92589,  92593,  92589,  92593,  92589,  92593,  92589, 
Load-use interlock:       655,    667,    663,    661,    661,    660,    661,    660,    661,    660,    661,    660,    661,    660,    661,    660,    661,    660,    661,    660, 
Latency interlock:       5118,   4838,   4838,   4838,   4838,   4838,   4838,   4838,   4838,   4838,   4838,   4838,   4838,   4838,   4838,   4838,   4838,   4838,   4838,   4838, 
Result: b7d65a05fb438553394efd1c448ad2b6
Expected result: b7d65a05fb438553394efd1c448ad2b6
Cycle counts:          311319,  95022,  92600,  92604,  92581,  92596,  92599,  92602,  92600,  92596,  92606,  92590,  92606,  92590,  92606,  92590,  92606,  92590,  92606,  92590, 
Load-use interlock:       648,    663,    663,    660,    660,    660,    659,    660,    658,    659,    659,    659,    659,    659,    659,    659,    659,    659,    659,    659, 
Latency interlock:       5118,   4838,   4838,   4838,   4838,   4838,   4838,   4838,   4838,   4838,   4838,   4838,   4838,   4838,   4838,   4838,   4838,   4838,   4838,   4838, 
Result: 127adcaf1c67972f9250ae524cad916b
Expected result: 127adcaf1c67972f9250ae524cad916b
Cycle counts:          311335,  92607,  92599,  92604,  92583,  92589,  92593,  92589,  92593,  92589,  92593,  92589,  92593,  92589,  92593,  92589,  92593,  92589,  92593,  92589, 
Load-use interlock:       655,    667,    663,    661,    661,    660,    661,    660,    661,    660,    661,    660,    661,    660,    661,    660,    661,    660,    661,    660, 
Latency interlock:       5118,   4838,   4838,   4838,   4838,   4838,   4838,   4838,   4838,   4838,   4838,   4838,   4838,   4838,   4838,   4838,   4838,   4838,   4838,   4838, 
Result: 58ce24676e3fa59794c0c7d2a954cbd0
Expected result: 58ce24676e3fa59794c0c7d2a954cbd0
Cycle counts:          311316,  95022,  92615,  92594,  92603,  92597,  92605,  92592,  92593,  92595,  92605,  92592,  92602,  92595,  92605,  92592,  92602,  92595,  92605,  92592, 
Load-use interlock:       652,    665,    663,    659,    658,    659,    659,    660,    658,    659,    659,    660,    658,    659,    659,    660,    658,    659,    659,    660, 
Latency interlock:       5118,   4838,   4838,   4838,   4838,   4838,   4838,   4838,   4838,   4838,   4838,   4838,   4838,   4838,   4838,   4838,   4838,   4838,   4838,   4838, 
Result: f7bb1c6fb1abe14f672812fe52ffa063
Expected result: f7bb1c6fb1abe14f672812fe52ffa063
Cycle counts:          311335,  92607,  92599,  92604,  92583,  92589,  92593,  92589,  92593,  92589,  92593,  92589,  92593,  92589,  92593,  92589,  92593,  92589,  92593,  92589, 
Load-use interlock:       655,    667,    662,    660,    660,    659,    660,    659,    660,    659,    660,    659,    660,    659,    660,    659,    660,    659,    660,    659, 
Latency interlock:       5118,   4838,   4838,   4838,   4838,   4838,   4838,   4838,   4838,   4838,   4838,   4838,   4838,   4838,   4838,   4838,   4838,   4838,   4838,   4838, 
Result: 606250ac2bce0783a539b809cabc2b4e
Expected result: 606250ac2bce0783a539b809cabc2b4e
Cycle counts:          311310,  95021,  92600,  92604,  92581,  92596,  92599,  92602,  92600,  92596,  92606,  92590,  92606,  92590,  92606,  92590,  92606,  92590,  92606,  92590, 
Load-use interlock:       649,    663,    663,    660,    660,    660,    659,    660,    658,    659,    659,    659,    659,    659,    659,    659,    659,    659,    659,    659, 
Latency interlock:       5118,   4838,   4838,   4838,   4838,   4838,   4838,   4838,   4838,   4838,   4838,   4838,   4838,   4838,   4838,   4838,   4838,   4838,   4838,   4838, 
Result: 8bfd7c38ec130718db19b9a940857558
Expected result: 8bfd7c38ec130718db19b9a940857558
Cycle counts:          311335,  92604,  92596,  92603,  92588,  92591,  92600,  92591,  92600,  92591,  92600,  92591,  92600,  92591,  92600,  92591,  92600,  92591,  92600,  92591, 
Load-use interlock:       655,    667,    663,    662,    660,    661,    660,    661,    660,    661,    660,    661,    660,    661,    660,    661,    660,    661,    660,    661, 
Latency interlock:       5118,   4838,   4838,   4838,   4838,   4838,   4838,   4838,   4838,   4838,   4838,   4838,   4838,   4838,   4838,   4838,   4838,   4838,   4838,   4838, 
Result: 66867a42798336a8857e6e68da2ace40
Expected result: 66867a42798336a8857e6e68da2ace40
Cycle counts:          311334,  95014,  92592,  92612,  92595,  92588,  92593,  92589,  92593,  92589,  92593,  92589,  92593,  92589,  92593,  92589,  92593,  92589,  92593,  92589, 
Load-use interlock:       651,    663,    662,    661,    658,    659,    660,    659,    660,    659,    660,    659,    660,    659,    660,    659,    660,    659,    660,    659, 
Latency interlock:       5118,   4838,   4838,   4838,   4838,   4838,   4838,   4838,   4838,   4838,   4838,   4838,   4838,   4838,   4838,   4838,   4838,   4838,   4838,   4838, 
Result: a9b8d76728f479c838fcc3b5003bc402
Expected result: a9b8d76728f479c838fcc3b5003bc402
Cycle counts:          311340,  92623,  92604,  92612,  92596,  92601,  92592,  92602,  92595,  92605,  92592,  92602,  92595,  92605,  92592,  92602,  92595,  92605,  92592,  92602, 
Load-use interlock:       658,    668,    664,    660,    659,    659,    660,    658,    659,    659,    660,    658,    659,    659,    660,    658,    659,    659,    660,    658, 
Latency interlock:       5118,   4838,   4838,   4838,   4838,   4838,   4838,   4838,   4838,   4838,   4838,   4838,   4838,   4838,   4838,   4838,   4838,   4838,   4838,   4838, 
Result: 8257b452ce885090e07039bba428276a
Expected result: 8257b452ce885090e07039bba428276a
Cycle counts:          311325,  95012,  92594,  92602,  92587,  92593,  92589,  92593,  92589,  92593,  92589,  92593,  92589,  92593,  92589,  92593,  92589,  92593,  92589,  92593, 
Load-use interlock:       654,    663,    664,    662,    660,    661,    660,    661,    660,    661,    660,    661,    660,    661,    660,    661,    660,    661,    660,    661, 
Latency interlock:       5118,   4838,   4838,   4838,   4838,   4838,   4838,   4838,   4838,   4838,   4838,   4838,   4838,   4838,   4838,   4838,   4838,   4838,   4838,   4838, 
Result: 016f537f20cc46af827bdb763829f588
Expected result: 016f537f20cc46af827bdb763829f588
Cycle counts:          311343,  92614,  92597,  92594,  92595,  92588,  92593,  92589,  92593,  92589,  92593,  92589,  92593,  92589,  92593,  92589,  92593,  92589,  92593,  92589, 
Load-use interlock:       656,    666,    663,    661,    658,    659,    660,    659,    660,    659,    660,    659,    660,    659,    660,    659,    660,    659,    660,    659, 
Latency interlock:       5118,   4838,   4838,   4838,   4838,   4838,   4838,   4838,   4838,   4838,   4838,   4838,   4838,   4838,   4838,   4838,   4838,   4838,   4838,   4838, 
Result: dc2fe93db91c21bb64d28121e22c3815
Expected result: dc2fe93db91c21bb64d28121e22c3815
Cycle counts:          311334,  92618,  92612,  92618,  92603,  92595,  92605,  92592,  92593,  92595,  92605,  92592,  92602,  92595,  92605,  92592,  92602,  92595,  92605,  92592, 
Load-use interlock:       649,    667,    665,    659,    658,    659,    659,    660,    658,    659,    659,    660,    658,    659,    659,    660,    658,    659,    659,    660, 
Latency interlock:       5118,   4838,   4838,   4838,   4838,   4838,   4838,   4838,   4838,   4838,   4838,   4838,   4838,   4838,   4838,   4838,   4838,   4838,   4838,   4838, 
Result: 79d553da9ef8c6222ec2af7a52534bd7
Expected result: 79d553da9ef8c6222ec2af7a52534bd7
Cycle counts:          311349,  95010,  92598,  92596,  92586,  92586,  92587,  92587,  92587,  92587,  92587,  92587,  92587,  92587,  92587,  92587,  92587,  92587,  92587,  92587, 
Load-use interlock:       655,    662,    664,    662,    661,    661,    661,    661,    661,    661,    661,    661,    661,    661,    661,    661,    661,    661,    661,    661, 
Latency interlock:       5118,   4838,   4838,   4838,   4838,   4838,   4838,   4838,   4838,   4838,   4838,   4838,   4838,   4838,   4838,   4838,   4838,   4838,   4838,   4838, 
Result: 022d48aa331517f06a67880840b73366
Expected result: 022d48aa331517f06a67880840b73366
Cycle counts:          311334,  92608,  92591,  92583,  92583,  92589,  92593,  92589,  92593,  92589,  92593,  92589,  92593,  92589,  92593,  92589,  92593,  92589,  92593,  92589, 
Load-use interlock:       655,    666,    663,    660,    660,    659,    660,    659,    660,    659,    660,    659,    660,    659,    660,    659,    660,    659,    660,    659, 
Latency interlock:       5118,   4838,   4838,   4838,   4838,   4838,   4838,   4838,   4838,   4838,   4838,   4838,   4838,   4838,   4838,   4838,   4838,   4838,   4838,   4838, 
Result: fb9d0e0035333ce5813d3a7f91fa0826
Expected result: fb9d0e0035333ce5813d3a7f91fa0826
Cycle counts:          311323,  95020,  92607,  92612,  92593,  92599,  92602,  92600,  92596,  92606,  92590,  92606,  92590,  92606,  92590,  92606,  92590,  92606,  92590,  92606, 
Load-use interlock:       647,    662,    663,    659,    660,    659,    660,    658,    659,    659,    659,    659,    659,    659,    659,    659,    659,    659,    659,    659, 
Latency interlock:       5118,   4838,   4838,   4838,   4838,   4838,   4838,   4838,   4838,   4838,   4838,   4838,   4838,   4838,   4838,   4838,   4838,   4838,   4838,   4838, 
Result: 709fc16cf9b22a39408a8ee61d5125c2
Expected result: 709fc16cf9b22a39408a8ee61d5125c2
Cycle counts:          311328,  92602,  92591,  92583,  92583,  92589,  92593,  92589,  92593,  92589,  92593,  92589,  92593,  92589,  92593,  92589,  92593,  92589,  92593,  92589, 
Load-use interlock:       655,    666,    664,    661,    661,    660,    661,    660,    661,    660,    661,    660,    661,    660,    661,    660,    661,    660,    661,    660, 
Latency interlock:       5118,   4838,   4838,   4838,   4838,   4838,   4838,   4838,   4838,   4838,   4838,   4838,   4838,   4838,   4838,   4838,   4838,   4838,   4838,   4838, 
Result: d39661455f278a7298050b8cdb455b9f
Expected result: d39661455f278a7298050b8cdb455b9f
Cycle counts:          311322,  95025,  92600,  92604,  92581,  92596,  92599,  92602,  92600,  92596,  92606,  92590,  92606,  92590,  92606,  92590,  92606,  92590,  92606,  92590, 
Load-use interlock:       648,    665,    663,    660,    660,    660,    659,    660,    658,    659,    659,    659,    659,    659,    659,    659,    659,    659,    659,    659, 
Latency interlock:       5118,   4838,   4838,   4838,   4838,   4838,   4838,   4838,   4838,   4838,   4838,   4838,   4838,   4838,   4838,   4838,   4838,   4838,   4838,   4838, 
Result: 1abc35d3ee16410254a75336447b6284
Expected result: 1abc35d3ee16410254a75336447b6284
Cycle counts:          311319,  92609,  92594,  92602,  92587,  92593,  92589,  92593,  92589,  92593,  92589,  92593,  92589,  92593,  92589,  92593,  92589,  92593,  92589,  92593, 
Load-use interlock:       654,    667,    664,    662,    660,    661,    660,    661,    660,    661,    660,    661,    660,    661,    660,    661,    660,    661,    660,    661, 
Latency interlock:       5118,   4838,   4838,   4838,   4838,   4838,   4838,   4838,   4838,   4838,   4838,   4838,   4838,   4838,   4838,   4838,   4838,   4838,   4838,   4838, 
Result: f6f84c5bacca6872e27e437a3ceee9c8
Expected result: f6f84c5bacca6872e27e437a3ceee9c8
Cycle counts:          311304,  95024,  92600,  92604,  92581,  92596,  92599,  92602,  92600,  92596,  92606,  92590,  92606,  92590,  92606,  92590,  92606,  92590,  92606,  92590, 
Load-use interlock:       648,    664,    663,    660,    660,    660,    659,    660,    658,    659,    659,    659,    659,    659,    659,    659,    659,    659,    659,    659, 
Latency interlock:       5118,   4838,   4838,   4838,   4838,   4838,   4838,   4838,   4838,   4838,   4838,   4838,   4838,   4838,   4838,   4838,   4838,   4838,   4838,   4838, 
Result: 297ee19fbee9a63a06232700d2204f42
Expected result: 297ee19fbee9a63a06232700d2204f42
Cycle counts:          311338,  92609,  92591,  92580,  92583,  92589,  92593,  92589,  92593,  92589,  92593,  92589,  92593,  92589,  92593,  92589,  92593,  92589,  92593,  92589, 
Load-use interlock:       650,    666,    663,    660,    660,    659,    660,    659,    660,    659,    660,    659,    660,    659,    660,    659,    660,    659,    660,    659, 
Latency interlock:       5118,   4838,   4838,   4838,   4838,   4838,   4838,   4838,   4838,   4838,   4838,   4838,   4838,   4838,   4838,   4838,   4838,   4838,   4838,   4838, 
Result: 38f5d931d87b94845ef7d8ae9be0a1d2
Expected result: 38f5d931d87b94845ef7d8ae9be0a1d2
Cycle counts:          311310,  95025,  92607,  92612,  92591,  92606,  92590,  92606,  92590,  92606,  92590,  92606,  92590,  92606,  92590,  92606,  92590,  92606,  92590,  92606, 
Load-use interlock:       648,    663,    663,    660,    659,    659,    659,    659,    659,    659,    659,    659,    659,    659,    659,    659,    659,    659,    659,    659, 
Latency interlock:       5118,   4838,   4838,   4838,   4838,   4838,   4838,   4838,   4838,   4838,   4838,   4838,   4838,   4838,   4838,   4838,   4838,   4838,   4838,   4838, 
Result: 6033b0d2715d145d9bf1c59f9054dc46
Expected result: 6033b0d2715d145d9bf1c59f9054dc46
Cycle counts:          311340,  92608,  92586,  92604,  92583,  92589,  92593,  92589,  92593,  92589,  92593,  92589,  92593,  92589,  92593,  92589,  92593,  92589,  92593,  92589, 
Load-use interlock:       655,    666,    662,    660,    660,    659,    660,    659,    660,    659,    660,    659,    660,    659,    660,    659,    660,    659,    660,    659, 
Latency interlock:       5118,   4838,   4838,   4838,   4838,   4838,   4838,   4838,   4838,   4838,   4838,   4838,   4838,   4838,   4838,   4838,   4838,   4838,   4838,   4838, 
Result: e0d67e96914585741075d64b56ba639a
Expected result: e0d67e96914585741075d64b56ba639a
Cycle counts:          311319,  95019,  92615,  92594,  92603,  92597,  92605,  92592,  92602,  92595,  92605,  92592,  92602,  92595,  92605,  92592,  92602,  92595,  92605,  92592, 
Load-use interlock:       653,    665,    663,    659,    658,    659,    659,    660,    658,    659,    659,    660,    658,    659,    659,    660,    658,    659,    659,    660, 
Latency interlock:       5118,   4838,   4838,   4838,   4838,   4838,   4838,   4838,   4838,   4838,   4838,   4838,   4838,   4838,   4838,   4838,   4838,   4838,   4838,   4838, 
Result: 5bfdee6b355be5085c022c2b878966e4
Expected result: 5bfdee6b355be5085c022c2b878966e4
Cycle counts:          311334,  92617,  92615,  92588,  92603,  92595,  92605,  92592,  92593,  92595,  92605,  92592,  92602,  92595,  92605,  92592,  92599,  92601,  92592,  92593, 
Load-use interlock:       652,    667,    662,    659,    658,    659,    659,    660,    658,    659,    659,    660,    658,    659,    659,    660,    659,    659,    660,    658, 
Latency interlock:       5118,   4838,   4838,   4838,   4838,   4838,   4838,   4838,   4838,   4838,   4838,   4838,   4838,   4838,   4838,   4838,   4838,   4838,   4838,   4838, 
Result: 15c841029bd33e029998c0cfec7fef51
Expected result: 15c841029bd33e029998c0cfec7fef51
Cycle counts:          311331,  95004,  92607,  92583,  92595,  92600,  92601,  92595,  92605,  92592,  92599,  92601,  92592,  92593,  92595,  92605,  92592,  92602,  92595,  92605, 
Load-use interlock:       651,    663,    664,    660,    660,    661,    659,    660,    660,    661,    660,    660,    661,    659,    660,    660,    661,    659,    660,    660, 
Latency interlock:       5118,   4838,   4838,   4838,   4838,   4838,   4838,   4838,   4838,   4838,   4838,   4838,   4838,   4838,   4838,   4838,   4838,   4838,   4838,   4838, 
Result: 6c858d5d3537815ce78509efbd29f973
Expected result: 6c858d5d3537815ce78509efbd29f973
Cycle counts:          311351,  92613,  92615,  92597,  92604,  92600,  92596,  92606,  92590,  92606,  92590,  92606,  92590,  92606,  92590,  92606,  92590,  92606,  92590,  92606, 
Load-use interlock:       658,    667,    664,    660,    661,    659,    660,    660,    660,    660,    660,    660,    660,    660,    660,    660,    660,    660,    660,    660, 
Latency interlock:       5118,   4838,   4838,   4838,   4838,   4838,   4838,   4838,   4838,   4838,   4838,   4838,   4838,   4838,   4838,   4838,   4838,   4838,   4838,   4838, 
Result: 42ef4638a3771704733bdab6ff62e308
Expected result: 42ef4638a3771704733bdab6ff62e308
Cycle counts:          311307,  95024,  92600,  92604,  92581,  92596,  92599,  92602,  92600,  92596,  92606,  92590,  92606,  92590,  92606,  92590,  92606,  92590,  92606,  92590, 
Load-use interlock:       648,    664,    663,    660,    660,    660,    659,    660,    658,    659,    659,    659,    659,    659,    659,    659,    659,    659,    659,    659, 
Latency interlock:       5118,   4838,   4838,   4838,   4838,   4838,   4838,   4838,   4838,   4838,   4838,   4838,   4838,   4838,   4838,   4838,   4838,   4838,   4838,   4838, 
Result: 0e9f35d8ca3e5dbbb07446881ad832e7
Expected result: 0e9f35d8ca3e5dbbb07446881ad832e7
Cycle counts:          311321,  92609,  92602,  92605,  92585,  92593,  92605,  92592,  92593,  92595,  92605,  92592,  92602,  92595,  92605,  92592,  92602,  92595,  92605,  92592, 
Load-use interlock:       654,    666,    664,    661,    661,    660,    660,    661,    659,    660,    660,    661,    659,    660,    660,    661,    659,    660,    660,    661, 
Latency interlock:       5118,   4838,   4838,   4838,   4838,   4838,   4838,   4838,   4838,   4838,   4838,   4838,   4838,   4838,   4838,   4838,   4838,   4838,   4838,   4838, 
Result: d01c4de79463ad201e2a9650f4935a00
Expected result: d01c4de79463ad201e2a9650f4935a00
Cycle counts:          311307,  95025,  92600,  92604,  92581,  92594,  92598,  92602,  92600,  92596,  92606,  92590,  92606,  92590,  92606,  92590,  92606,  92590,  92606,  92590, 
Load-use interlock:       648,    664,    663,    660,    660,    660,    659,    660,    658,    659,    659,    659,    659,    659,    659,    659,    659,    659,    659,    659, 
Latency interlock:       5118,   4838,   4838,   4838,   4838,   4838,   4838,   4838,   4838,   4838,   4838,   4838,   4838,   4838,   4838,   4838,   4838,   4838,   4838,   4838, 
Result: 08192133ebd3ddf119ee7316c851483f
Expected result: 08192133ebd3ddf119ee7316c851483f
Cycle counts:          311349,  92605,  92591,  92583,  92583,  92589,  92593,  92589,  92593,  92589,  92593,  92589,  92593,  92589,  92593,  92589,  92593,  92589,  92593,  92589, 
Load-use interlock:       655,    665,    664,    661,    661,    660,    661,    660,    661,    660,    661,    660,    661,    660,    661,    660,    661,    660,    661,    660, 
Latency interlock:       5118,   4838,   4838,   4838,   4838,   4838,   4838,   4838,   4838,   4838,   4838,   4838,   4838,   4838,   4838,   4838,   4838,   4838,   4838,   4838, 
Result: 199ecd2245e5ae168d4cfb66695553d9
Expected result: 199ecd2245e5ae168d4cfb66695553d9
Cycle counts:          311329,  95007,  92599,  92601,  92583,  92589,  92593,  92589,  92593,  92589,  92593,  92589,  92593,  92589,  92593,  92589,  92593,  92589,  92593,  92589, 
Load-use interlock:       650,    664,    662,    660,    660,    659,    660,    659,    660,    659,    660,    659,    660,    659,    660,    659,    660,    659,    660,    659, 
Latency interlock:       5118,   4838,   4838,   4838,   4838,   4838,   4838,   4838,   4838,   4838,   4838,   4838,   4838,   4838,   4838,   4838,   4838,   4838,   4838,   4838, 
Result: 1bb2ce72843effd68cf7f6e0b9079c7c
Expected result: 1bb2ce72843effd68cf7f6e0b9079c7c
Cycle counts:          311333,  92609,  92591,  92580,  92583,  92589,  92593,  92589,  92593,  92589,  92593,  92589,  92593,  92589,  92593,  92589,  92593,  92589,  92593,  92589, 
Load-use interlock:       650,    666,    663,    660,    660,    659,    660,    659,    660,    659,    660,    659,    660,    659,    660,    659,    660,    659,    660,    659, 
Latency interlock:       5118,   4838,   4838,   4838,   4838,   4838,   4838,   4838,   4838,   4838,   4838,   4838,   4838,   4838,   4838,   4838,   4838,   4838,   4838,   4838, 
Result: 3585e40361057b950d0a152c44ddf137
Expected result: 3585e40361057b950d0a152c44ddf137
Cycle counts:          311334,  95022,  92615,  92594,  92603,  92597,  92605,  92592,  92602,  92595,  92605,  92592,  92602,  92595,  92605,  92592,  92602,  92595,  92605,  92592, 
Load-use interlock:       652,    665,    663,    659,    658,    659,    659,    660,    658,    659,    659,    660,    658,    659,    659,    660,    658,    659,    659,    660, 
Latency interlock:       5118,   4838,   4838,   4838,   4838,   4838,   4838,   4838,   4838,   4838,   4838,   4838,   4838,   4838,   4838,   4838,   4838,   4838,   4838,   4838, 
Result: 22d59ae4da07134546c3330acd0d3018
Expected result: 22d59ae4da07134546c3330acd0d3018
Cycle counts:          311326,  92606,  92591,  92580,  92583,  92589,  92593,  92589,  92593,  92589,  92593,  92589,  92593,  92589,  92593,  92589,  92593,  92589,  92593,  92589, 
Load-use interlock:       649,    665,    664,    661,    661,    660,    661,    660,    661,    660,    661,    660,    661,    660,    661,    660,    661,    660,    661,    660, 
Latency interlock:       5118,   4838,   4838,   4838,   4838,   4838,   4838,   4838,   4838,   4838,   4838,   4838,   4838,   4838,   4838,   4838,   4838,   4838,   4838,   4838, 
Result: c72f17e494333ec7e6675532047e42aa
Expected result: c72f17e494333ec7e6675532047e42aa
Cycle counts:          311311,  95024,  92600,  92604,  92581,  92594,  92598,  92602,  92600,  92596,  92606,  92590,  92606,  92590,  92606,  92590,  92606,  92590,  92606,  92590, 
Load-use interlock:       648,    664,    663,    660,    660,    660,    659,    660,    658,    659,    659,    659,    659,    659,    659,    659,    659,    659,    659,    659, 
Latency interlock:       5118,   4838,   4838,   4838,   4838,   4838,   4838,   4838,   4838,   4838,   4838,   4838,   4838,   4838,   4838,   4838,   4838,   4838,   4838,   4838, 
Result: bff9644b88af95d4db4f4aadaeb8b7c6
Expected result: bff9644b88af95d4db4f4aadaeb8b7c6
Cycle counts:          311335,  92607,  92599,  92604,  92583,  92589,  92593,  92589,  92593,  92589,  92593,  92589,  92593,  92589,  92593,  92589,  92593,  92589,  92593,  92589, 
Load-use interlock:       655,    667,    663,    661,    661,    660,    661,    660,    661,    660,    661,    660,    661,    660,    661,    660,    661,    660,    661,    660, 
Latency interlock:       5118,   4838,   4838,   4838,   4838,   4838,   4838,   4838,   4838,   4838,   4838,   4838,   4838,   4838,   4838,   4838,   4838,   4838,   4838,   4838, 
Result: 5b60c57992ca8a7c69d0b27caab656cf
Expected result: 5b60c57992ca8a7c69d0b27caab656cf
Cycle counts:          311333,  95016,  92622,  92588,  92603,  92595,  92605,  92592,  92599,  92601,  92592,  92593,  92595,  92605,  92592,  92602,  92595,  92605,  92592,  92602, 
Load-use interlock:       653,    665,    662,    659,    658,    659,    659,    660,    659,    659,    660,    658,    659,    659,    660,    658,    659,    659,    660,    658, 
Latency interlock:       5118,   4838,   4838,   4838,   4838,   4838,   4838,   4838,   4838,   4838,   4838,   4838,   4838,   4838,   4838,   4838,   4838,   4838,   4838,   4838, 
Result: 0e7580835381cf177cd8e33d842f1ad7
Expected result: 0e7580835381cf177cd8e33d842f1ad7
Cycle counts:          311331,  92608,  92591,  92583,  92583,  92589,  92593,  92589,  92593,  92589,  92593,  92589,  92593,  92589,  92593,  92589,  92593,  92589,  92593,  92589, 
Load-use interlock:       655,    666,    664,    661,    661,    660,    661,    660,    661,    660,    661,    660,    661,    660,    661,    660,    661,    660,    661,    660, 
Latency interlock:       5118,   4838,   4838,   4838,   4838,   4838,   4838,   4838,   4838,   4838,   4838,   4838,   4838,   4838,   4838,   4838,   4838,   4838,   4838,   4838, 
Result: 26e785d284e9ab62abf6c1769b0b2b84
Expected result: 26e785d284e9ab62abf6c1769b0b2b84
Cycle counts:          311320,  95022,  92600,  92604,  92581,  92594,  92598,  92602,  92600,  92596,  92606,  92590,  92606,  92590,  92606,  92590,  92606,  92590,  92606,  92590, 
Load-use interlock:       648,    663,    663,    660,    660,    660,    659,    660,    658,    659,    659,    659,    659,    659,    659,    659,    659,    659,    659,    659, 
Latency interlock:       5118,   4838,   4838,   4838,   4838,   4838,   4838,   4838,   4838,   4838,   4838,   4838,   4838,   4838,   4838,   4838,   4838,   4838,   4838,   4838, 
Result: fdfb2a66a6a13fae8669ed8dbba1c9e7
Expected result: fdfb2a66a6a13fae8669ed8dbba1c9e7
Cycle counts:          311347,  92609,  92594,  92602,  92587,  92593,  92589,  92593,  92589,  92593,  92589,  92593,  92589,  92593,  92589,  92593,  92589,  92593,  92589,  92593, 
Load-use interlock:       654,    667,    663,    661,    659,    660,    659,    660,    659,    660,    659,    660,    659,    660,    659,    660,    659,    660,    659,    660, 
Latency interlock:       5118,   4838,   4838,   4838,   4838,   4838,   4838,   4838,   4838,   4838,   4838,   4838,   4838,   4838,   4838,   4838,   4838,   4838,   4838,   4838, 
Result: b3e314ddce44c0eff483c8a11a4e9e94
Expected result: b3e314ddce44c0eff483c8a11a4e9e94
Cycle counts:          311312,  95024,  92600,  92604,  92581,  92594,  92598,  92602,  92600,  92596,  92606,  92590,  92606,  92590,  92606,  92590,  92606,  92590,  92606,  92590, 
Load-use interlock:       649,    664,    663,    660,    660,    660,    659,    660,    658,    659,    659,    659,    659,    659,    659,    659,    659,    659,    659,    659, 
Latency interlock:       5118,   4838,   4838,   4838,   4838,   4838,   4838,   4838,   4838,   4838,   4838,   4838,   4838,   4838,   4838,   4838,   4838,   4838,   4838,   4838, 
Result: 81b3fc627788ff2a25f5e01b242f8d01
Expected result: 81b3fc627788ff2a25f5e01b242f8d01
Cycle counts:          311319,  92614,  92594,  92599,  92587,  92593,  92589,  92593,  92589,  92593,  92589,  92593,  92589,  92593,  92589,  92593,  92589,  92593,  92589,  92593, 
Load-use interlock:       649,    667,    663,    661,    659,    660,    659,    660,    659,    660,    659,    660,    659,    660,    659,    660,    659,    660,    659,    660, 
Latency interlock:       5118,   4838,   4838,   4838,   4838,   4838,   4838,   4838,   4838,   4838,   4838,   4838,   4838,   4838,   4838,   4838,   4838,   4838,   4838,   4838, 
Result: de3ae401760b844afa12f2bd7b9455eb
Expected result: de3ae401760b844afa12f2bd7b9455eb
Cycle counts:          311331,  95022,  92600,  92604,  92581,  92594,  92598,  92602,  92600,  92596,  92606,  92590,  92606,  92590,  92606,  92590,  92606,  92590,  92606,  92590, 
Load-use interlock:       649,    663,    663,    660,    660,    660,    659,    660,    658,    659,    659,    659,    659,    659,    659,    659,    659,    659,    659,    659, 
Latency interlock:       5118,   4838,   4838,   4838,   4838,   4838,   4838,   4838,   4838,   4838,   4838,   4838,   4838,   4838,   4838,   4838,   4838,   4838,   4838,   4838, 
Result: 5d75a2375b37975a5fcf1dd21b296457
Expected result: 5d75a2375b37975a5fcf1dd21b296457
Cycle counts:          311342,  92609,  92594,  92602,  92587,  92593,  92589,  92593,  92589,  92593,  92589,  92593,  92589,  92593,  92589,  92593,  92589,  92593,  92589,  92593, 
Load-use interlock:       654,    667,    663,    661,    659,    660,    659,    660,    659,    660,    659,    660,    659,    660,    659,    660,    659,    660,    659,    660, 
Latency interlock:       5118,   4838,   4838,   4838,   4838,   4838,   4838,   4838,   4838,   4838,   4838,   4838,   4838,   4838,   4838,   4838,   4838,   4838,   4838,   4838, 
Result: 8909fb695b74f5e7a33e769f5d97e941
Expected result: 8909fb695b74f5e7a33e769f5d97e941
Cycle counts:          311332,  95004,  92607,  92583,  92595,  92600,  92601,  92595,  92605,  92592,  92602,  92595,  92605,  92592,  92602,  92595,  92605,  92592,  92602,  92595, 
Load-use interlock:       651,    663,    664,    660,    660,    661,    659,    660,    660,    661,    659,    660,    660,    661,    659,    660,    660,    661,    659,    660, 
Latency interlock:       5118,   4838,   4838,   4838,   4838,   4838,   4838,   4838,   4838,   4838,   4838,   4838,   4838,   4838,   4838,   4838,   4838,   4838,   4838,   4838, 
Result: 242a181b894a1790fe90f7c5d153906d
Expected result: 242a181b894a1790fe90f7c5d153906d
Cycle counts:          311330,  92610,  92607,  92603,  92592,  92596,  92606,  92590,  92606,  92590,  92606,  92590,  92606,  92590,  92606,  92590,  92606,  92590,  92606,  92590, 
Load-use interlock:       659,    667,    662,    660,    658,    659,    659,    659,    659,    659,    659,    659,    659,    659,    659,    659,    659,    659,    659,    659, 
Latency interlock:       5118,   4838,   4838,   4838,   4838,   4838,   4838,   4838,   4838,   4838,   4838,   4838,   4838,   4838,   4838,   4838,   4838,   4838,   4838,   4838, 
Result: ce0efb8f0f427033c62ac131766a99b6
Expected result: ce0efb8f0f427033c62ac131766a99b6
Cycle counts:          311346,  95014,  92594,  92596,  92586,  92586,  92587,  92587,  92587,  92587,  92587,  92587,  92587,  92587,  92587,  92587,  92587,  92587,  92587,  92587, 
Load-use interlock:       654,    663,    663,    662,    661,    661,    661,    661,    661,    661,    661,    661,    661,    661,    661,    661,    661,    661,    661,    661, 
Latency interlock:       5118,   4838,   4838,   4838,   4838,   4838,   4838,   4838,   4838,   4838,   4838,   4838,   4838,   4838,   4838,   4838,   4838,   4838,   4838,   4838, 
Result: 2e104c48a4a103f1979498984a428743
Expected result: 2e104c48a4a103f1979498984a428743
Cycle counts:          311321,  92614,  92594,  92602,  92587,  92593,  92589,  92593,  92589,  92593,  92589,  92593,  92589,  92593,  92589,  92593,  92589,  92593,  92589,  92593, 
Load-use interlock:       654,    667,    663,    661,    659,    660,    659,    660,    659,    660,    659,    660,    659,    660,    659,    660,    659,    660,    659,    660, 
Latency interlock:       5118,   4838,   4838,   4838,   4838,   4838,   4838,   4838,   4838,   4838,   4838,   4838,   4838,   4838,   4838,   4838,   4838,   4838,   4838,   4838, 
Result: b96f36c5c0eb47cbc233e6a7e36d7511
Expected result: b96f36c5c0eb47cbc233e6a7e36d7511
Cycle counts:          311313,  95025,  92600,  92604,  92581,  92594,  92598,  92602,  92600,  92596,  92606,  92590,  92606,  92590,  92606,  92590,  92606,  92590,  92606,  92590, 
Load-use interlock:       648,    664,    663,    660,    660,    660,    659,    660,    658,    659,    659,    659,    659,    659,    659,    659,    659,    659,    659,    659, 
Latency interlock:       5118,   4838,   4838,   4838,   4838,   4838,   4838,   4838,   4838,   4838,   4838,   4838,   4838,   4838,   4838,   4838,   4838,   4838,   4838,   4838, 
Result: 74588f40e53a76e13bc55c52e034444c
Expected result: 74588f40e53a76e13bc55c52e034444c
Cycle counts:          311337,  95015,  92608,  92606,  92587,  92585,  92587,  92587,  92587,  92587,  92587,  92587,  92587,  92587,  92587,  92587,  92587,  92587,  92587,  92587, 
Load-use interlock:       647,    663,    664,    662,    660,    661,    661,    661,    661,    661,    661,    661,    661,    661,    661,    661,    661,    661,    661,    661, 
Latency interlock:       5118,   4838,   4838,   4838,   4838,   4838,   4838,   4838,   4838,   4838,   4838,   4838,   4838,   4838,   4838,   4838,   4838,   4838,   4838,   4838, 
Result: 29a77f572df220b9544b939f1f2deb65
Expected result: 29a77f572df220b9544b939f1f2deb65
Cycle counts:          311337,  92612,  92604,  92607,  92595,  92592,  92599,  92601,  92590,  92598,  92601,  92590,  92598,  92601,  92590,  92598,  92601,  92590,  92598,  92601, 
Load-use interlock:       655,    666,    662,    659,    659,    660,    659,    659,    659,    659,    659,    659,    659,    659,    659,    659,    659,    659,    659,    659, 
Latency interlock:       5118,   4838,   4838,   4838,   4838,   4838,   4838,   4838,   4838,   4838,   4838,   4838,   4838,   4838,   4838,   4838,   4838,   4838,   4838,   4838, 
Result: 4ec8dedb0fad44ad4d55b6b4c725b432
Expected result: 4ec8dedb0fad44ad4d55b6b4c725b432
Cycle counts:          311320,  95027,  92600,  92591,  92590,  92596,  92597,  92596,  92597,  92596,  92597,  92596,  92597,  92596,  92597,  92596,  92597,  92596,  92597,  92596, 
Load-use interlock:       653,    665,    664,    662,    660,    661,    661,    661,    661,    661,    661,    661,    661,    661,    661,    661,    661,    661,    661,    661, 
Latency interlock:       5118,   4838,   4838,   4838,   4838,   4838,   4838,   4838,   4838,   4838,   4838,   4838,   4838,   4838,   4838,   4838,   4838,   4838,   4838,   4838, 
Result: a789956569d359742b56361f07d2b5f4
Expected result: a789956569d359742b56361f07d2b5f4
Cycle counts:          308920,  92628,  92620,  92599,  92596,  92589,  92596,  92589,  92596,  92589,  92596,  92589,  92596,  92589,  92596,  92589,  92596,  92589,  92596,  92589, 
Load-use interlock:       657,    674,    663,    660,    659,    660,    659,    660,    659,    660,    659,    660,    659,    660,    659,    660,    659,    660,    659,    660, 
Latency interlock:       5118,   4838,   4838,   4838,   4838,   4838,   4838,   4838,   4838,   4838,   4838,   4838,   4838,   4838,   4838,   4838,   4838,   4838,   4838,   4838, 
Result: a7f71654258a339f6511ed8a77c272d9
Expected result: a7f71654258a339f6511ed8a77c272d9
Cycle counts:          311332,  95009,  92596,  92603,  92588,  92583,  92589,  92583,  92589,  92583,  92589,  92583,  92589,  92583,  92589,  92583,  92589,  92583,  92589,  92583, 
Load-use interlock:       655,    664,    662,    661,    659,    660,    659,    660,    659,    660,    659,    660,    659,    660,    659,    660,    659,    660,    659,    660, 
Latency interlock:       5118,   4838,   4838,   4838,   4838,   4838,   4838,   4838,   4838,   4838,   4838,   4838,   4838,   4838,   4838,   4838,   4838,   4838,   4838,   4838, 
Result: 795c9b00d5b6a99af7a6e02d199bf613
Expected result: 795c9b00d5b6a99af7a6e02d199bf613
Cycle counts:          311329,  92614,  92607,  92608,  92597,  92595,  92594,  92595,  92594,  92595,  92594,  92595,  92594,  92595,  92594,  92595,  92594,  92595,  92594,  92595, 
Load-use interlock:       651,    667,    663,    661,    659,    660,    659,    660,    659,    660,    659,    660,    659,    660,    659,    660,    659,    660,    659,    660, 
Latency interlock:       5118,   4838,   4838,   4838,   4838,   4838,   4838,   4838,   4838,   4838,   4838,   4838,   4838,   4838,   4838,   4838,   4838,   4838,   4838,   4838, 
Result: 008b83029d5965a36c27d72b9ed261ec
Expected result: 008b83029d5965a36c27d72b9ed261ec
Cycle counts:          311325,  95009,  92594,  92602,  92587,  92585,  92587,  92587,  92587,  92587,  92587,  92587,  92587,  92587,  92587,  92587,  92587,  92587,  92587,  92587, 
Load-use interlock:       655,    664,    664,    662,    660,    661,    661,    661,    661,    661,    661,    661,    661,    661,    661,    661,    661,    661,    661,    661, 
Latency interlock:       5118,   4838,   4838,   4838,   4838,   4838,   4838,   4838,   4838,   4838,   4838,   4838,   4838,   4838,   4838,   4838,   4838,   4838,   4838,   4838, 
Result: 660fa428319e035266b8e2c1bd8030cd
Expected result: 660fa428319e035266b8e2c1bd8030cd
Cycle counts:          311328,  92626,  92608,  92603,  92592,  92593,  92599,  92601,  92598,  92586,  92598,  92593,  92599,  92601,  92600,  92593,  92599,  92601,  92600,  92593, 
Load-use interlock:       658,    668,    662,    660,    658,    660,    659,    660,    659,    659,    659,    660,    659,    660,    658,    660,    659,    660,    658,    660, 
Latency interlock:       5118,   4838,   4838,   4838,   4838,   4838,   4838,   4838,   4838,   4838,   4838,   4838,   4838,   4838,   4838,   4838,   4838,   4838,   4838,   4838, 
Result: ae65a2c42bae37edd6fd978d89263d65
Expected result: ae65a2c42bae37edd6fd978d89263d65
AT+CWMODE=0--> Send sync error 
Cycle counts:          311320,  95009,  92596,  92603,  92588,  92583,  92589,  92583,  92589,  92583,  92589,  92583,  92589,  92583,  92589,  92583,  92589,  92583,  92589,  92583, 
Load-use interlock:       653,    664,    663,    662,    660,    661,    660,    661,    660,    661,    660,    661,    660,    661,    660,    661,    660,    661,    660,    661, 
Latency interlock:       5118,   4838,   4838,   4838,   4838,   4838,   4838,   4838,   4838,   4838,   4838,   4838,   4838,   4838,   4838,   4838,   4838,   4838,   4838,   4838, 
Result: 122999e39879c02637476983eedbafdf
Expected result: 122999e39879c02637476983eedbafdf
Cycle counts:          311341,  92607,  92599,  92604,  92583,  92588,  92585,  92587,  92587,  92587,  92587,  92587,  92587,  92587,  92587,  92587,  92587,  92587,  92587,  92587, 
Load-use interlock:       656,    667,    662,    660,    660,    659,    660,    660,    660,    660,    660,    660,    660,    660,    660,    660,    660,    660,    660,    660, 
Latency interlock:       5118,   4838,   4838,   4838,   4838,   4838,   4838,   4838,   4838,   4838,   4838,   4838,   4838,   4838,   4838,   4838,   4838,   4838,   4838,   4838, 
Result: 98df7e943a341553f9abe3ab50da56d3
Expected result: 98df7e943a341553f9abe3ab50da56d3
Cycle counts:          311333,  95010,  92594,  92599,  92587,  92585,  92587,  92587,  92587,  92587,  92587,  92587,  92587,  92587,  92587,  92587,  92587,  92587,  92587,  92587, 
Load-use interlock:       649,    664,    663,    661,    659,    660,    660,    660,    660,    660,    660,    660,    660,    660,    660,    660,    660,    660,    660,    660, 
Latency interlock:       5118,   4838,   4838,   4838,   4838,   4838,   4838,   4838,   4838,   4838,   4838,   4838,   4838,   4838,   4838,   4838,   4838,   4838,   4838,   4838, 
Result: a6d9136b516abd11f688f79bda8576e7
Expected result: a6d9136b516abd11f688f79bda8576e7
Cycle counts:          311320,  92606,  92599,  92604,  92583,  92588,  92585,  92587,  92587,  92587,  92587,  92587,  92587,  92587,  92587,  92587,  92587,  92587,  92587,  92587, 
Load-use interlock:       655,    667,    662,    660,    660,    659,    660,    660,    660,    660,    660,    660,    660,    660,    660,    660,    660,    660,    660,    660, 
Latency interlock:       5118,   4838,   4838,   4838,   4838,   4838,   4838,   4838,   4838,   4838,   4838,   4838,   4838,   4838,   4838,   4838,   4838,   4838,   4838,   4838, 
Result: 36da3c05416a2d3d1211feebc5745cb4
Expected result: 36da3c05416a2d3d1211feebc5745cb4
Cycle counts:          311342,  95019,  92615,  92594,  92603,  92592,  92588,  92599,  92592,  92587,  92599,  92592,  92587,  92599,  92592,  92587,  92599,  92592,  92587,  92599, 
Load-use interlock:       653,    665,    663,    659,    658,    659,    660,    658,    659,    660,    658,    659,    660,    658,    659,    660,    658,    659,    660,    658, 
Latency interlock:       5118,   4838,   4838,   4838,   4838,   4838,   4838,   4838,   4838,   4838,   4838,   4838,   4838,   4838,   4838,   4838,   4838,   4838,   4838,   4838, 
Result: 1118e1282eefbc2345912b162a0ce0ad
Expected result: 1118e1282eefbc2345912b162a0ce0ad
Cycle counts:          311338,  92610,  92604,  92604,  92595,  92592,  92599,  92601,  92590,  92598,  92601,  92590,  92598,  92601,  92590,  92598,  92601,  92590,  92598,  92601, 
Load-use interlock:       650,    665,    662,    659,    659,    660,    659,    659,    659,    659,    659,    659,    659,    659,    659,    659,    659,    659,    659,    659, 
Latency interlock:       5118,   4838,   4838,   4838,   4838,   4838,   4838,   4838,   4838,   4838,   4838,   4838,   4838,   4838,   4838,   4838,   4838,   4838,   4838,   4838, 
Result: 8ba7148c58cd048cfe8f20424a7c3971
Expected result: 8ba7148c58cd048cfe8f20424a7c3971
Cycle counts:          311331,  95013,  92604,  92607,  92595,  92592,  92599,  92601,  92590,  92598,  92601,  92590,  92598,  92601,  92590,  92598,  92601,  92590,  92598,  92601, 
Load-use interlock:       655,    663,    663,    660,    660,    661,    660,    660,    660,    660,    660,    660,    660,    660,    660,    660,    660,    660,    660,    660, 
Latency interlock:       5118,   4838,   4838,   4838,   4838,   4838,   4838,   4838,   4838,   4838,   4838,   4838,   4838,   4838,   4838,   4838,   4838,   4838,   4838,   4838, 
Result: d2ca46ed868c56b31a8b61ad50d35db8
Expected result: d2ca46ed868c56b31a8b61ad50d35db8
Cycle counts:          311337,  92609,  92594,  92602,  92587,  92585,  92587,  92587,  92587,  92587,  92587,  92587,  92587,  92587,  92587,  92587,  92587,  92587,  92587,  92587, 
Load-use interlock:       654,    667,    663,    661,    659,    660,    660,    660,    660,    660,    660,    660,    660,    660,    660,    660,    660,    660,    660,    660, 
Latency interlock:       5118,   4838,   4838,   4838,   4838,   4838,   4838,   4838,   4838,   4838,   4838,   4838,   4838,   4838,   4838,   4838,   4838,   4838,   4838,   4838, 
Result: 44dae6efe51d5d51120f4e5dd85c46aa
Expected result: 44dae6efe51d5d51120f4e5dd85c46aa
Cycle counts:          311319,  95025,  92600,  92604,  92581,  92594,  92598,  92586,  92598,  92593,  92599,  92601,  92600,  92593,  92599,  92601,  92600,  92593,  92599,  92601, 
Load-use interlock:       648,    664,    663,    660,    660,    660,    659,    659,    659,    660,    659,    660,    658,    660,    659,    660,    658,    660,    659,    660, 
Latency interlock:       5118,   4838,   4838,   4838,   4838,   4838,   4838,   4838,   4838,   4838,   4838,   4838,   4838,   4838,   4838,   4838,   4838,   4838,   4838,   4838, 
Result: e5def03261f8b303cd266f34a789032b
Expected result: e5def03261f8b303cd266f34a789032b
Cycle counts:          311325,  92614,  92597,  92594,  92595,  92592,  92580,  92587,  92585,  92587,  92587,  92587,  92587,  92587,  92587,  92587,  92587,  92587,  92587,  92587, 
Load-use interlock:       655,    666,    663,    661,    658,    659,    660,    659,    660,    660,    660,    660,    660,    660,    660,    660,    660,    660,    660,    660, 
Latency interlock:       5118,   4838,   4838,   4838,   4838,   4838,   4838,   4838,   4838,   4838,   4838,   4838,   4838,   4838,   4838,   4838,   4838,   4838,   4838,   4838, 
Result: a70e834ff4901e065227374c0a9a6626
Expected result: a70e834ff4901e065227374c0a9a6626
Cycle counts:          311325,  95022,  92600,  92604,  92581,  92594,  92598,  92586,  92598,  92593,  92599,  92601,  92600,  92593,  92599,  92601,  92600,  92593,  92599,  92601, 
Load-use interlock:       648,    663,    663,    660,    660,    660,    659,    659,    659,    660,    659,    660,    658,    660,    659,    660,    658,    660,    659,    660, 
Latency interlock:       5118,   4838,   4838,   4838,   4838,   4838,   4838,   4838,   4838,   4838,   4838,   4838,   4838,   4838,   4838,   4838,   4838,   4838,   4838,   4838, 
Result: 2b4f1c915937a9823c71d785033d047b
Expected result: 2b4f1c915937a9823c71d785033d047b
Cycle counts:          311329,  92607,  92599,  92604,  92583,  92588,  92585,  92587,  92587,  92587,  92587,  92587,  92587,  92587,  92587,  92587,  92587,  92587,  92587,  92587, 
Load-use interlock:       654,    667,    662,    660,    660,    659,    660,    660,    660,    660,    660,    660,    660,    660,    660,    660,    660,    660,    660,    660, 
Latency interlock:       5118,   4838,   4838,   4838,   4838,   4838,   4838,   4838,   4838,   4838,   4838,   4838,   4838,   4838,   4838,   4838,   4838,   4838,   4838,   4838, 
Result: 4a6c313594f191098e9f0ad0c5d06c9c
Expected result: 4a6c313594f191098e9f0ad0c5d06c9c
Cycle counts:          311335,  95014,  92594,  92596,  92586,  92586,  92585,  92586,  92585,  92586,  92585,  92586,  92585,  92586,  92585,  92586,  92585,  92586,  92585,  92586, 
Load-use interlock:       655,    663,    663,    662,    661,    661,    661,    661,    661,    661,    661,    661,    661,    661,    661,    661,    661,    661,    661,    661, 
Latency interlock:       5118,   4838,   4838,   4838,   4838,   4838,   4838,   4838,   4838,   4838,   4838,   4838,   4838,   4838,   4838,   4838,   4838,   4838,   4838,   4838, 
Result: c350ed5d619850740ece4977c577fdc5
Expected result: c350ed5d619850740ece4977c577fdc5
Cycle counts:          311337,  92621,  92612,  92615,  92603,  92592,  92587,  92599,  92592,  92587,  92599,  92592,  92587,  92599,  92592,  92587,  92599,  92592,  92587,  92599, 
Load-use interlock:       653,    667,    665,    659,    658,    659,    660,    658,    659,    660,    658,    659,    660,    658,    659,    660,    658,    659,    660,    658, 
Latency interlock:       5118,   4838,   4838,   4838,   4838,   4838,   4838,   4838,   4838,   4838,   4838,   4838,   4838,   4838,   4838,   4838,   4838,   4838,   4838,   4838, 
Result: a37d1a6468a184393fdc7e9963204b15
Expected result: a37d1a6468a184393fdc7e9963204b15
Cycle counts:          311319,  95006,  92599,  92601,  92583,  92588,  92585,  92587,  92587,  92587,  92587,  92587,  92587,  92587,  92587,  92587,  92587,  92587,  92587,  92587, 
Load-use interlock:       650,    664,    662,    660,    660,    659,    660,    660,    660,    660,    660,    660,    660,    660,    660,    660,    660,    660,    660,    660, 
Latency interlock:       5118,   4838,   4838,   4838,   4838,   4838,   4838,   4838,   4838,   4838,   4838,   4838,   4838,   4838,   4838,   4838,   4838,   4838,   4838,   4838, 
Result: 24f2281efd583ca0fa36452f35c2dcfd
Expected result: 24f2281efd583ca0fa36452f35c2dcfd
Cycle counts:          311336,  92619,  92615,  92597,  92603,  92592,  92588,  92599,  92592,  92587,  92599,  92592,  92587,  92599,  92592,  92587,  92599,  92592,  92587,  92599, 
Load-use interlock:       657,    668,    663,    659,    658,    659,    660,    658,    659,    660,    658,    659,    660,    658,    659,    660,    658,    659,    660,    658, 
Latency interlock:       5118,   4838,   4838,   4838,   4838,   4838,   4838,   4838,   4838,   4838,   4838,   4838,   4838,   4838,   4838,   4838,   4838,   4838,   4838,   4838, 
Result: 69aeea2b33a093e388b5cdf2aaec150b
Expected result: 69aeea2b33a093e388b5cdf2aaec150b
Cycle counts:          311310,  95022,  92600,  92604,  92581,  92594,  92598,  92586,  92598,  92593,  92599,  92601,  92600,  92593,  92599,  92601,  92600,  92593,  92599,  92601, 
Load-use interlock:       648,    663,    663,    660,    660,    660,    659,    659,    659,    660,    659,    660,    658,    660,    659,    660,    658,    660,    659,    660, 
Latency interlock:       5118,   4838,   4838,   4838,   4838,   4838,   4838,   4838,   4838,   4838,   4838,   4838,   4838,   4838,   4838,   4838,   4838,   4838,   4838,   4838, 
Result: 4b6556083c11577eb9450bab483107d8
Expected result: 4b6556083c11577eb9450bab483107d8
Cycle counts:          311337,  95013,  92603,  92605,  92600,  92594,  92599,  92595,  92605,  92592,  92593,  92595,  92605,  92592,  92602,  92595,  92605,  92592,  92602,  92595, 
Load-use interlock:       654,    662,    662,    660,    659,    660,    658,    659,    659,    660,    658,    659,    659,    660,    658,    659,    659,    660,    658,    659, 
Latency interlock:       5118,   4838,   4838,   4838,   4838,   4838,   4838,   4838,   4838,   4838,   4838,   4838,   4838,   4838,   4838,   4838,   4838,   4838,   4838,   4838, 
Result: f341c03e642ec16d4e16d67fb3ca80b4
Expected result: f341c03e642ec16d4e16d67fb3ca80b4
Cycle counts:          311322,  92619,  92615,  92597,  92603,  92597,  92605,  92592,  92602,  92595,  92605,  92592,  92602,  92595,  92605,  92592,  92602,  92595,  92605,  92592, 
Load-use interlock:       658,    668,    663,    659,    658,    659,    659,    660,    658,    659,    659,    660,    658,    659,    659,    660,    658,    659,    659,    660, 
Latency interlock:       5118,   4838,   4838,   4838,   4838,   4838,   4838,   4838,   4838,   4838,   4838,   4838,   4838,   4838,   4838,   4838,   4838,   4838,   4838,   4838, 
Result: fd62b8a5353377855abec00e11a6a396
Expected result: fd62b8a5353377855abec00e11a6a396
Cycle counts:          311316,  95019,  92593,  92592,  92581,  92594,  92598,  92602,  92600,  92596,  92606,  92590,  92606,  92590,  92606,  92590,  92606,  92590,  92606,  92590, 
Load-use interlock:       648,    665,    663,    660,    660,    660,    659,    660,    658,    659,    659,    659,    659,    659,    659,    659,    659,    659,    659,    659, 
Latency interlock:       5118,   4838,   4838,   4838,   4838,   4838,   4838,   4838,   4838,   4838,   4838,   4838,   4838,   4838,   4838,   4838,   4838,   4838,   4838,   4838, 
Result: f686cffe62fa114731aa35b742c462df
Expected result: f686cffe62fa114731aa35b742c462df
Cycle counts:          311342,  92602,  92591,  92583,  92583,  92589,  92593,  92589,  92593,  92589,  92593,  92589,  92593,  92589,  92593,  92589,  92593,  92589,  92593,  92589, 
Load-use interlock:       655,    666,    663,    660,    660,    659,    660,    659,    660,    659,    660,    659,    660,    659,    660,    659,    660,    659,    660,    659, 
Latency interlock:       5118,   4838,   4838,   4838,   4838,   4838,   4838,   4838,   4838,   4838,   4838,   4838,   4838,   4838,   4838,   4838,   4838,   4838,   4838,   4838, 
Result: 46ee3dd5cd1fc531f1c64ca74f625f94
Expected result: 46ee3dd5cd1fc531f1c64ca74f625f94
Cycle counts:          311332,  95006,  92596,  92603,  92588,  92591,  92600,  92591,  92600,  92591,  92600,  92591,  92600,  92591,  92600,  92591,  92600,  92591,  92600,  92591, 
Load-use interlock:       655,    664,    663,    662,    660,    661,    660,    661,    660,    661,    660,    661,    660,    661,    660,    661,    660,    661,    660,    661, 
Latency interlock:       5118,   4838,   4838,   4838,   4838,   4838,   4838,   4838,   4838,   4838,   4838,   4838,   4838,   4838,   4838,   4838,   4838,   4838,   4838,   4838, 
Result: a103ab758bf7ba71df0e0e85824e752e
Expected result: a103ab758bf7ba71df0e0e85824e752e
Cycle counts:          311332,  92605,  92586,  92604,  92583,  92589,  92593,  92589,  92593,  92589,  92593,  92589,  92593,  92589,  92593,  92589,  92593,  92589,  92593,  92589, 
Load-use interlock:       654,    665,    662,    660,    660,    659,    660,    659,    660,    659,    660,    659,    660,    659,    660,    659,    660,    659,    660,    659, 
Latency interlock:       5118,   4838,   4838,   4838,   4838,   4838,   4838,   4838,   4838,   4838,   4838,   4838,   4838,   4838,   4838,   4838,   4838,   4838,   4838,   4838, 
Result: 64d3bcdb2a0f2af384135862c06b2b49
Expected result: 64d3bcdb2a0f2af384135862c06b2b49
Cycle counts:          311316,  95009,  92599,  92601,  92583,  92589,  92593,  92589,  92593,  92589,  92593,  92589,  92593,  92589,  92593,  92589,  92593,  92589,  92593,  92589, 
Load-use interlock:       649,    664,    662,    660,    660,    659,    660,    659,    660,    659,    660,    659,    660,    659,    660,    659,    660,    659,    660,    659, 
Latency interlock:       5118,   4838,   4838,   4838,   4838,   4838,   4838,   4838,   4838,   4838,   4838,   4838,   4838,   4838,   4838,   4838,   4838,   4838,   4838,   4838, 
Result: 03e403a1b26905be02af63cb92491945
Expected result: 03e403a1b26905be02af63cb92491945
Cycle counts:          311332,  92611,  92597,  92594,  92595,  92588,  92593,  92589,  92593,  92589,  92593,  92589,  92593,  92589,  92593,  92589,  92593,  92589,  92593,  92589, 
Load-use interlock:       655,    665,    663,    661,    658,    659,    660,    659,    660,    659,    660,    659,    660,    659,    660,    659,    660,    659,    660,    659, 
Latency interlock:       5118,   4838,   4838,   4838,   4838,   4838,   4838,   4838,   4838,   4838,   4838,   4838,   4838,   4838,   4838,   4838,   4838,   4838,   4838,   4838, 
Result: 43ccc20f5472be58689682ad727d6830
Expected result: 43ccc20f5472be58689682ad727d6830
