Cycle counts:          11717159, 10901627, 10862536, 10861054, 10890161, 10874720, 10911746, 10893627, 10906715, 10888606, 10905372, 10837626, 10831528, 10872954, 10895827, 10863277, 10886940, 10882634, 10883793, 10884831, 
Branch dir mis:            36,     25,     24,     24,     24,     24,     24,     24,     24,     24,     24,     24,     24,     24,     24,     24,     24,     24,     24,     24, 
Branch target mis:     30509,  30646,  30641,  30625,  30646,  30642,  30826,  30626,  30645,  30645,  30621,  30645,  30641,  30624,  30645,  30852,  31021,  30643,  30645,  30620, 
Result: dbe5f6af4eb6d9f94e4a95e4f2e4c4044c99da2857d5c4c5f75de0964921a00b
Expected result: dbe5f6af4eb6d9f94e4a95e4f2e4c4044c99da2857d5c4c5f75de0964921a00b
AT+CWMODE=0--> Send sync error 
Cycle counts:          11715862, 10901625, 10862525, 10861054, 10890161, 10874720, 10911746, 10893627, 10906715, 10888606, 10905372, 10837626, 10831528, 10872954, 10895827, 10863277, 10886940, 10882634, 10883793, 10884831, 
Branch dir mis:            41,     25,     25,     24,     24,     24,     24,     24,     24,     24,     24,     24,     24,     24,     24,     24,     24,     24,     24,     24, 
Branch target mis:     31217,  30646,  30641,  30625,  30646,  30642,  30826,  30626,  30645,  30645,  30621,  30645,  30641,  30624,  30645,  30852,  31021,  30643,  30645,  30620, 
Result: 49ff866354d14aa190c3e14c0701c9e3fedf4eca185c3f929b0b6de1f17a100b
Expected result: 49ff866354d14aa190c3e14c0701c9e3fedf4eca185c3f929b0b6de1f17a100b
Cycle counts:          11712706, 10901615, 10862536, 10861054, 10890161, 10874720, 10911746, 10893627, 10906715, 10888606, 10905372, 10837626, 10831528, 10872954, 10895827, 10863277, 10886940, 10882634, 10883793, 10884831, 
Branch dir mis:            39,     25,     24,     24,     24,     24,     24,     24,     24,     24,     24,     24,     24,     24,     24,     24,     24,     24,     24,     24, 
Branch target mis:     29433,  30642,  30641,  30625,  30646,  30642,  30826,  30626,  30645,  30645,  30621,  30645,  30641,  30624,  30645,  30852,  31021,  30643,  30645,  30620, 
Result: d2c76fde873de5d2ab7c43ab61a89ea2d34fdbd07079ff2e4f213511dd017361
Expected result: d2c76fde873de5d2ab7c43ab61a89ea2d34fdbd07079ff2e4f213511dd017361
Cycle counts:          11778556, 10929505, 10901685, 10893874, 10886093, 10896261, 10854527, 10858009, 10928031, 10882993, 10840727, 10927754, 10914947, 10863663, 10901913, 10848014, 10873622, 10832148, 10857300, 10917630, 
Branch dir mis:            39,     26,     24,     24,     24,     24,     24,     24,     24,     24,     24,     24,     24,     24,     24,     24,     24,     24,     24,     24, 
Branch target mis:     31207,  30642,  30905,  31021,  30621,  30645,  30624,  30646,  30626,  30620,  30645,  30625,  30642,  30641,  30642,  30621,  30901,  31021,  30643,  30641, 
Result: 6e79d6028567b2d8dabf9b896a0d737e9a6ec6997a18979e988117e1bb249a4b
Expected result: 6e79d6028567b2d8dabf9b896a0d737e9a6ec6997a18979e988117e1bb249a4b
Cycle counts:          11717119, 10901615, 10862536, 10861054, 10890161, 10874720, 10911746, 10893627, 10906715, 10888606, 10905372, 10837626, 10831528, 10872954, 10895827, 10863277, 10886940, 10882634, 10883793, 10884831, 
Branch dir mis:            40,     25,     24,     24,     24,     24,     24,     24,     24,     24,     24,     24,     24,     24,     24,     24,     24,     24,     24,     24, 
Branch target mis:     30496,  30642,  30641,  30625,  30646,  30642,  30826,  30626,  30645,  30645,  30621,  30645,  30641,  30624,  30645,  30852,  31021,  30643,  30645,  30620, 
Result: ee69c21e4fe3a4b4663c17a9d855ebf36a9f2ec26c61fe8539ee81b1483a6a79
Expected result: ee69c21e4fe3a4b4663c17a9d855ebf36a9f2ec26c61fe8539ee81b1483a6a79
Cycle counts:          11778560, 10929497, 10901674, 10893874, 10886093, 10896261, 10854527, 10858009, 10928031, 10882993, 10840727, 10927754, 10914947, 10863663, 10901913, 10848014, 10873622, 10832148, 10857300, 10917630, 
Branch dir mis:            38,     24,     25,     24,     24,     24,     24,     24,     24,     24,     24,     24,     24,     24,     24,     24,     24,     24,     24,     24, 
Branch target mis:     31213,  30642,  30905,  31021,  30621,  30645,  30624,  30646,  30626,  30620,  30645,  30625,  30642,  30641,  30642,  30621,  30901,  31021,  30643,  30641, 
Result: 7e863d6e8e42fd45349b0a7f193f94b61c58f618107e0a0261ddf8a60e93c361
Expected result: 7e863d6e8e42fd45349b0a7f193f94b61c58f618107e0a0261ddf8a60e93c361
Cycle counts:          11712715, 10901615, 10862536, 10861054, 10890161, 10874720, 10911746, 10893627, 10906715, 10888606, 10905372, 10837626, 10831528, 10872954, 10895827, 10863277, 10886940, 10882634, 10883793, 10884831, 
Branch dir mis:            40,     25,     24,     24,     24,     24,     24,     24,     24,     24,     24,     24,     24,     24,     24,     24,     24,     24,     24,     24, 
Branch target mis:     29435,  30642,  30641,  30625,  30646,  30642,  30826,  30626,  30645,  30645,  30621,  30645,  30641,  30624,  30645,  30852,  31021,  30643,  30645,  30620, 
Result: 86fefbee5c6c6b12d8e951d4a62899c2aa2ae461841e807a9e6bf87fcb62214d
Expected result: 86fefbee5c6c6b12d8e951d4a62899c2aa2ae461841e807a9e6bf87fcb62214d
Cycle counts:          11778558, 10929502, 10901685, 10893874, 10886093, 10896261, 10854527, 10858009, 10928031, 10882993, 10840727, 10927754, 10914947, 10863663, 10901913, 10848014, 10873622, 10832148, 10857300, 10917630, 
Branch dir mis:            40,     25,     24,     24,     24,     24,     24,     24,     24,     24,     24,     24,     24,     24,     24,     24,     24,     24,     24,     24, 
Branch target mis:     31207,  30642,  30905,  31021,  30621,  30645,  30624,  30646,  30626,  30620,  30645,  30625,  30642,  30641,  30642,  30621,  30901,  31021,  30643,  30641, 
Result: 5902099c02399ab35e18d83aa09bedbd4519ca896a5ac5e1416e927421306e6c
Expected result: 5902099c02399ab35e18d83aa09bedbd4519ca896a5ac5e1416e927421306e6c
Cycle counts:          11712718, 10901615, 10862536, 10861054, 10890161, 10874720, 10911746, 10893627, 10906715, 10888606, 10905372, 10837626, 10831528, 10872954, 10895827, 10863277, 10886940, 10882634, 10883793, 10884831, 
Branch dir mis:            41,     25,     24,     24,     24,     24,     24,     24,     24,     24,     24,     24,     24,     24,     24,     24,     24,     24,     24,     24, 
Branch target mis:     29435,  30642,  30641,  30625,  30646,  30642,  30826,  30626,  30645,  30645,  30621,  30645,  30641,  30624,  30645,  30852,  31021,  30643,  30645,  30620, 
Result: 07e66b7382a480ef38f8625b2a2056ffa5099fea0dae0f2ca33b40ea632bed0c
Expected result: 07e66b7382a480ef38f8625b2a2056ffa5099fea0dae0f2ca33b40ea632bed0c
Cycle counts:          11778555, 10929502, 10901685, 10893874, 10886093, 10896261, 10854527, 10858009, 10928031, 10882993, 10840727, 10927754, 10914947, 10863663, 10901913, 10848014, 10873622, 10832148, 10857300, 10917630, 
Branch dir mis:            39,     25,     24,     24,     24,     24,     24,     24,     24,     24,     24,     24,     24,     24,     24,     24,     24,     24,     24,     24, 
Branch target mis:     31207,  30642,  30905,  31021,  30621,  30645,  30624,  30646,  30626,  30620,  30645,  30625,  30642,  30641,  30642,  30621,  30901,  31021,  30643,  30641, 
Result: 3e5fadecfd63c9223ae68a9435b98f9f81611583b2d7f86f0cae9019c5dada77
Expected result: 3e5fadecfd63c9223ae68a9435b98f9f81611583b2d7f86f0cae9019c5dada77
Cycle counts:          11712724, 10894428, 10964369, 10966676, 10995737, 10980280, 11016749, 10999239, 11012274, 10994165, 11011007, 10943185, 10937107, 10978595, 11001386, 10968192, 10990775, 10988201, 10989352, 10965060, 
Branch dir mis:            42,     27,     24,     25,     24,     24,     24,     24,     24,     24,     24,     24,     24,     24,     24,     24,     24,     24,     24,     24, 
Branch target mis:     29435,  28337,  61925,  63413,  63417,  63409,  63440,  63411,  63410,  63410,  63414,  63410,  63413,  63418,  63410,  63443,  63413,  63411,  63410,  56110, 
Result: 8dad4ecd4be9d6ffac57448b9a035bfaad1467f5eba2e5ccea911ae2556b376a
Expected result: 8dad4ecd4be9d6ffac57448b9a035bfaad1467f5eba2e5ccea911ae2556b376a
Cycle counts:          11779674, 10929500, 10901674, 10893874, 10886093, 10896261, 10854527, 10858009, 10928031, 10882993, 10840727, 10927754, 10914947, 10863663, 10901913, 10848014, 10873622, 10832148, 10857300, 10917630, 
Branch dir mis:            39,     25,     25,     24,     24,     24,     24,     24,     24,     24,     24,     24,     24,     24,     24,     24,     24,     24,     24,     24, 
Branch target mis:     30445,  30642,  30905,  31021,  30621,  30645,  30624,  30646,  30626,  30620,  30645,  30625,  30642,  30641,  30642,  30621,  30901,  31021,  30643,  30641, 
Result: 2b57ea5ae0613c38dc4cebbf76a2343dddcfff80b36d62115c4b584d7d04242c
Expected result: 2b57ea5ae0613c38dc4cebbf76a2343dddcfff80b36d62115c4b584d7d04242c
Cycle counts:          11712718, 10901615, 10862536, 10861054, 10890161, 10874720, 10911746, 10893627, 10906715, 10888606, 10905372, 10837626, 10831528, 10872954, 10895827, 10863277, 10886940, 10882634, 10883793, 10884831, 
Branch dir mis:            41,     25,     24,     24,     24,     24,     24,     24,     24,     24,     24,     24,     24,     24,     24,     24,     24,     24,     24,     24, 
Branch target mis:     29435,  30642,  30641,  30625,  30646,  30642,  30826,  30626,  30645,  30645,  30621,  30645,  30641,  30624,  30645,  30852,  31021,  30643,  30645,  30620, 
Result: 0f0e49c77d2240b3a060cecf49faa9094cc01b09a3424c1647a3c4668a5e7d76
Expected result: 0f0e49c77d2240b3a060cecf49faa9094cc01b09a3424c1647a3c4668a5e7d76
Cycle counts:          11779674, 10929512, 10901674, 10893874, 10886093, 10896261, 10854527, 10858009, 10928031, 10882993, 10840727, 10927754, 10914947, 10863663, 10901913, 10848014, 10873622, 10832148, 10857300, 10917630, 
Branch dir mis:            39,     25,     25,     24,     24,     24,     24,     24,     24,     24,     24,     24,     24,     24,     24,     24,     24,     24,     24,     24, 
Branch target mis:     30445,  30646,  30905,  31021,  30621,  30645,  30624,  30646,  30626,  30620,  30645,  30625,  30642,  30641,  30642,  30621,  30901,  31021,  30643,  30641, 
Result: 21c1da12097cc82ca5e389f93f66650a22b4029ef1af220aff06ab4bdc332a34
Expected result: 21c1da12097cc82ca5e389f93f66650a22b4029ef1af220aff06ab4bdc332a34
Cycle counts:          11715825, 10901615, 10862536, 10861054, 10890161, 10874720, 10911746, 10893627, 10906715, 10888606, 10905372, 10837626, 10831528, 10872954, 10895827, 10863277, 10886940, 10882634, 10883793, 10884831, 
Branch dir mis:            41,     25,     24,     24,     24,     24,     24,     24,     24,     24,     24,     24,     24,     24,     24,     24,     24,     24,     24,     24, 
Branch target mis:     31203,  30642,  30641,  30625,  30646,  30642,  30826,  30626,  30645,  30645,  30621,  30645,  30641,  30624,  30645,  30852,  31021,  30643,  30645,  30620, 
Result: 2eb934f4d1fb697749836326839e34d1814b059f680d398f5700fe387e1f9776
Expected result: 2eb934f4d1fb697749836326839e34d1814b059f680d398f5700fe387e1f9776
Cycle counts:          11775276, 10929502, 10901685, 10893874, 10886093, 10896261, 10854527, 10858009, 10928031, 10882993, 10840727, 10927754, 10914947, 10863663, 10901913, 10848014, 10873622, 10832148, 10857300, 10917630, 
Branch dir mis:            40,     25,     24,     24,     24,     24,     24,     24,     24,     24,     24,     24,     24,     24,     24,     24,     24,     24,     24,     24, 
Branch target mis:     29383,  30642,  30905,  31021,  30621,  30645,  30624,  30646,  30626,  30620,  30645,  30625,  30642,  30641,  30642,  30621,  30901,  31021,  30643,  30641, 
Result: e47209dee0fb17b0e65639b0bf6ef22d6b31bd6eeff3adecffd569cdfbae5568
Expected result: e47209dee0fb17b0e65639b0bf6ef22d6b31bd6eeff3adecffd569cdfbae5568
Cycle counts:          11712718, 10901615, 10862536, 10861054, 10890161, 10874720, 10911746, 10893627, 10906715, 10888606, 10905372, 10837626, 10831528, 10872954, 10895827, 10863277, 10886940, 10882634, 10883793, 10884831, 
Branch dir mis:            41,     25,     24,     24,     24,     24,     24,     24,     24,     24,     24,     24,     24,     24,     24,     24,     24,     24,     24,     24, 
Branch target mis:     29435,  30642,  30641,  30625,  30646,  30642,  30826,  30626,  30645,  30645,  30621,  30645,  30641,  30624,  30645,  30852,  31021,  30643,  30645,  30620, 
Result: 7382935830d8af29a1e87dc6f76c764511a08fb99ccb9def3d223e8e1fa3a020
Expected result: 7382935830d8af29a1e87dc6f76c764511a08fb99ccb9def3d223e8e1fa3a020
Cycle counts:          11778562, 10929509, 10901674, 10893874, 10886093, 10896261, 10854527, 10858009, 10928031, 10882993, 10840727, 10927754, 10914947, 10863663, 10901913, 10848014, 10873622, 10832148, 10857300, 10917630, 
Branch dir mis:            41,     24,     25,     24,     24,     24,     24,     24,     24,     24,     24,     24,     24,     24,     24,     24,     24,     24,     24,     24, 
Branch target mis:     31207,  30646,  30905,  31021,  30621,  30645,  30624,  30646,  30626,  30620,  30645,  30625,  30642,  30641,  30642,  30621,  30901,  31021,  30643,  30641, 
Result: 7ae4dd3b929882fb5d13eb2e245a9824be02ae01a01539620d894954f7c3d939
Expected result: 7ae4dd3b929882fb5d13eb2e245a9824be02ae01a01539620d894954f7c3d939
Cycle counts:          11715824, 10901615, 10862536, 10861054, 10890161, 10874720, 10911746, 10893627, 10906715, 10888606, 10905372, 10837626, 10831528, 10872954, 10895827, 10863277, 10886940, 10882634, 10883793, 10884831, 
Branch dir mis:            40,     25,     24,     24,     24,     24,     24,     24,     24,     24,     24,     24,     24,     24,     24,     24,     24,     24,     24,     24, 
Branch target mis:     31203,  30642,  30641,  30625,  30646,  30642,  30826,  30626,  30645,  30645,  30621,  30645,  30641,  30624,  30645,  30852,  31021,  30643,  30645,  30620, 
Result: f54f1bffa68d94c89c01696d413862525cdcdd45b70425154e73c53e88a5d32c
Expected result: f54f1bffa68d94c89c01696d413862525cdcdd45b70425154e73c53e88a5d32c
Cycle counts:          11779674, 10929497, 10901674, 10893874, 10886093, 10896261, 10854527, 10858009, 10928031, 10882993, 10840727, 10927754, 10914947, 10863663, 10901913, 10848014, 10873622, 10832148, 10857300, 10917630, 
Branch dir mis:            39,     24,     25,     24,     24,     24,     24,     24,     24,     24,     24,     24,     24,     24,     24,     24,     24,     24,     24,     24, 
Branch target mis:     30445,  30642,  30905,  31021,  30621,  30645,  30624,  30646,  30626,  30620,  30645,  30625,  30642,  30641,  30642,  30621,  30901,  31021,  30643,  30641, 
Result: ab403fec53627ba63395160a471489ba03b161036db66d45d281e0763f665a08
Expected result: ab403fec53627ba63395160a471489ba03b161036db66d45d281e0763f665a08
Cycle counts:          11712722, 10901613, 10862525, 10861054, 10890161, 10874720, 10911746, 10893627, 10906715, 10888606, 10905372, 10837626, 10831528, 10872954, 10895827, 10863277, 10886940, 10882634, 10883793, 10884831, 
Branch dir mis:            41,     25,     25,     24,     24,     24,     24,     24,     24,     24,     24,     24,     24,     24,     24,     24,     24,     24,     24,     24, 
Branch target mis:     29435,  30642,  30641,  30625,  30646,  30642,  30826,  30626,  30645,  30645,  30621,  30645,  30641,  30624,  30645,  30852,  31021,  30643,  30645,  30620, 
Result: 9aaa8b234bf299b60adc54e5bff11632df6e9f7862320978ae45f1fcbc521a7b
Expected result: 9aaa8b234bf299b60adc54e5bff11632df6e9f7862320978ae45f1fcbc521a7b
Cycle counts:          11775277, 10929509, 10901674, 10893874, 10886093, 10896261, 10854527, 10858009, 10928031, 10882993, 10840727, 10927754, 10914947, 10863663, 10901913, 10848014, 10873622, 10832148, 10857300, 10917630, 
Branch dir mis:            40,     24,     25,     24,     24,     24,     24,     24,     24,     24,     24,     24,     24,     24,     24,     24,     24,     24,     24,     24, 
Branch target mis:     29383,  30646,  30905,  31021,  30621,  30645,  30624,  30646,  30626,  30620,  30645,  30625,  30642,  30641,  30642,  30621,  30901,  31021,  30643,  30641, 
Result: 1af3e6f6fc321248f3919147dbddbfb66109d4d1281a8fe0f6c660cd92c6dc7f
Expected result: 1af3e6f6fc321248f3919147dbddbfb66109d4d1281a8fe0f6c660cd92c6dc7f
Cycle counts:          11765468, 11069858, 10867410, 10926402, 10904040, 10887526, 10849378, 10899868, 10855958, 10889086, 10814730, 10883860, 10931801, 10845333, 10948393, 10873652, 10820811, 10879959, 10866509, 10857164, 
Branch dir mis:            42,     25,     25,     24,     24,     24,     24,     24,     24,     24,     24,     24,     24,     24,     24,     24,     24,     24,     24,     24, 
Branch target mis:     29448,  61880,  30621,  30646,  30645,  30624,  30645,  30625,  30624,  30620,  30621,  30624,  30646,  30624,  30856,  30625,  30905,  30646,  30646,  30645, 
Result: 06b44c61a83aafe2d7a28bdb82a4e10a2b99cc3d7b46a6668ad1cc467eec5c24
Expected result: 06b44c61a83aafe2d7a28bdb82a4e10a2b99cc3d7b46a6668ad1cc467eec5c24
Cycle counts:          11778558, 10929502, 10901685, 10893874, 10886093, 10896261, 10854527, 10858009, 10928031, 10882993, 10840727, 10927754, 10914947, 10863663, 10901913, 10848014, 10873622, 10832148, 10857300, 10917630, 
Branch dir mis:            39,     25,     24,     24,     24,     24,     24,     24,     24,     24,     24,     24,     24,     24,     24,     24,     24,     24,     24,     24, 
Branch target mis:     31207,  30642,  30905,  31021,  30621,  30645,  30624,  30646,  30626,  30620,  30645,  30625,  30642,  30641,  30642,  30621,  30901,  31021,  30643,  30641, 
Result: b2535d1fe5504d90aba4a7a5903f121fde6df0647e9ee1ce22b2996f44601f30
Expected result: b2535d1fe5504d90aba4a7a5903f121fde6df0647e9ee1ce22b2996f44601f30
Cycle counts:          11712718, 10901615, 10862536, 10861054, 10890161, 10874720, 10911746, 10893627, 10906715, 10888606, 10905372, 10837626, 10831528, 10872954, 10895827, 10863277, 10886940, 10882634, 10883793, 10884831, 
Branch dir mis:            41,     25,     24,     24,     24,     24,     24,     24,     24,     24,     24,     24,     24,     24,     24,     24,     24,     24,     24,     24, 
Branch target mis:     29435,  30642,  30641,  30625,  30646,  30642,  30826,  30626,  30645,  30645,  30621,  30645,  30641,  30624,  30645,  30852,  31021,  30643,  30645,  30620, 
Result: 0527412858ee4d28ec80b3c5544f3c8897fb817d1d22e935bc0a93e05806420f
Expected result: 0527412858ee4d28ec80b3c5544f3c8897fb817d1d22e935bc0a93e05806420f
Cycle counts:          11778555, 10929502, 10901685, 10893874, 10886093, 10896261, 10854527, 10858009, 10928031, 10882993, 10840727, 10927754, 10914947, 10863663, 10901913, 10848014, 10873622, 10832148, 10857300, 10917630, 
Branch dir mis:            39,     25,     24,     24,     24,     24,     24,     24,     24,     24,     24,     24,     24,     24,     24,     24,     24,     24,     24,     24, 
Branch target mis:     31207,  30642,  30905,  31021,  30621,  30645,  30624,  30646,  30626,  30620,  30645,  30625,  30642,  30641,  30642,  30621,  30901,  31021,  30643,  30641, 
Result: 654389167d7eefd2c5ae8b60c689ae54f76ca857af1eb0332994d2ba3208b640
Expected result: 654389167d7eefd2c5ae8b60c689ae54f76ca857af1eb0332994d2ba3208b640
Cycle counts:          11715824, 10901615, 10862536, 10861054, 10890161, 10874720, 10911746, 10893627, 10906715, 10888606, 10905372, 10837626, 10831528, 10872954, 10895827, 10863277, 10886940, 10882634, 10883793, 10884831, 
Branch dir mis:            40,     25,     24,     24,     24,     24,     24,     24,     24,     24,     24,     24,     24,     24,     24,     24,     24,     24,     24,     24, 
Branch target mis:     31203,  30642,  30641,  30625,  30646,  30642,  30826,  30626,  30645,  30645,  30621,  30645,  30641,  30624,  30645,  30852,  31021,  30643,  30645,  30620, 
Result: 1dc13d34f1ce8f5880672754da3cef228ba19e557ec0edb6396489d75429fd2b
Expected result: 1dc13d34f1ce8f5880672754da3cef228ba19e557ec0edb6396489d75429fd2b
Cycle counts:          11778555, 10929502, 10901685, 10893874, 10886093, 10896261, 10854527, 10858009, 10928031, 10882993, 10840727, 10927754, 10914947, 10863663, 10901913, 10848014, 10873622, 10832148, 10857300, 10917630, 
Branch dir mis:            39,     25,     24,     24,     24,     24,     24,     24,     24,     24,     24,     24,     24,     24,     24,     24,     24,     24,     24,     24, 
Branch target mis:     31207,  30642,  30905,  31021,  30621,  30645,  30624,  30646,  30626,  30620,  30645,  30625,  30642,  30641,  30642,  30621,  30901,  31021,  30643,  30641, 
Result: c2ab5daf6cb6610f813ecf4d79b4db02bd794214fc14bf06c6040fd7354a0b4a
Expected result: c2ab5daf6cb6610f813ecf4d79b4db02bd794214fc14bf06c6040fd7354a0b4a
Cycle counts:          11717123, 10901622, 10862525, 10861054, 10890161, 10874720, 10911746, 10893627, 10906715, 10888606, 10905372, 10837626, 10831528, 10872954, 10895827, 10863277, 10886940, 10882634, 10883793, 10884831, 
Branch dir mis:            41,     24,     25,     24,     24,     24,     24,     24,     24,     24,     24,     24,     24,     24,     24,     24,     24,     24,     24,     24, 
Branch target mis:     30496,  30646,  30641,  30625,  30646,  30642,  30826,  30626,  30645,  30645,  30621,  30645,  30641,  30624,  30645,  30852,  31021,  30643,  30645,  30620, 
Result: 47d20b32acb04b0e87b3b14b0db3ccf6276bbb50123a9067585055543674b52d
Expected result: 47d20b32acb04b0e87b3b14b0db3ccf6276bbb50123a9067585055543674b52d
Cycle counts:          11778555, 10929502, 10901685, 10893874, 10886093, 10896261, 10854527, 10858009, 10928031, 10882993, 10840727, 10927754, 10914947, 10863663, 10901913, 10848014, 10873622, 10832148, 10857300, 10917630, 
Branch dir mis:            39,     25,     24,     24,     24,     24,     24,     24,     24,     24,     24,     24,     24,     24,     24,     24,     24,     24,     24,     24, 
Branch target mis:     31207,  30642,  30905,  31021,  30621,  30645,  30624,  30646,  30626,  30620,  30645,  30625,  30642,  30641,  30642,  30621,  30901,  31021,  30643,  30641, 
Result: ac9e75a65e0584825f9dbbf9a183ffaeb52801d84323ceb3c9905e5c5b02da12
Expected result: ac9e75a65e0584825f9dbbf9a183ffaeb52801d84323ceb3c9905e5c5b02da12
Cycle counts:          11715824, 10901615, 10862536, 10861054, 10890161, 10874720, 10911746, 10893627, 10906715, 10888606, 10905372, 10837626, 10831528, 10872954, 10895827, 10863277, 10886940, 10882634, 10883793, 10884831, 
Branch dir mis:            40,     25,     24,     24,     24,     24,     24,     24,     24,     24,     24,     24,     24,     24,     24,     24,     24,     24,     24,     24, 
Branch target mis:     31203,  30642,  30641,  30625,  30646,  30642,  30826,  30626,  30645,  30645,  30621,  30645,  30641,  30624,  30645,  30852,  31021,  30643,  30645,  30620, 
Result: fcb7ef52e49f8f349da4c664e47d62f11dfdbe30a6cc4fa40a606a3d7b73873d
Expected result: fcb7ef52e49f8f349da4c664e47d62f11dfdbe30a6cc4fa40a606a3d7b73873d
Cycle counts:          11778555, 10929502, 10901685, 10893874, 10886093, 10896261, 10854527, 10858009, 10928031, 10882993, 10840727, 10927754, 10914947, 10863663, 10901913, 10848014, 10873622, 10832148, 10857300, 10917630, 
Branch dir mis:            39,     25,     24,     24,     24,     24,     24,     24,     24,     24,     24,     24,     24,     24,     24,     24,     24,     24,     24,     24, 
Branch target mis:     31207,  30642,  30905,  31021,  30621,  30645,  30624,  30646,  30626,  30620,  30645,  30625,  30642,  30641,  30642,  30621,  30901,  31021,  30643,  30641, 
Result: dad85d3149ddc550dfce258ddba9949d3b9146f7456483e71227709f1b5edc6a
Expected result: dad85d3149ddc550dfce258ddba9949d3b9146f7456483e71227709f1b5edc6a
Cycle counts:          11715821, 10901615, 10862536, 10861054, 10890161, 10874720, 10911746, 10893627, 10906715, 10888606, 10905372, 10837626, 10831528, 10872954, 10895827, 10863277, 10886940, 10882634, 10883793, 10884831, 
Branch dir mis:            40,     25,     24,     24,     24,     24,     24,     24,     24,     24,     24,     24,     24,     24,     24,     24,     24,     24,     24,     24, 
Branch target mis:     31203,  30642,  30641,  30625,  30646,  30642,  30826,  30626,  30645,  30645,  30621,  30645,  30641,  30624,  30645,  30852,  31021,  30643,  30645,  30620, 
Result: 9b70a5c6b736a8dbb17ba923e11995d4c382d3e024ffaabd3bd40cb7d608435e
Expected result: 9b70a5c6b736a8dbb17ba923e11995d4c382d3e024ffaabd3bd40cb7d608435e
Cycle counts:          11775280, 10929497, 10901677, 10893874, 10886093, 10896261, 10854527, 10858009, 10928031, 10882993, 10840727, 10927754, 10914947, 10863663, 10901913, 10848014, 10873622, 10832148, 10857300, 10917630, 
Branch dir mis:            40,     24,     26,     24,     24,     24,     24,     24,     24,     24,     24,     24,     24,     24,     24,     24,     24,     24,     24,     24, 
Branch target mis:     29383,  30642,  30905,  31021,  30621,  30645,  30624,  30646,  30626,  30620,  30645,  30625,  30642,  30641,  30642,  30621,  30901,  31021,  30643,  30641, 
Result: 2a3756eb9afa25c5a0c612a82e530677d454754ccaac7eaeec46069f1216d001
Expected result: 2a3756eb9afa25c5a0c612a82e530677d454754ccaac7eaeec46069f1216d001
Cycle counts:          11712715, 10901615, 10862536, 10861054, 10890161, 10874720, 10911746, 10893627, 10906715, 10888606, 10905372, 10837626, 10831528, 10872954, 10895827, 10863277, 10886940, 10882634, 10883793, 10884831, 
Branch dir mis:            40,     25,     24,     24,     24,     24,     24,     24,     24,     24,     24,     24,     24,     24,     24,     24,     24,     24,     24,     24, 
Branch target mis:     29435,  30642,  30641,  30625,  30646,  30642,  30826,  30626,  30645,  30645,  30621,  30645,  30641,  30624,  30645,  30852,  31021,  30643,  30645,  30620, 
Result: 1debeda27d435f6b8595a256efbc0d96c363a4704365668c8605f224b56a8d11
Expected result: 1debeda27d435f6b8595a256efbc0d96c363a4704365668c8605f224b56a8d11
Cycle counts:          11778556, 10929505, 10901685, 10893874, 10886093, 10896261, 10854527, 10858009, 10928031, 10882993, 10840727, 10927754, 10914947, 10863663, 10901913, 10848014, 10873622, 10832148, 10857300, 10917630, 
Branch dir mis:            38,     26,     24,     24,     24,     24,     24,     24,     24,     24,     24,     24,     24,     24,     24,     24,     24,     24,     24,     24, 
Branch target mis:     31207,  30642,  30905,  31021,  30621,  30645,  30624,  30646,  30626,  30620,  30645,  30625,  30642,  30641,  30642,  30621,  30901,  31021,  30643,  30641, 
Result: c938932bc903ef3c8baa8be3c90e718df5527d2574911dd1e991f7f70ad8ac2f
Expected result: c938932bc903ef3c8baa8be3c90e718df5527d2574911dd1e991f7f70ad8ac2f
Cycle counts:          11712715, 10901615, 10862536, 10861054, 10890161, 10874720, 10911746, 10893627, 10906715, 10888606, 10905372, 10837626, 10831528, 10872954, 10895827, 10863277, 10886940, 10882634, 10883793, 10884831, 
Branch dir mis:            40,     25,     24,     24,     24,     24,     24,     24,     24,     24,     24,     24,     24,     24,     24,     24,     24,     24,     24,     24, 
Branch target mis:     29435,  30642,  30641,  30625,  30646,  30642,  30826,  30626,  30645,  30645,  30621,  30645,  30641,  30624,  30645,  30852,  31021,  30643,  30645,  30620, 
Result: 70c2b124d7e7dd450ca29280023ea78d59d17b0cfe5fd0bb429a5de8931f7803
Expected result: 70c2b124d7e7dd450ca29280023ea78d59d17b0cfe5fd0bb429a5de8931f7803
Cycle counts:          11775268, 10929505, 10901685, 10893874, 10886093, 10896261, 10854527, 10858009, 10928031, 10882993, 10840727, 10927754, 10914947, 10863663, 10901913, 10848014, 10873622, 10832148, 10857300, 10917630, 
Branch dir mis:            37,     26,     24,     24,     24,     24,     24,     24,     24,     24,     24,     24,     24,     24,     24,     24,     24,     24,     24,     24, 
Branch target mis:     29383,  30642,  30905,  31021,  30621,  30645,  30624,  30646,  30626,  30620,  30645,  30625,  30642,  30641,  30642,  30621,  30901,  31021,  30643,  30641, 
Result: b4fdd88c49d5f9b1c9a51f6cd4a73be0d856de0ecc23da9539d88a394b45a10e
Expected result: b4fdd88c49d5f9b1c9a51f6cd4a73be0d856de0ecc23da9539d88a394b45a10e
Cycle counts:          11712722, 10901622, 10862525, 10861054, 10890161, 10874720, 10911746, 10893627, 10906715, 10888606, 10905372, 10837626, 10831528, 10872954, 10895827, 10863277, 10886940, 10882634, 10883793, 10884831, 
Branch dir mis:            42,     24,     25,     24,     24,     24,     24,     24,     24,     24,     24,     24,     24,     24,     24,     24,     24,     24,     24,     24, 
Branch target mis:     29435,  30646,  30641,  30625,  30646,  30642,  30826,  30626,  30645,  30645,  30621,  30645,  30641,  30624,  30645,  30852,  31021,  30643,  30645,  30620, 
Result: b6f1bc46ccb7fe4be8b697f95c96781958087fa62def0eaa34c44e7aa8125c22
Expected result: b6f1bc46ccb7fe4be8b697f95c96781958087fa62def0eaa34c44e7aa8125c22
Cycle counts:          11778555, 10929502, 10901685, 10893874, 10886093, 10896261, 10854527, 10858009, 10928031, 10882993, 10840727, 10927754, 10914947, 10863663, 10901913, 10848014, 10873622, 10832148, 10857300, 10917630, 
Branch dir mis:            39,     25,     24,     24,     24,     24,     24,     24,     24,     24,     24,     24,     24,     24,     24,     24,     24,     24,     24,     24, 
Branch target mis:     31207,  30642,  30905,  31021,  30621,  30645,  30624,  30646,  30626,  30620,  30645,  30625,  30642,  30641,  30642,  30621,  30901,  31021,  30643,  30641, 
Result: db1dc7df95211a207ffa0d65630e5d6e574de980fc5e8bfd9b657a6b3a3ca243
Expected result: db1dc7df95211a207ffa0d65630e5d6e574de980fc5e8bfd9b657a6b3a3ca243
Cycle counts:          11715824, 10901615, 10862536, 10861054, 10890161, 10874720, 10911746, 10893627, 10906715, 10888606, 10905372, 10837626, 10831528, 10872954, 10895827, 10863277, 10886940, 10882634, 10883793, 10884831, 
Branch dir mis:            40,     25,     24,     24,     24,     24,     24,     24,     24,     24,     24,     24,     24,     24,     24,     24,     24,     24,     24,     24, 
Branch target mis:     31203,  30642,  30641,  30625,  30646,  30642,  30826,  30626,  30645,  30645,  30621,  30645,  30641,  30624,  30645,  30852,  31021,  30643,  30645,  30620, 
Result: 8b6f8480fe17f0b5ab324c885129ec0fc68b27e9b844b1041f59eff5c26f9f43
Expected result: 8b6f8480fe17f0b5ab324c885129ec0fc68b27e9b844b1041f59eff5c26f9f43
Cycle counts:          11775273, 10929502, 10901685, 10893874, 10886093, 10896261, 10854527, 10858009, 10928031, 10882993, 10840727, 10927754, 10914947, 10863663, 10901913, 10848014, 10873622, 10832148, 10857300, 10917630, 
Branch dir mis:            39,     25,     24,     24,     24,     24,     24,     24,     24,     24,     24,     24,     24,     24,     24,     24,     24,     24,     24,     24, 
Branch target mis:     29383,  30642,  30905,  31021,  30621,  30645,  30624,  30646,  30626,  30620,  30645,  30625,  30642,  30641,  30642,  30621,  30901,  31021,  30643,  30641, 
Result: 1329978eea00c28331df6012e03ca84257fa2ca00116c70b962f96a5e8ee7740
Expected result: 1329978eea00c28331df6012e03ca84257fa2ca00116c70b962f96a5e8ee7740
Cycle counts:          11712715, 10901615, 10862536, 10861054, 10890161, 10874720, 10911746, 10893627, 10906715, 10888606, 10905372, 10837626, 10831528, 10872954, 10895827, 10863277, 10886940, 10882634, 10883793, 10884831, 
Branch dir mis:            40,     25,     24,     24,     24,     24,     24,     24,     24,     24,     24,     24,     24,     24,     24,     24,     24,     24,     24,     24, 
Branch target mis:     29435,  30642,  30641,  30625,  30646,  30642,  30826,  30626,  30645,  30645,  30621,  30645,  30641,  30624,  30645,  30852,  31021,  30643,  30645,  30620, 
Result: ae6d941fa1de288fddb4f331bf8e3dbf1191f3c5b7530df5361bce7420a4d60d
Expected result: ae6d941fa1de288fddb4f331bf8e3dbf1191f3c5b7530df5361bce7420a4d60d
Cycle counts:          11779674, 10929500, 10901674, 10893874, 10886093, 10896261, 10854527, 10858009, 10928031, 10882993, 10840727, 10927754, 10914947, 10863663, 10901913, 10848014, 10873622, 10832148, 10857300, 10917630, 
Branch dir mis:            39,     25,     25,     24,     24,     24,     24,     24,     24,     24,     24,     24,     24,     24,     24,     24,     24,     24,     24,     24, 
Branch target mis:     30445,  30642,  30905,  31021,  30621,  30645,  30624,  30646,  30626,  30620,  30645,  30625,  30642,  30641,  30642,  30621,  30901,  31021,  30643,  30641, 
Result: 9fc5ac1387dd9974a8068464dec477f3677ad247aad387ea73ca27c238b11f11
Expected result: 9fc5ac1387dd9974a8068464dec477f3677ad247aad387ea73ca27c238b11f11
Cycle counts:          11712718, 10901615, 10862536, 10861054, 10890161, 10874720, 10911746, 10893627, 10906715, 10888606, 10905372, 10837626, 10831528, 10872954, 10895827, 10863277, 10886940, 10882634, 10883793, 10884831, 
Branch dir mis:            41,     25,     24,     24,     24,     24,     24,     24,     24,     24,     24,     24,     24,     24,     24,     24,     24,     24,     24,     24, 
Branch target mis:     29435,  30642,  30641,  30625,  30646,  30642,  30826,  30626,  30645,  30645,  30621,  30645,  30641,  30624,  30645,  30852,  31021,  30643,  30645,  30620, 
Result: d01786342df373a47d51e2a9e47db31e9580e3281191cd3332bd12c8ef6dd328
Expected result: d01786342df373a47d51e2a9e47db31e9580e3281191cd3332bd12c8ef6dd328
ATE0-->Receive Length Timed Out Busy
got recv error AT+BLEINIT=0-->OK
Cycle counts:          11756552, 10991109, 10840871, 10907219, 10838243, 10918920, 10856318, 10851684, 10939019, 10883066, 10848528, 10890220, 10849142, 10912675, 10881668, 10824871, 10888811, 10867706, 10893617, 10865795, 
Branch dir mis:            41,     25,     24,     24,     24,     24,     24,     24,     24,     24,     24,     24,     24,     24,     24,     24,     24,     24,     24,     24, 
Branch target mis:     29452,  29053,  30643,  30625,  30624,  30645,  30645,  30820,  30647,  30642,  30641,  30625,  30621,  30646,  30645,  30645,  30624,  30620,  30621,  30645, 
Result: 35351fa720da93ee93bb5cf589912c40afecd6a66d07295f0d8f50cdcfef1f0c
Expected result: 35351fa720da93ee93bb5cf589912c40afecd6a66d07295f0d8f50cdcfef1f0c
Cycle counts:          11712713, 10901610, 10862525, 10861054, 10890161, 10874720, 10911746, 10893627, 10906715, 10888606, 10905372, 10837626, 10831528, 10872954, 10895827, 10863277, 10886940, 10882634, 10883793, 10884831, 
Branch dir mis:            40,     24,     25,     24,     24,     24,     24,     24,     24,     24,     24,     24,     24,     24,     24,     24,     24,     24,     24,     24, 
Branch target mis:     29433,  30642,  30641,  30625,  30646,  30642,  30826,  30626,  30645,  30645,  30621,  30645,  30641,  30624,  30645,  30852,  31021,  30643,  30645,  30620, 
Result: 138591ef1a6b1cb3468465d060da06a344194d6df9f6f621b8a291c6cf461d56
Expected result: 138591ef1a6b1cb3468465d060da06a344194d6df9f6f621b8a291c6cf461d56
Cycle counts:          11778555, 10929502, 10901685, 10893874, 10886093, 10896261, 10854527, 10858009, 10928031, 10882993, 10840727, 10927754, 10914947, 10863663, 10901913, 10848014, 10873622, 10832148, 10857300, 10917630, 
Branch dir mis:            39,     25,     24,     24,     24,     24,     24,     24,     24,     24,     24,     24,     24,     24,     24,     24,     24,     24,     24,     24, 
Branch target mis:     31207,  30642,  30905,  31021,  30621,  30645,  30624,  30646,  30626,  30620,  30645,  30625,  30642,  30641,  30642,  30621,  30901,  31021,  30643,  30641, 
Result: 90ce544561587aa374b77e87dfd4a43c07f92783344d1e3b11de1041b783d473
Expected result: 90ce544561587aa374b77e87dfd4a43c07f92783344d1e3b11de1041b783d473
Cycle counts:          11712719, 10901610, 10862525, 10861054, 10890161, 10874720, 10911746, 10893627, 10906715, 10888606, 10905372, 10837626, 10831528, 10872954, 10895827, 10863277, 10886940, 10882634, 10883793, 10884831, 
Branch dir mis:            41,     24,     25,     24,     24,     24,     24,     24,     24,     24,     24,     24,     24,     24,     24,     24,     24,     24,     24,     24, 
Branch target mis:     29435,  30642,  30641,  30625,  30646,  30642,  30826,  30626,  30645,  30645,  30621,  30645,  30641,  30624,  30645,  30852,  31021,  30643,  30645,  30620, 
Result: 09d166df300d0b3d8329999ce594f6658163952a8947518756f5c6827a7dfa71
Expected result: 09d166df300d0b3d8329999ce594f6658163952a8947518756f5c6827a7dfa71
Cycle counts:          11778559, 10929509, 10901674, 10893874, 10886093, 10896261, 10854527, 10858009, 10928031, 10882993, 10840727, 10927754, 10914947, 10863663, 10901913, 10848014, 10873622, 10832148, 10857300, 10917630, 
Branch dir mis:            40,     24,     25,     24,     24,     24,     24,     24,     24,     24,     24,     24,     24,     24,     24,     24,     24,     24,     24,     24, 
Branch target mis:     31207,  30646,  30905,  31021,  30621,  30645,  30624,  30646,  30626,  30620,  30645,  30625,  30642,  30641,  30642,  30621,  30901,  31021,  30643,  30641, 
Result: cef9c7b137e8abcf438e72b448ebb7234cdb7b6a14ee720c26f3cc0a42c89656
Expected result: cef9c7b137e8abcf438e72b448ebb7234cdb7b6a14ee720c26f3cc0a42c89656
Cycle counts:          11715828, 10901615, 10862536, 10861054, 10890161, 10874720, 10911746, 10893627, 10906715, 10888606, 10905372, 10837626, 10831528, 10872954, 10895827, 10863277, 10886940, 10882634, 10883793, 10884831, 
Branch dir mis:            41,     25,     24,     24,     24,     24,     24,     24,     24,     24,     24,     24,     24,     24,     24,     24,     24,     24,     24,     24, 
Branch target mis:     31203,  30642,  30641,  30625,  30646,  30642,  30826,  30626,  30645,  30645,  30621,  30645,  30641,  30624,  30645,  30852,  31021,  30643,  30645,  30620, 
Result: 5d5bd4212553d9a2b9a7970e3f78b10ab6b53d6b1c17b8ec657c4a6b2f3da312
Expected result: 5d5bd4212553d9a2b9a7970e3f78b10ab6b53d6b1c17b8ec657c4a6b2f3da312
Cycle counts:          11779674, 10929497, 10901674, 10893874, 10886093, 10896261, 10854527, 10858009, 10928031, 10882993, 10840727, 10927754, 10914947, 10863663, 10901913, 10848014, 10873622, 10832148, 10857300, 10917630, 
Branch dir mis:            39,     24,     25,     24,     24,     24,     24,     24,     24,     24,     24,     24,     24,     24,     24,     24,     24,     24,     24,     24, 
Branch target mis:     30445,  30642,  30905,  31021,  30621,  30645,  30624,  30646,  30626,  30620,  30645,  30625,  30642,  30641,  30642,  30621,  30901,  31021,  30643,  30641, 
Result: 5a66dc32fd03b153c9170ee0487336e5ff7fafef4a04239faab20292a745be48
Expected result: 5a66dc32fd03b153c9170ee0487336e5ff7fafef4a04239faab20292a745be48
Cycle counts:          11715824, 10901615, 10862536, 10861054, 10890161, 10874720, 10911746, 10893627, 10906715, 10888606, 10905372, 10837626, 10831528, 10872954, 10895827, 10863277, 10886940, 10882634, 10883793, 10884831, 
Branch dir mis:            41,     25,     24,     24,     24,     24,     24,     24,     24,     24,     24,     24,     24,     24,     24,     24,     24,     24,     24,     24, 
Branch target mis:     31203,  30642,  30641,  30625,  30646,  30642,  30826,  30626,  30645,  30645,  30621,  30645,  30641,  30624,  30645,  30852,  31021,  30643,  30645,  30620, 
Result: 1c77b36afd176e15d6f3fd510d727b68afaa3287aa044c1250256038ee81c023
Expected result: 1c77b36afd176e15d6f3fd510d727b68afaa3287aa044c1250256038ee81c023
Cycle counts:          11779674, 10929497, 10901674, 10893874, 10886093, 10896261, 10854527, 10858009, 10928031, 10882993, 10840727, 10927754, 10914947, 10863663, 10901913, 10848014, 10873622, 10832148, 10857300, 10917630, 
Branch dir mis:            39,     24,     25,     24,     24,     24,     24,     24,     24,     24,     24,     24,     24,     24,     24,     24,     24,     24,     24,     24, 
Branch target mis:     30445,  30642,  30905,  31021,  30621,  30645,  30624,  30646,  30626,  30620,  30645,  30625,  30642,  30641,  30642,  30621,  30901,  31021,  30643,  30641, 
Result: e9642933ea5c4e57e7e0be6a9751f11d1858a585173f13737baea6c4c28a465d
Expected result: e9642933ea5c4e57e7e0be6a9751f11d1858a585173f13737baea6c4c28a465d
Cycle counts:          11712718, 10901615, 10862536, 10861054, 10890161, 10874720, 10911746, 10893627, 10906715, 10888606, 10905372, 10837626, 10831528, 10872954, 10895827, 10863277, 10886940, 10882634, 10883793, 10884831, 
Branch dir mis:            41,     25,     24,     24,     24,     24,     24,     24,     24,     24,     24,     24,     24,     24,     24,     24,     24,     24,     24,     24, 
Branch target mis:     29435,  30642,  30641,  30625,  30646,  30642,  30826,  30626,  30645,  30645,  30621,  30645,  30641,  30624,  30645,  30852,  31021,  30643,  30645,  30620, 
Result: ce16c83aef145c73c609cffe35cc7dbfa266024f0f893d82097384dd0e6b7438
Expected result: ce16c83aef145c73c609cffe35cc7dbfa266024f0f893d82097384dd0e6b7438
Cycle counts:          11778562, 10929509, 10901674, 10893874, 10886093, 10896261, 10854527, 10858009, 10928031, 10882993, 10840727, 10927754, 10914947, 10863663, 10901913, 10848014, 10873622, 10832148, 10857300, 10917630, 
Branch dir mis:            41,     24,     25,     24,     24,     24,     24,     24,     24,     24,     24,     24,     24,     24,     24,     24,     24,     24,     24,     24, 
Branch target mis:     31207,  30646,  30905,  31021,  30621,  30645,  30624,  30646,  30626,  30620,  30645,  30625,  30642,  30641,  30642,  30621,  30901,  31021,  30643,  30641, 
Result: 9fae05804cb7df3693b955473154423afbee58cce2c0401d1e7386efb17a3144
Expected result: 9fae05804cb7df3693b955473154423afbee58cce2c0401d1e7386efb17a3144
Cycle counts:          11712718, 10901615, 10862536, 10861054, 10890161, 10874720, 10911746, 10893627, 10906715, 10888606, 10905372, 10837626, 10831528, 10872954, 10895827, 10863277, 10886940, 10882634, 10883793, 10884831, 
Branch dir mis:            41,     25,     24,     24,     24,     24,     24,     24,     24,     24,     24,     24,     24,     24,     24,     24,     24,     24,     24,     24, 
Branch target mis:     29435,  30642,  30641,  30625,  30646,  30642,  30826,  30626,  30645,  30645,  30621,  30645,  30641,  30624,  30645,  30852,  31021,  30643,  30645,  30620, 
Result: 8c887dd9622fc5a3f13b94134f2103a8370ee61f7c1ab2ee957cb4ea52d4f55f
Expected result: 8c887dd9622fc5a3f13b94134f2103a8370ee61f7c1ab2ee957cb4ea52d4f55f
got recv error AT+CWMODE=0-->OK
Cycle counts:          11756549, 11098746, 10840855, 10907219, 10838243, 10918920, 10856318, 10851684, 10939019, 10883066, 10848528, 10890220, 10849142, 10912675, 10881668, 10824871, 10888811, 10867706, 10893617, 10865795, 
Branch dir mis:            40,     26,     24,     24,     24,     24,     24,     24,     24,     24,     24,     24,     24,     24,     24,     24,     24,     24,     24,     24, 
Branch target mis:     29452,  62986,  30643,  30625,  30624,  30645,  30645,  30820,  30647,  30642,  30641,  30625,  30621,  30646,  30645,  30645,  30624,  30620,  30621,  30645, 
Result: cad1830f2e5e954899158ef17c4e6f2a75a091466b42d96d50ec5884ba7c125f
Expected result: cad1830f2e5e954899158ef17c4e6f2a75a091466b42d96d50ec5884ba7c125f
Cycle counts:          11715822, 10901610, 10862525, 10861054, 10890161, 10874720, 10911746, 10893627, 10906715, 10888606, 10905372, 10837626, 10831528, 10872954, 10895827, 10863277, 10886940, 10882634, 10883793, 10884831, 
Branch dir mis:            40,     24,     25,     24,     24,     24,     24,     24,     24,     24,     24,     24,     24,     24,     24,     24,     24,     24,     24,     24, 
Branch target mis:     31203,  30642,  30641,  30625,  30646,  30642,  30826,  30626,  30645,  30645,  30621,  30645,  30641,  30624,  30645,  30852,  31021,  30643,  30645,  30620, 
Result: 60c8eb4834837b90fd63aa07ad8b0a82a1d96cbc76cddb11139fa5df07417926
Expected result: 60c8eb4834837b90fd63aa07ad8b0a82a1d96cbc76cddb11139fa5df07417926
Cycle counts:          11778555, 10929502, 10901685, 10893874, 10886093, 10896261, 10854527, 10858009, 10928031, 10882993, 10840727, 10927754, 10914947, 10863663, 10901913, 10848014, 10873622, 10832148, 10857300, 10917630, 
Branch dir mis:            39,     25,     24,     24,     24,     24,     24,     24,     24,     24,     24,     24,     24,     24,     24,     24,     24,     24,     24,     24, 
Branch target mis:     31207,  30642,  30905,  31021,  30621,  30645,  30624,  30646,  30626,  30620,  30645,  30625,  30642,  30641,  30642,  30621,  30901,  31021,  30643,  30641, 
Result: da734950cc723b95e997b5cb6d694b81b78d7855d6ee8769550c72b0687add23
Expected result: da734950cc723b95e997b5cb6d694b81b78d7855d6ee8769550c72b0687add23
Cycle counts:          11715824, 10901615, 10862536, 10861054, 10890161, 10874720, 10911746, 10893627, 10906715, 10888606, 10905372, 10837626, 10831528, 10872954, 10895827, 10863277, 10886940, 10882634, 10883793, 10884831, 
Branch dir mis:            40,     25,     24,     24,     24,     24,     24,     24,     24,     24,     24,     24,     24,     24,     24,     24,     24,     24,     24,     24, 
Branch target mis:     31203,  30642,  30641,  30625,  30646,  30642,  30826,  30626,  30645,  30645,  30621,  30645,  30641,  30624,  30645,  30852,  31021,  30643,  30645,  30620, 
Result: 55d3652f9d95da738b65aa6f7c70426e37a3bf1cac2ace0a3599920ea679d15a
Expected result: 55d3652f9d95da738b65aa6f7c70426e37a3bf1cac2ace0a3599920ea679d15a
