Cycle counts:          308919,  92622,  92617,  92592,  92587,  92604,  92596,  92606,  92592,  92596,  92596,  92606,  92592,  92596,  92596,  92606,  92592,  92596,  92596,  92606, 
Branch dir mis:           649,    626,    625,    619,    619,    621,    619,    621,    619,    621,    619,    621,    619,    621,    619,    621,    619,    621,    619,    621, 
Load-use interlock:         654,    672,    668,    664,    665,    663,    664,    664,    665,    663,    664,    664,    665,    663,    664,    664,    665,    663,    664,    664, 
Result: fee49bf13bbfeda4688733e61fe331c6
Expected result: fee49bf13bbfeda4688733e61fe331c6
Cycle counts:          311324,  97419,  92604,  92604,  92595,  92597,  92607,  92593,  92607,  92593,  92607,  92593,  92607,  92593,  92607,  92593,  92607,  92593,  92607,  92593, 
Branch dir mis:           645,    626,    622,    622,    621,    619,    621,    619,    621,    619,    621,    619,    621,    619,    621,    619,    621,    619,    621,    619, 
Load-use interlock:         653,    670,    666,    665,    663,    664,    664,    664,    664,    664,    664,    664,    664,    664,    664,    664,    664,    664,    664,    664, 
Result: 73bd4b713fed1c56d271aef882a3a0d0
Expected result: 73bd4b713fed1c56d271aef882a3a0d0
Cycle counts:          311331,  95025,  92612,  92606,  92590,  92604,  92599,  92604,  92599,  92604,  92599,  92604,  92599,  92604,  92599,  92604,  92599,  92604,  92599,  92604, 
Branch dir mis:           647,    631,    623,    624,    620,    620,    620,    620,    620,    620,    620,    620,    620,    620,    620,    620,    620,    620,    620,    620, 
Load-use interlock:         649,    663,    663,    660,    659,    660,    659,    660,    659,    660,    659,    660,    659,    660,    659,    660,    659,    660,    659,    660, 
Result: c759689633a5471ca986bf448a6cd908
Expected result: c759689633a5471ca986bf448a6cd908
Cycle counts:          311320,  97418,  92616,  92600,  92592,  92593,  92606,  92592,  92593,  92593,  92606,  92592,  92593,  92593,  92606,  92592,  92593,  92593,  92606,  92592, 
Branch dir mis:           648,    626,    626,    622,    621,    619,    621,    619,    621,    619,    621,    619,    621,    619,    621,    619,    621,    619,    621,    619, 
Load-use interlock:         647,    664,    662,    660,    658,    659,    659,    660,    658,    659,    659,    660,    658,    659,    659,    660,    658,    659,    659,    660, 
Result: 1c0220fd48033c0da45c8ca7245b28d1
Expected result: 1c0220fd48033c0da45c8ca7245b28d1
Cycle counts:          311337,  95029,  92612,  92606,  92593,  92596,  92598,  92596,  92598,  92596,  92598,  92596,  92598,  92596,  92598,  92596,  92598,  92596,  92598,  92596, 
Branch dir mis:           653,    629,    623,    623,    620,    620,    620,    620,    620,    620,    620,    620,    620,    620,    620,    620,    620,    620,    620,    620, 
Load-use interlock:         654,    669,    668,    665,    664,    665,    664,    665,    664,    665,    664,    665,    664,    665,    664,    665,    664,    665,    664,    665, 
Result: 7b85ed1b222faa5b215f064353ef52db
Expected result: 7b85ed1b222faa5b215f064353ef52db
Cycle counts:          311338,  97420,  92619,  92603,  92592,  92593,  92606,  92592,  92593,  92593,  92606,  92592,  92593,  92593,  92606,  92592,  92593,  92593,  92606,  92592, 
Branch dir mis:           648,    627,    627,    623,    621,    619,    621,    619,    621,    619,    621,    619,    621,    619,    621,    619,    621,    619,    621,    619, 
Load-use interlock:         648,    664,    662,    660,    658,    659,    659,    660,    658,    659,    659,    660,    658,    659,    659,    660,    658,    659,    659,    660, 
Result: 1307e213d63105834a328561de8e8053
Expected result: 1307e213d63105834a328561de8e8053
Cycle counts:          311327,  95035,  92612,  92603,  92590,  92604,  92599,  92604,  92599,  92604,  92599,  92604,  92599,  92604,  92599,  92604,  92599,  92604,  92599,  92604, 
Branch dir mis:           649,    632,    623,    623,    620,    620,    620,    620,    620,    620,    620,    620,    620,    620,    620,    620,    620,    620,    620,    620, 
Load-use interlock:         646,    664,    663,    660,    659,    660,    659,    660,    659,    660,    659,    660,    659,    660,    659,    660,    659,    660,    659,    660, 
Result: 89a1b59db270f48bb64ab558ba0135db
Expected result: 89a1b59db270f48bb64ab558ba0135db
Cycle counts:          311338,  97437,  92612,  92606,  92593,  92604,  92602,  92604,  92602,  92604,  92602,  92604,  92602,  92604,  92602,  92604,  92602,  92604,  92602,  92604, 
Branch dir mis:           652,    629,    623,    623,    620,    620,    620,    620,    620,    620,    620,    620,    620,    620,    620,    620,    620,    620,    620,    620, 
Load-use interlock:         651,    668,    668,    665,    664,    665,    664,    665,    664,    665,    664,    665,    664,    665,    664,    665,    664,    665,    664,    665, 
Result: fe021506d50bb45c6d69af299fb80e31
Expected result: fe021506d50bb45c6d69af299fb80e31
Cycle counts:          311343,  95022,  92606,  92599,  92596,  92596,  92597,  92596,  92597,  92596,  92597,  92596,  92597,  92596,  92597,  92596,  92597,  92596,  92597,  92596, 
Branch dir mis:           649,    631,    623,    622,    620,    620,    620,    620,    620,    620,    620,    620,    620,    620,    620,    620,    620,    620,    620,    620, 
Load-use interlock:         649,    663,    662,    661,    660,    660,    660,    660,    660,    660,    660,    660,    660,    660,    660,    660,    660,    660,    660,    660, 
Result: 9abd6c621f358fa3bf88f96902ccd24e
Expected result: 9abd6c621f358fa3bf88f96902ccd24e
Cycle counts:          311337,  97437,  92612,  92606,  92593,  92604,  92602,  92604,  92602,  92604,  92602,  92604,  92602,  92604,  92602,  92604,  92602,  92604,  92602,  92604, 
Branch dir mis:           652,    629,    623,    623,    620,    620,    620,    620,    620,    620,    620,    620,    620,    620,    620,    620,    620,    620,    620,    620, 
Load-use interlock:         654,    669,    668,    665,    664,    665,    664,    665,    664,    665,    664,    665,    664,    665,    664,    665,    664,    665,    664,    665, 
Result: 0c1c154f55959767af73091dbe9472e8
Expected result: 0c1c154f55959767af73091dbe9472e8
Cycle counts:          311338,  95023,  92603,  92603,  92596,  92595,  92596,  92595,  92596,  92595,  92596,  92595,  92596,  92595,  92596,  92595,  92596,  92595,  92596,  92595, 
Branch dir mis:           649,    630,    623,    623,    620,    620,    620,    620,    620,    620,    620,    620,    620,    620,    620,    620,    620,    620,    620,    620, 
Load-use interlock:         651,    669,    668,    666,    665,    665,    665,    665,    665,    665,    665,    665,    665,    665,    665,    665,    665,    665,    665,    665, 
Result: 96343ff2ce88694ffe706a2c5e04529c
Expected result: 96343ff2ce88694ffe706a2c5e04529c
Cycle counts:          311337,  97424,  92606,  92610,  92594,  92604,  92599,  92604,  92599,  92604,  92599,  92604,  92599,  92604,  92599,  92604,  92599,  92604,  92599,  92604, 
Branch dir mis:           648,    629,    623,    623,    620,    620,    620,    620,    620,    620,    620,    620,    620,    620,    620,    620,    620,    620,    620,    620, 
Load-use interlock:         649,    663,    662,    661,    659,    660,    659,    660,    659,    660,    659,    660,    659,    660,    659,    660,    659,    660,    659,    660, 
Result: 8d74a1f1c3062edde59d85f6ae74855d
Expected result: 8d74a1f1c3062edde59d85f6ae74855d
Cycle counts:          308914,  92635,  92606,  92595,  92606,  92597,  92606,  92597,  92606,  92597,  92606,  92597,  92606,  92597,  92606,  92597,  92606,  92597,  92606,  92597, 
Branch dir mis:           646,    633,    621,    620,    620,    620,    620,    620,    620,    620,    620,    620,    620,    620,    620,    620,    620,    620,    620,    620, 
Load-use interlock:         648,    666,    663,    660,    660,    659,    660,    659,    660,    659,    660,    659,    660,    659,    660,    659,    660,    659,    660,    659, 
Result: b4879650ed48499c4ada532982d0cdca
Expected result: b4879650ed48499c4ada532982d0cdca
Cycle counts:          311328,  97423,  92622,  92602,  92598,  92601,  92592,  92593,  92593,  92606,  92592,  92593,  92593,  92606,  92592,  92593,  92593,  92606,  92592,  92593, 
Branch dir mis:           651,    627,    627,    623,    621,    619,    619,    621,    619,    621,    619,    621,    619,    621,    619,    621,    619,    621,    619,    621, 
Load-use interlock:         649,    664,    663,    661,    659,    659,    660,    658,    659,    659,    660,    658,    659,    659,    660,    658,    659,    659,    660,    658, 
Result: 4c2fef0ecaa581df680b5caa9318da88
Expected result: 4c2fef0ecaa581df680b5caa9318da88
Cycle counts:          311333,  95024,  92609,  92612,  92598,  92599,  92599,  92599,  92599,  92599,  92599,  92599,  92599,  92599,  92599,  92599,  92599,  92599,  92599,  92599, 
Branch dir mis:           653,    628,    624,    624,    621,    621,    621,    621,    621,    621,    621,    621,    621,    621,    621,    621,    621,    621,    621,    621, 
Load-use interlock:         652,    671,    668,    666,    665,    665,    665,    665,    665,    665,    665,    665,    665,    665,    665,    665,    665,    665,    665,    665, 
Result: 6a559446d9d96c3befbe3615de5d9daa
Expected result: 6a559446d9d96c3befbe3615de5d9daa
Cycle counts:          311324,  97422,  92604,  92604,  92595,  92597,  92607,  92593,  92607,  92593,  92607,  92593,  92607,  92593,  92607,  92593,  92607,  92593,  92607,  92593, 
Branch dir mis:           645,    627,    622,    622,    621,    619,    621,    619,    621,    619,    621,    619,    621,    619,    621,    619,    621,    619,    621,    619, 
Load-use interlock:         654,    671,    666,    665,    663,    664,    664,    664,    664,    664,    664,    664,    664,    664,    664,    664,    664,    664,    664,    664, 
Result: c8c3785070097eabbaa565049abca81a
Expected result: c8c3785070097eabbaa565049abca81a
Cycle counts:          311338,  95012,  92619,  92603,  92592,  92593,  92600,  92591,  92599,  92601,  92590,  92599,  92601,  92590,  92599,  92601,  92590,  92599,  92601,  92590, 
Branch dir mis:           649,    627,    627,    623,    621,    619,    619,    619,    621,    619,    619,    621,    619,    619,    621,    619,    619,    621,    619,    619, 
Load-use interlock:         647,    664,    662,    660,    658,    659,    659,    659,    659,    659,    659,    659,    659,    659,    659,    659,    659,    659,    659,    659, 
Result: 45a12de1790b678c05c42806a795bbc3
Expected result: 45a12de1790b678c05c42806a795bbc3
Cycle counts:          311338,  97421,  92616,  92603,  92592,  92593,  92606,  92592,  92593,  92593,  92606,  92592,  92593,  92593,  92606,  92592,  92593,  92593,  92606,  92592, 
Branch dir mis:           652,    627,    626,    623,    621,    619,    621,    619,    621,    619,    621,    619,    621,    619,    621,    619,    621,    619,    621,    619, 
Load-use interlock:         649,    664,    661,    660,    658,    659,    659,    660,    658,    659,    659,    660,    658,    659,    659,    660,    658,    659,    659,    660, 
Result: b434dbb645c68f49b7eeaaa43e7853f6
Expected result: b434dbb645c68f49b7eeaaa43e7853f6
Cycle counts:          311331,  95035,  92612,  92606,  92593,  92604,  92602,  92604,  92602,  92604,  92602,  92604,  92602,  92604,  92602,  92604,  92602,  92604,  92602,  92604, 
Branch dir mis:           652,    630,    623,    623,    620,    620,    620,    620,    620,    620,    620,    620,    620,    620,    620,    620,    620,    620,    620,    620, 
Load-use interlock:         651,    669,    668,    665,    664,    665,    664,    665,    664,    665,    664,    665,    664,    665,    664,    665,    664,    665,    664,    665, 
Result: b35270dde9103ae1d70e60da81b250d6
Expected result: b35270dde9103ae1d70e60da81b250d6
Cycle counts:          311333,  97425,  92603,  92603,  92596,  92596,  92597,  92596,  92597,  92596,  92597,  92596,  92597,  92596,  92597,  92596,  92597,  92596,  92597,  92596, 
Branch dir mis:           647,    629,    623,    623,    620,    620,    620,    620,    620,    620,    620,    620,    620,    620,    620,    620,    620,    620,    620,    620, 
Load-use interlock:         646,    663,    663,    661,    660,    660,    660,    660,    660,    660,    660,    660,    660,    660,    660,    660,    660,    660,    660,    660, 
Result: bdf0581d039b033c2b48257fe31dbf93
Expected result: bdf0581d039b033c2b48257fe31dbf93
Cycle counts:          311346,  95013,  92619,  92603,  92592,  92593,  92606,  92592,  92593,  92593,  92606,  92592,  92593,  92593,  92606,  92592,  92593,  92593,  92606,  92592, 
Branch dir mis:           652,    627,    627,    623,    621,    619,    621,    619,    621,    619,    621,    619,    621,    619,    621,    619,    621,    619,    621,    619, 
Load-use interlock:         648,    664,    662,    660,    658,    659,    659,    660,    658,    659,    659,    660,    658,    659,    659,    660,    658,    659,    659,    660, 
Result: ae1dd83d6ee6547fa39eeabbba9a4faa
Expected result: ae1dd83d6ee6547fa39eeabbba9a4faa
Cycle counts:          311322,  97442,  92612,  92603,  92590,  92604,  92599,  92604,  92599,  92604,  92599,  92604,  92599,  92604,  92599,  92604,  92599,  92604,  92599,  92604, 
Branch dir mis:           650,    631,    623,    623,    620,    620,    620,    620,    620,    620,    620,    620,    620,    620,    620,    620,    620,    620,    620,    620, 
Load-use interlock:         646,    663,    663,    660,    659,    660,    659,    660,    659,    660,    659,    660,    659,    660,    659,    660,    659,    660,    659,    660, 
Result: 5610d0be8b63b5bd4ef78396cb4544a7
Expected result: 5610d0be8b63b5bd4ef78396cb4544a7
Cycle counts:          311327,  95016,  92616,  92601,  92598,  92593,  92598,  92589,  92599,  92593,  92598,  92589,  92599,  92593,  92598,  92589,  92599,  92593,  92598,  92589, 
Branch dir mis:           651,    625,    625,    622,    621,    619,    621,    619,    621,    619,    621,    619,    621,    619,    621,    619,    621,    619,    621,    619, 
Load-use interlock:         652,    669,    667,    665,    664,    665,    664,    664,    664,    665,    664,    664,    664,    665,    664,    664,    664,    665,    664,    664, 
Result: 40f81d82582adf0bb1a2b1c08a454660
Expected result: 40f81d82582adf0bb1a2b1c08a454660
Cycle counts:          311339,  97430,  92606,  92613,  92594,  92604,  92599,  92604,  92599,  92604,  92599,  92604,  92599,  92604,  92599,  92604,  92599,  92604,  92599,  92604, 
Branch dir mis:           647,    631,    623,    624,    620,    620,    620,    620,    620,    620,    620,    620,    620,    620,    620,    620,    620,    620,    620,    620, 
Load-use interlock:         649,    663,    662,    661,    659,    660,    659,    660,    659,    660,    659,    660,    659,    660,    659,    660,    659,    660,    659,    660, 
Result: 8c1541660990c2813bf395a3c99233ac
Expected result: 8c1541660990c2813bf395a3c99233ac
Cycle counts:          311328,  95032,  92612,  92606,  92590,  92604,  92599,  92604,  92599,  92604,  92599,  92604,  92599,  92604,  92599,  92604,  92599,  92604,  92599,  92604, 
Branch dir mis:           650,    631,    623,    624,    620,    620,    620,    620,    620,    620,    620,    620,    620,    620,    620,    620,    620,    620,    620,    620, 
Load-use interlock:         649,    664,    663,    660,    659,    660,    659,    660,    659,    660,    659,    660,    659,    660,    659,    660,    659,    660,    659,    660, 
Result: 21bb80e2cffd53f59f5cf660d6aa717e
Expected result: 21bb80e2cffd53f59f5cf660d6aa717e
Cycle counts:          311325,  97436,  92612,  92606,  92590,  92604,  92599,  92604,  92599,  92604,  92599,  92604,  92599,  92604,  92599,  92604,  92599,  92604,  92599,  92604, 
Branch dir mis:           650,    629,    623,    624,    620,    620,    620,    620,    620,    620,    620,    620,    620,    620,    620,    620,    620,    620,    620,    620, 
Load-use interlock:         649,    663,    663,    660,    659,    660,    659,    660,    659,    660,    659,    660,    659,    660,    659,    660,    659,    660,    659,    660, 
Result: 3c755641606bfb0ce5633b0fb33a78dd
Expected result: 3c755641606bfb0ce5633b0fb33a78dd
Cycle counts:          311330,  95013,  92619,  92603,  92592,  92593,  92606,  92592,  92593,  92593,  92606,  92592,  92593,  92593,  92606,  92592,  92593,  92593,  92606,  92592, 
Branch dir mis:           652,    627,    627,    623,    621,    619,    621,    619,    621,    619,    621,    619,    621,    619,    621,    619,    621,    619,    621,    619, 
Load-use interlock:         648,    664,    662,    660,    658,    659,    659,    660,    658,    659,    659,    660,    658,    659,    659,    660,    658,    659,    659,    660, 
Result: 657b163ca7f18f53388e2f53e8025532
Expected result: 657b163ca7f18f53388e2f53e8025532
Cycle counts:          311339,  97437,  92612,  92606,  92593,  92604,  92602,  92604,  92602,  92604,  92602,  92604,  92602,  92604,  92602,  92604,  92602,  92604,  92602,  92604, 
Branch dir mis:           653,    629,    623,    623,    620,    620,    620,    620,    620,    620,    620,    620,    620,    620,    620,    620,    620,    620,    620,    620, 
Load-use interlock:         654,    669,    668,    665,    664,    665,    664,    665,    664,    665,    664,    665,    664,    665,    664,    665,    664,    665,    664,    665, 
Result: 6bd698741326cbbc379bb705706205f6
Expected result: 6bd698741326cbbc379bb705706205f6
Cycle counts:          311320,  95012,  92619,  92603,  92592,  92593,  92600,  92591,  92599,  92601,  92590,  92599,  92601,  92590,  92599,  92601,  92590,  92599,  92601,  92590, 
Branch dir mis:           649,    627,    627,    623,    621,    619,    619,    619,    621,    619,    619,    621,    619,    619,    621,    619,    619,    621,    619,    619, 
Load-use interlock:         649,    664,    662,    660,    658,    659,    659,    659,    659,    659,    659,    659,    659,    659,    659,    659,    659,    659,    659,    659, 
Result: 691f2c2e218d4fb08e7fd0632442ea4f
Expected result: 691f2c2e218d4fb08e7fd0632442ea4f
Cycle counts:          311325,  97425,  92622,  92602,  92598,  92601,  92592,  92593,  92593,  92606,  92592,  92593,  92593,  92606,  92592,  92593,  92593,  92606,  92592,  92593, 
Branch dir mis:           650,    628,    627,    623,    621,    619,    619,    621,    619,    621,    619,    621,    619,    621,    619,    621,    619,    621,    619,    621, 
Load-use interlock:         648,    664,    663,    661,    659,    659,    660,    658,    659,    659,    660,    658,    659,    659,    660,    658,    659,    659,    660,    658, 
Result: 06f01cd384d7db7696440966e7871ebd
Expected result: 06f01cd384d7db7696440966e7871ebd
Cycle counts:          311322,  95015,  92615,  92608,  92595,  92597,  92607,  92593,  92607,  92593,  92607,  92593,  92607,  92593,  92607,  92593,  92607,  92593,  92607,  92593, 
Branch dir mis:           648,    623,    624,    624,    621,    619,    621,    619,    621,    619,    621,    619,    621,    619,    621,    619,    621,    619,    621,    619, 
Load-use interlock:         651,    671,    670,    665,    663,    664,    664,    664,    664,    664,    664,    664,    664,    664,    664,    664,    664,    664,    664,    664, 
Result: 2cfbf8b4704825790c093036cd894155
Expected result: 2cfbf8b4704825790c093036cd894155
Cycle counts:          311341,  97428,  92603,  92603,  92596,  92596,  92597,  92596,  92597,  92596,  92597,  92596,  92597,  92596,  92597,  92596,  92597,  92596,  92597,  92596, 
Branch dir mis:           649,    630,    623,    623,    620,    620,    620,    620,    620,    620,    620,    620,    620,    620,    620,    620,    620,    620,    620,    620, 
Load-use interlock:         646,    663,    663,    661,    660,    660,    660,    660,    660,    660,    660,    660,    660,    660,    660,    660,    660,    660,    660,    660, 
Result: 317535a9c312fec77e39a75a2467c0a6
Expected result: 317535a9c312fec77e39a75a2467c0a6
Cycle counts:          311325,  95035,  92612,  92603,  92590,  92604,  92599,  92604,  92599,  92604,  92599,  92604,  92599,  92604,  92599,  92604,  92599,  92604,  92599,  92604, 
Branch dir mis:           650,    631,    623,    623,    620,    620,    620,    620,    620,    620,    620,    620,    620,    620,    620,    620,    620,    620,    620,    620, 
Load-use interlock:         649,    664,    663,    660,    659,    660,    659,    660,    659,    660,    659,    660,    659,    660,    659,    660,    659,    660,    659,    660, 
Result: 14c0187ad9977ee9f6471d508bd17c88
Expected result: 14c0187ad9977ee9f6471d508bd17c88
Cycle counts:          311334,  97445,  92612,  92606,  92590,  92604,  92599,  92604,  92599,  92604,  92599,  92604,  92599,  92604,  92599,  92604,  92599,  92604,  92599,  92604, 
Branch dir mis:           649,    631,    623,    624,    620,    620,    620,    620,    620,    620,    620,    620,    620,    620,    620,    620,    620,    620,    620,    620, 
Load-use interlock:         646,    664,    663,    660,    659,    660,    659,    660,    659,    660,    659,    660,    659,    660,    659,    660,    659,    660,    659,    660, 
Result: 9b254a69854cfcdb07300551d2f37496
Expected result: 9b254a69854cfcdb07300551d2f37496
Cycle counts:          311331,  95032,  92612,  92606,  92590,  92596,  92595,  92596,  92595,  92596,  92595,  92596,  92595,  92596,  92595,  92596,  92595,  92596,  92595,  92596, 
Branch dir mis:           651,    631,    623,    624,    620,    620,    620,    620,    620,    620,    620,    620,    620,    620,    620,    620,    620,    620,    620,    620, 
Load-use interlock:         649,    664,    663,    660,    659,    660,    659,    660,    659,    660,    659,    660,    659,    660,    659,    660,    659,    660,    659,    660, 
Result: 2bbd940e43f0535fb28e1a3d539bc366
Expected result: 2bbd940e43f0535fb28e1a3d539bc366
Cycle counts:          311345,  97437,  92612,  92606,  92590,  92604,  92599,  92604,  92599,  92604,  92599,  92604,  92599,  92604,  92599,  92604,  92599,  92604,  92599,  92604, 
Branch dir mis:           651,    630,    623,    624,    620,    620,    620,    620,    620,    620,    620,    620,    620,    620,    620,    620,    620,    620,    620,    620, 
Load-use interlock:         652,    663,    663,    660,    659,    660,    659,    660,    659,    660,    659,    660,    659,    660,    659,    660,    659,    660,    659,    660, 
Result: 98141d8e76c12c6df7bfc227731676a5
Expected result: 98141d8e76c12c6df7bfc227731676a5
AT+BLEINIT=0--> Send sync error AT+CWMODE=0-->OK
Cycle counts:          311326,  92620,  92611,  92602,  92598,  92601,  92592,  92593,  92593,  92606,  92592,  92593,  92593,  92606,  92592,  92593,  92593,  92606,  92592,  92593, 
Branch dir mis:           650,    629,    624,    623,    621,    619,    619,    621,    619,    621,    619,    621,    619,    621,    619,    621,    619,    621,    619,    621, 
Load-use interlock:         649,    664,    662,    661,    659,    659,    660,    658,    659,    659,    660,    658,    659,    659,    660,    658,    659,    659,    660,    658, 
Result: ce15dcbbe4d89d748ad5aebe7b6f2165
Expected result: ce15dcbbe4d89d748ad5aebe7b6f2165
Cycle counts:          311319,  97419,  92615,  92601,  92592,  92590,  92593,  92594,  92606,  92592,  92593,  92593,  92606,  92592,  92593,  92593,  92606,  92592,  92593,  92593, 
Branch dir mis:           648,    625,    625,    622,    619,    618,    617,    619,    621,    619,    621,    619,    621,    619,    621,    619,    621,    619,    621,    619, 
Load-use interlock:         646,    664,    662,    661,    660,    659,    660,    659,    659,    660,    658,    659,    659,    660,    658,    659,    659,    660,    658,    659, 
Result: 622a046e593b575297a152c813b512b6
Expected result: 622a046e593b575297a152c813b512b6
Cycle counts:          311331,  95013,  92619,  92603,  92592,  92593,  92606,  92592,  92593,  92593,  92606,  92592,  92593,  92593,  92606,  92592,  92593,  92593,  92606,  92592, 
Branch dir mis:           648,    627,    627,    623,    621,    619,    621,    619,    621,    619,    621,    619,    621,    619,    621,    619,    621,    619,    621,    619, 
Load-use interlock:         646,    664,    662,    660,    658,    659,    659,    660,    658,    659,    659,    660,    658,    659,    659,    660,    658,    659,    659,    660, 
Result: 318e176851e5f2cba52e91fe67dd5f5c
Expected result: 318e176851e5f2cba52e91fe67dd5f5c
Cycle counts:          311324,  97425,  92622,  92603,  92595,  92596,  92606,  92592,  92596,  92596,  92606,  92592,  92596,  92596,  92606,  92592,  92596,  92596,  92606,  92592, 
Branch dir mis:           650,    625,    627,    622,    621,    619,    621,    619,    621,    619,    621,    619,    621,    619,    621,    619,    621,    619,    621,    619, 
Load-use interlock:         652,    669,    667,    665,    663,    664,    664,    665,    663,    664,    664,    665,    663,    664,    664,    665,    663,    664,    664,    665, 
Result: 6c159af8157ab98bb6c5f0aed54356d8
Expected result: 6c159af8157ab98bb6c5f0aed54356d8
Cycle counts:          311337,  95015,  92622,  92602,  92598,  92601,  92590,  92599,  92601,  92590,  92599,  92601,  92590,  92599,  92601,  92590,  92599,  92601,  92590,  92599, 
Branch dir mis:           647,    627,    627,    623,    621,    619,    619,    621,    619,    619,    621,    619,    619,    621,    619,    619,    621,    619,    619,    621, 
Load-use interlock:         648,    664,    663,    661,    659,    659,    659,    659,    659,    659,    659,    659,    659,    659,    659,    659,    659,    659,    659,    659, 
Result: 130c513d033d1b106301584804679bfc
Expected result: 130c513d033d1b106301584804679bfc
Cycle counts:          311320,  97437,  92612,  92603,  92590,  92604,  92599,  92604,  92599,  92604,  92599,  92604,  92599,  92604,  92599,  92604,  92599,  92604,  92599,  92604, 
Branch dir mis:           648,    630,    623,    623,    620,    620,    620,    620,    620,    620,    620,    620,    620,    620,    620,    620,    620,    620,    620,    620, 
Load-use interlock:         646,    663,    663,    660,    659,    660,    659,    660,    659,    660,    659,    660,    659,    660,    659,    660,    659,    660,    659,    660, 
Result: d324524d85b73a8ac6d98e175e0ca15b
Expected result: d324524d85b73a8ac6d98e175e0ca15b
Cycle counts:          311337,  95013,  92616,  92603,  92592,  92593,  92606,  92592,  92593,  92593,  92606,  92592,  92593,  92593,  92606,  92592,  92593,  92593,  92606,  92592, 
Branch dir mis:           653,    627,    626,    623,    621,    619,    621,    619,    621,    619,    621,    619,    621,    619,    621,    619,    621,    619,    621,    619, 
Load-use interlock:         649,    664,    661,    660,    658,    659,    659,    660,    658,    659,    659,    660,    658,    659,    659,    660,    658,    659,    659,    660, 
Result: 8d6760daf55a0a718b2db15df59f2e65
Expected result: 8d6760daf55a0a718b2db15df59f2e65
Cycle counts:          311349,  97437,  92612,  92606,  92593,  92604,  92602,  92604,  92602,  92604,  92602,  92604,  92602,  92604,  92602,  92604,  92602,  92604,  92602,  92604, 
Branch dir mis:           652,    629,    623,    623,    620,    620,    620,    620,    620,    620,    620,    620,    620,    620,    620,    620,    620,    620,    620,    620, 
Load-use interlock:         655,    669,    668,    665,    664,    665,    664,    665,    664,    665,    664,    665,    664,    665,    664,    665,    664,    665,    664,    665, 
Result: 4ecc30e4e0133ced786ff96f6834eb10
Expected result: 4ecc30e4e0133ced786ff96f6834eb10
Cycle counts:          311321,  95015,  92620,  92602,  92598,  92601,  92592,  92593,  92593,  92606,  92592,  92593,  92593,  92606,  92592,  92593,  92593,  92606,  92592,  92593, 
Branch dir mis:           647,    627,    626,    623,    621,    619,    619,    621,    619,    621,    619,    621,    619,    621,    619,    621,    619,    621,    619,    621, 
Load-use interlock:         647,    664,    663,    661,    659,    659,    660,    658,    659,    659,    660,    658,    659,    659,    660,    658,    659,    659,    660,    658, 
Result: f285985999e697657a53175e148c460b
Expected result: f285985999e697657a53175e148c460b
Cycle counts:          311330,  97422,  92606,  92612,  92598,  92599,  92599,  92599,  92599,  92599,  92599,  92599,  92599,  92599,  92599,  92599,  92599,  92599,  92599,  92599, 
Branch dir mis:           650,    625,    623,    624,    621,    621,    621,    621,    621,    621,    621,    621,    621,    621,    621,    621,    621,    621,    621,    621, 
Load-use interlock:         654,    669,    667,    666,    665,    665,    665,    665,    665,    665,    665,    665,    665,    665,    665,    665,    665,    665,    665,    665, 
Result: eb8c5b1111835a95b961a0e9d5a430d9
Expected result: eb8c5b1111835a95b961a0e9d5a430d9
Cycle counts:          311334,  95015,  92604,  92612,  92595,  92598,  92596,  92598,  92596,  92598,  92596,  92598,  92596,  92598,  92596,  92598,  92596,  92598,  92596,  92598, 
Branch dir mis:           648,    627,    622,    623,    620,    620,    620,    620,    620,    620,    620,    620,    620,    620,    620,    620,    620,    620,    620,    620, 
Load-use interlock:         654,    671,    667,    666,    665,    664,    665,    664,    665,    664,    665,    664,    665,    664,    665,    664,    665,    664,    665,    664, 
Result: ee24f6c721f29b92e01e2408d6e27e3d
Expected result: ee24f6c721f29b92e01e2408d6e27e3d
Cycle counts:          311335,  97431,  92603,  92603,  92596,  92596,  92597,  92596,  92597,  92596,  92597,  92596,  92597,  92596,  92597,  92596,  92597,  92596,  92597,  92596, 
Branch dir mis:           648,    631,    623,    623,    620,    620,    620,    620,    620,    620,    620,    620,    620,    620,    620,    620,    620,    620,    620,    620, 
Load-use interlock:         646,    663,    663,    661,    660,    660,    660,    660,    660,    660,    660,    660,    660,    660,    660,    660,    660,    660,    660,    660, 
Result: d84be80b84507ad6df3c53d70ccb3929
Expected result: d84be80b84507ad6df3c53d70ccb3929
Cycle counts:          311334,  95029,  92612,  92606,  92593,  92604,  92602,  92604,  92602,  92604,  92602,  92604,  92602,  92604,  92602,  92604,  92602,  92604,  92602,  92604, 
Branch dir mis:           652,    629,    623,    623,    620,    620,    620,    620,    620,    620,    620,    620,    620,    620,    620,    620,    620,    620,    620,    620, 
Load-use interlock:         654,    669,    668,    665,    664,    665,    664,    665,    664,    665,    664,    665,    664,    665,    664,    665,    664,    665,    664,    665, 
Result: fd869f69bb6151271710205ceb6d8d9c
Expected result: fd869f69bb6151271710205ceb6d8d9c
Cycle counts:          311336,  97422,  92622,  92603,  92595,  92596,  92606,  92592,  92596,  92596,  92606,  92592,  92596,  92596,  92606,  92592,  92596,  92596,  92606,  92592, 
Branch dir mis:           649,    624,    627,    622,    621,    619,    621,    619,    621,    619,    621,    619,    621,    619,    621,    619,    621,    619,    621,    619, 
Load-use interlock:         652,    669,    667,    665,    663,    664,    664,    665,    663,    664,    664,    665,    663,    664,    664,    665,    663,    664,    664,    665, 
Result: 7e0eb1d539ad57acda62cfd40dcdd9bd
Expected result: 7e0eb1d539ad57acda62cfd40dcdd9bd
Cycle counts:          311338,  95012,  92619,  92603,  92592,  92593,  92606,  92592,  92593,  92593,  92606,  92592,  92593,  92593,  92606,  92592,  92593,  92593,  92606,  92592, 
Branch dir mis:           649,    627,    627,    623,    621,    619,    621,    619,    621,    619,    621,    619,    621,    619,    621,    619,    621,    619,    621,    619, 
Load-use interlock:         648,    664,    662,    660,    658,    659,    659,    660,    658,    659,    659,    660,    658,    659,    659,    660,    658,    659,    659,    660, 
Result: 497dc12504c8a9f69864faedebdf1dc0
Expected result: 497dc12504c8a9f69864faedebdf1dc0
Cycle counts:          311331,  97421,  92619,  92603,  92592,  92593,  92606,  92592,  92593,  92593,  92606,  92592,  92593,  92593,  92606,  92592,  92593,  92593,  92606,  92592, 
Branch dir mis:           651,    627,    627,    623,    621,    619,    621,    619,    621,    619,    621,    619,    621,    619,    621,    619,    621,    619,    621,    619, 
Load-use interlock:         648,    664,    662,    660,    658,    659,    659,    660,    658,    659,    659,    660,    658,    659,    659,    660,    658,    659,    659,    660, 
Result: 6a08e5826e0606b7e00b1cdcdd4cd759
Expected result: 6a08e5826e0606b7e00b1cdcdd4cd759
Cycle counts:          311348,  95020,  92606,  92610,  92594,  92596,  92595,  92596,  92595,  92596,  92595,  92596,  92595,  92596,  92595,  92596,  92595,  92596,  92595,  92596, 
Branch dir mis:           649,    631,    623,    623,    620,    620,    620,    620,    620,    620,    620,    620,    620,    620,    620,    620,    620,    620,    620,    620, 
Load-use interlock:         648,    663,    662,    661,    659,    660,    659,    660,    659,    660,    659,    660,    659,    660,    659,    660,    659,    660,    659,    660, 
Result: 7acd4b450e4c9a2609c08e28876b9734
Expected result: 7acd4b450e4c9a2609c08e28876b9734
Cycle counts:          311328,  97423,  92619,  92603,  92592,  92593,  92606,  92592,  92593,  92593,  92606,  92592,  92593,  92593,  92606,  92592,  92593,  92593,  92606,  92592, 
Branch dir mis:           650,    628,    627,    623,    621,    619,    621,    619,    621,    619,    621,    619,    621,    619,    621,    619,    621,    619,    621,    619, 
Load-use interlock:         647,    664,    662,    660,    658,    659,    659,    660,    658,    659,    659,    660,    658,    659,    659,    660,    658,    659,    659,    660, 
Result: 7af39a1b1a2c5ad2650b10b7e497b483
Expected result: 7af39a1b1a2c5ad2650b10b7e497b483
Cycle counts:          311325,  95026,  92598,  92605,  92589,  92593,  92594,  92606,  92592,  92593,  92593,  92606,  92592,  92593,  92593,  92606,  92592,  92593,  92593,  92606, 
Branch dir mis:           649,    630,    621,    623,    618,    617,    619,    621,    619,    621,    619,    621,    619,    621,    619,    621,    619,    621,    619,    621, 
Load-use interlock:         650,    662,    663,    660,    659,    660,    659,    659,    660,    658,    659,    659,    660,    658,    659,    659,    660,    658,    659,    659, 
Result: f6435e20fef54b06100a96d532289620
Expected result: f6435e20fef54b06100a96d532289620
Cycle counts:          311336,  97437,  92612,  92606,  92593,  92604,  92602,  92604,  92602,  92604,  92602,  92604,  92602,  92604,  92602,  92604,  92602,  92604,  92602,  92604, 
Branch dir mis:           652,    629,    623,    623,    620,    620,    620,    620,    620,    620,    620,    620,    620,    620,    620,    620,    620,    620,    620,    620, 
Load-use interlock:         654,    669,    668,    665,    664,    665,    664,    665,    664,    665,    664,    665,    664,    665,    664,    665,    664,    665,    664,    665, 
Result: 83b59e311dd58382bb615984dfe96bb3
Expected result: 83b59e311dd58382bb615984dfe96bb3
Cycle counts:          311329,  95026,  92603,  92606,  92596,  92595,  92597,  92596,  92597,  92596,  92597,  92596,  92597,  92596,  92597,  92596,  92597,  92596,  92597,  92596, 
Branch dir mis:           647,    631,    623,    624,    620,    620,    620,    620,    620,    620,    620,    620,    620,    620,    620,    620,    620,    620,    620,    620, 
Load-use interlock:         646,    663,    663,    661,    660,    660,    660,    660,    660,    660,    660,    660,    660,    660,    660,    660,    660,    660,    660,    660, 
Result: 7864989c6672fd2e3cfbe4512f784c19
Expected result: 7864989c6672fd2e3cfbe4512f784c19
Cycle counts:          311320,  97442,  92612,  92603,  92590,  92604,  92599,  92604,  92599,  92604,  92599,  92604,  92599,  92604,  92599,  92604,  92599,  92604,  92599,  92604, 
Branch dir mis:           649,    631,    623,    623,    620,    620,    620,    620,    620,    620,    620,    620,    620,    620,    620,    620,    620,    620,    620,    620, 
Load-use interlock:         646,    664,    663,    660,    659,    660,    659,    660,    659,    660,    659,    660,    659,    660,    659,    660,    659,    660,    659,    660, 
Result: bd21dc8487a1189af34c478da9e34d6c
Expected result: bd21dc8487a1189af34c478da9e34d6c
Cycle counts:          311331,  95016,  92622,  92599,  92598,  92601,  92593,  92599,  92601,  92593,  92599,  92601,  92593,  92599,  92601,  92593,  92599,  92601,  92593,  92599, 
Branch dir mis:           652,    625,    627,    622,    621,    619,    619,    621,    619,    619,    621,    619,    619,    621,    619,    619,    621,    619,    619,    621, 
Load-use interlock:         652,    669,    668,    666,    664,    664,    664,    664,    664,    664,    664,    664,    664,    664,    664,    664,    664,    664,    664,    664, 
Result: c58fe40095c8a4a83915660f45f55ad7
Expected result: c58fe40095c8a4a83915660f45f55ad7
Cycle counts:          311338,  97431,  92603,  92603,  92596,  92595,  92597,  92596,  92597,  92596,  92597,  92596,  92597,  92596,  92597,  92596,  92597,  92596,  92597,  92596, 
Branch dir mis:           648,    630,    623,    623,    620,    620,    620,    620,    620,    620,    620,    620,    620,    620,    620,    620,    620,    620,    620,    620, 
Load-use interlock:         651,    669,    668,    666,    665,    665,    665,    665,    665,    665,    665,    665,    665,    665,    665,    665,    665,    665,    665,    665, 
Result: a0b8bb4e19239ab16474c30fed84a0f7
Expected result: a0b8bb4e19239ab16474c30fed84a0f7
P
Cycle counts:          311347,  97426,  92613,  92611,  92592,  92587,  92601,  92593,  92606,  92592,  92593,  92593,  92606,  92592,  92593,  92593,  92606,  92592,  92593,  92593, 
Branch dir mis:           651,    627,    626,    623,    619,    619,    621,    619,    621,    619,    621,    619,    621,    619,    621,    619,    621,    619,    621,    619, 
Load-use interlock:         648,    664,    662,    660,    659,    660,    658,    659,    659,    660,    658,    659,    659,    660,    658,    659,    659,    660,    658,    659, 
Result: 2e22d645e60e4d90d27760607291eb44
Expected result: 2e22d645e60e4d90d27760607291eb44
AT+BLEINIT=0--> Send sync error AT+CWMODE=0-->OK
Cycle counts:          311331,  92624,  92612,  92606,  92593,  92604,  92602,  92604,  92602,  92604,  92602,  92604,  92602,  92604,  92602,  92604,  92602,  92604,  92602,  92604, 
Branch dir mis:           651,    629,    623,    623,    620,    620,    620,    620,    620,    620,    620,    620,    620,    620,    620,    620,    620,    620,    620,    620, 
Load-use interlock:         651,    670,    668,    665,    664,    665,    664,    665,    664,    665,    664,    665,    664,    665,    664,    665,    664,    665,    664,    665, 
Result: f2910f3830beaafe4d6e280959ec2d87
Expected result: f2910f3830beaafe4d6e280959ec2d87
Cycle counts:          311323,  97434,  92603,  92603,  92596,  92596,  92597,  92596,  92597,  92596,  92597,  92596,  92597,  92596,  92597,  92596,  92597,  92596,  92597,  92596, 
Branch dir mis:           650,    632,    623,    623,    620,    620,    620,    620,    620,    620,    620,    620,    620,    620,    620,    620,    620,    620,    620,    620, 
Load-use interlock:         650,    664,    663,    661,    660,    660,    660,    660,    660,    660,    660,    660,    660,    660,    660,    660,    660,    660,    660,    660, 
Result: b10f78af7d28253a6b8b14b96a2f0b00
Expected result: b10f78af7d28253a6b8b14b96a2f0b00
Cycle counts:          308924,  92623,  92593,  92591,  92597,  92604,  92599,  92604,  92599,  92604,  92599,  92604,  92599,  92604,  92599,  92604,  92599,  92604,  92599,  92604, 
Branch dir mis:           647,    631,    621,    620,    620,    620,    620,    620,    620,    620,    620,    620,    620,    620,    620,    620,    620,    620,    620,    620, 
Load-use interlock:         652,    666,    663,    660,    659,    660,    659,    660,    659,    660,    659,    660,    659,    660,    659,    660,    659,    660,    659,    660, 
Result: c0fae78749b0b24e2532572269f5c56e
Expected result: c0fae78749b0b24e2532572269f5c56e
Cycle counts:          311334,  97439,  92612,  92606,  92593,  92604,  92602,  92604,  92602,  92604,  92602,  92604,  92602,  92604,  92602,  92604,  92602,  92604,  92602,  92604, 
Branch dir mis:           652,    629,    623,    623,    620,    620,    620,    620,    620,    620,    620,    620,    620,    620,    620,    620,    620,    620,    620,    620, 
Load-use interlock:         654,    669,    668,    665,    664,    665,    664,    665,    664,    665,    664,    665,    664,    665,    664,    665,    664,    665,    664,    665, 
Result: f3faec436861d0b7f5f48f056e547980
Expected result: f3faec436861d0b7f5f48f056e547980
Cycle counts:          311341,  95012,  92619,  92603,  92592,  92593,  92600,  92591,  92599,  92601,  92590,  92599,  92601,  92590,  92599,  92601,  92590,  92599,  92601,  92590, 
Branch dir mis:           649,    627,    627,    623,    621,    619,    619,    619,    621,    619,    619,    621,    619,    619,    621,    619,    619,    621,    619,    619, 
Load-use interlock:         648,    664,    662,    660,    658,    659,    659,    659,    659,    659,    659,    659,    659,    659,    659,    659,    659,    659,    659,    659, 
Result: c3fbc7924ea00704bb2d1d8b1166be28
Expected result: c3fbc7924ea00704bb2d1d8b1166be28
Cycle counts:          311334,  97437,  92612,  92606,  92593,  92604,  92602,  92604,  92602,  92604,  92602,  92604,  92602,  92604,  92602,  92604,  92602,  92604,  92602,  92604, 
Branch dir mis:           651,    629,    623,    623,    620,    620,    620,    620,    620,    620,    620,    620,    620,    620,    620,    620,    620,    620,    620,    620, 
Load-use interlock:         654,    669,    668,    665,    664,    665,    664,    665,    664,    665,    664,    665,    664,    665,    664,    665,    664,    665,    664,    665, 
Result: c6aee8020e1fe6564c912a23a0a5b301
Expected result: c6aee8020e1fe6564c912a23a0a5b301
Cycle counts:          311317,  95014,  92613,  92604,  92592,  92594,  92607,  92590,  92607,  92590,  92607,  92590,  92607,  92590,  92607,  92590,  92607,  92590,  92607,  92590, 
Branch dir mis:           648,    628,    625,    623,    621,    619,    621,    619,    621,    619,    621,    619,    621,    619,    621,    619,    621,    619,    621,    619, 
Load-use interlock:         648,    664,    661,    660,    658,    659,    659,    659,    659,    659,    659,    659,    659,    659,    659,    659,    659,    659,    659,    659, 
Result: 9ad0d2d4ec7289b9dff63d3abee2d40c
Expected result: 9ad0d2d4ec7289b9dff63d3abee2d40c
Cycle counts:          311337,  97440,  92612,  92603,  92590,  92604,  92599,  92604,  92599,  92604,  92599,  92604,  92599,  92604,  92599,  92604,  92599,  92604,  92599,  92604, 
Branch dir mis:           650,    631,    623,    623,    620,    620,    620,    620,    620,    620,    620,    620,    620,    620,    620,    620,    620,    620,    620,    620, 
Load-use interlock:         647,    663,    663,    660,    659,    660,    659,    660,    659,    660,    659,    660,    659,    660,    659,    660,    659,    660,    659,    660, 
Result: f497f7d6063f1c045a3aa3baf023eeca
Expected result: f497f7d6063f1c045a3aa3baf023eeca
Cycle counts:          311346,  95013,  92619,  92603,  92592,  92593,  92606,  92592,  92593,  92593,  92606,  92592,  92593,  92593,  92606,  92592,  92593,  92593,  92606,  92592, 
Branch dir mis:           652,    627,    627,    623,    621,    619,    621,    619,    621,    619,    621,    619,    621,    619,    621,    619,    621,    619,    621,    619, 
Load-use interlock:         648,    664,    662,    660,    658,    659,    659,    660,    658,    659,    659,    660,    658,    659,    659,    660,    658,    659,    659,    660, 
Result: 5d34e749a7388bfbeb140dfe3f51250f
Expected result: 5d34e749a7388bfbeb140dfe3f51250f
Cycle counts:          311344,  97437,  92612,  92606,  92593,  92604,  92602,  92604,  92602,  92604,  92602,  92604,  92602,  92604,  92602,  92604,  92602,  92604,  92602,  92604, 
Branch dir mis:           652,    629,    623,    623,    620,    620,    620,    620,    620,    620,    620,    620,    620,    620,    620,    620,    620,    620,    620,    620, 
Load-use interlock:         652,    668,    668,    665,    664,    665,    664,    665,    664,    665,    664,    665,    664,    665,    664,    665,    664,    665,    664,    665, 
Result: 920fbf43b5f83615b773af8eb140ba76
Expected result: 920fbf43b5f83615b773af8eb140ba76
Cycle counts:          311335,  95012,  92619,  92603,  92592,  92593,  92600,  92591,  92599,  92601,  92590,  92599,  92601,  92590,  92599,  92601,  92590,  92599,  92601,  92590, 
Branch dir mis:           648,    627,    627,    623,    621,    619,    619,    619,    621,    619,    619,    621,    619,    619,    621,    619,    619,    621,    619,    619, 
Load-use interlock:         648,    664,    662,    660,    658,    659,    659,    659,    659,    659,    659,    659,    659,    659,    659,    659,    659,    659,    659,    659, 
Result: e7b935e35e039a889082916c345f3e01
Expected result: e7b935e35e039a889082916c345f3e01
Cycle counts:          311337,  97437,  92612,  92606,  92593,  92604,  92602,  92604,  92602,  92604,  92602,  92604,  92602,  92604,  92602,  92604,  92602,  92604,  92602,  92604, 
Branch dir mis:           652,    629,    623,    623,    620,    620,    620,    620,    620,    620,    620,    620,    620,    620,    620,    620,    620,    620,    620,    620, 
Load-use interlock:         654,    669,    668,    665,    664,    665,    664,    665,    664,    665,    664,    665,    664,    665,    664,    665,    664,    665,    664,    665, 
Result: cd4f4abb88057db77591e271b29e4d75
Expected result: cd4f4abb88057db77591e271b29e4d75
Cycle counts:          311342,  97426,  92616,  92611,  92592,  92601,  92592,  92593,  92593,  92606,  92592,  92593,  92593,  92606,  92592,  92593,  92593,  92606,  92592,  92593, 
Branch dir mis:           650,    627,    627,    623,    619,    619,    619,    621,    619,    621,    619,    621,    619,    621,    619,    621,    619,    621,    619,    621, 
Load-use interlock:         647,    664,    663,    660,    659,    659,    660,    658,    659,    659,    660,    658,    659,    659,    660,    658,    659,    659,    660,    658, 
Result: bd6e55cbab423e43000bd0ef9074d61f
Expected result: bd6e55cbab423e43000bd0ef9074d61f
Cycle counts:          311327,  95023,  92605,  92612,  92598,  92599,  92599,  92599,  92599,  92599,  92599,  92599,  92599,  92599,  92599,  92599,  92599,  92599,  92599,  92599, 
Branch dir mis:           647,    629,    624,    624,    621,    621,    621,    621,    621,    621,    621,    621,    621,    621,    621,    621,    621,    621,    621,    621, 
Load-use interlock:         649,    665,    662,    661,    660,    660,    660,    660,    660,    660,    660,    660,    660,    660,    660,    660,    660,    660,    660,    660, 
Result: 234f085a09c61e057f53221249932e12
Expected result: 234f085a09c61e057f53221249932e12
Cycle counts:          311321,  97431,  92605,  92612,  92598,  92599,  92599,  92599,  92599,  92599,  92599,  92599,  92599,  92599,  92599,  92599,  92599,  92599,  92599,  92599, 
Branch dir mis:           647,    629,    624,    624,    621,    621,    621,    621,    621,    621,    621,    621,    621,    621,    621,    621,    621,    621,    621,    621, 
Load-use interlock:         649,    665,    662,    661,    660,    660,    660,    660,    660,    660,    660,    660,    660,    660,    660,    660,    660,    660,    660,    660, 
Result: 9a46aa059edc62af0aa73e30f7b29161
Expected result: 9a46aa059edc62af0aa73e30f7b29161
Cycle counts:          311319,  97424,  92608,  92611,  92598,  92599,  92599,  92599,  92599,  92599,  92599,  92599,  92599,  92599,  92599,  92599,  92599,  92599,  92599,  92599, 
Branch dir mis:           648,    629,    623,    625,    621,    621,    621,    621,    621,    621,    621,    621,    621,    621,    621,    621,    621,    621,    621,    621, 
Load-use interlock:         646,    665,    664,    661,    661,    661,    661,    661,    661,    661,    661,    661,    661,    661,    661,    661,    661,    661,    661,    661, 
Result: 560c69d39876bb85adafc1cefaec1e74
Expected result: 560c69d39876bb85adafc1cefaec1e74
Cycle counts:          311329,  95013,  92619,  92603,  92592,  92593,  92606,  92592,  92593,  92593,  92606,  92592,  92593,  92593,  92606,  92592,  92593,  92593,  92606,  92592, 
Branch dir mis:           651,    627,    627,    623,    621,    619,    621,    619,    621,    619,    621,    619,    621,    619,    621,    619,    621,    619,    621,    619, 
Load-use interlock:         647,    664,    662,    660,    658,    659,    659,    660,    658,    659,    659,    660,    658,    659,    659,    660,    658,    659,    659,    660, 
Result: d6ad062273e6b0d0bd185968d6abdf36
Expected result: d6ad062273e6b0d0bd185968d6abdf36
Cycle counts:          311339,  97440,  92612,  92606,  92593,  92604,  92602,  92604,  92602,  92604,  92602,  92604,  92602,  92604,  92602,  92604,  92602,  92604,  92602,  92604, 
Branch dir mis:           653,    630,    623,    623,    620,    620,    620,    620,    620,    620,    620,    620,    620,    620,    620,    620,    620,    620,    620,    620, 
Load-use interlock:         652,    669,    668,    665,    664,    665,    664,    665,    664,    665,    664,    665,    664,    665,    664,    665,    664,    665,    664,    665, 
Result: 4e9ed56029b96719e6d34b75e9420bb7
Expected result: 4e9ed56029b96719e6d34b75e9420bb7
Cycle counts:          311340,  95022,  92606,  92610,  92594,  92596,  92595,  92596,  92595,  92596,  92595,  92596,  92595,  92596,  92595,  92596,  92595,  92596,  92595,  92596, 
Branch dir mis:           649,    631,    623,    623,    620,    620,    620,    620,    620,    620,    620,    620,    620,    620,    620,    620,    620,    620,    620,    620, 
Load-use interlock:         648,    663,    662,    661,    659,    660,    659,    660,    659,    660,    659,    660,    659,    660,    659,    660,    659,    660,    659,    660, 
Result: 692549868b849c613d330dfeaecdd0d0
Expected result: 692549868b849c613d330dfeaecdd0d0
Cycle counts:          311331,  97437,  92612,  92606,  92590,  92604,  92599,  92604,  92599,  92604,  92599,  92604,  92599,  92604,  92599,  92604,  92599,  92604,  92599,  92604, 
Branch dir mis:           651,    630,    623,    624,    620,    620,    620,    620,    620,    620,    620,    620,    620,    620,    620,    620,    620,    620,    620,    620, 
Load-use interlock:         649,    664,    663,    660,    659,    660,    659,    660,    659,    660,    659,    660,    659,    660,    659,    660,    659,    660,    659,    660, 
Result: 22ce0090cbd6afaf2c6f02c59ce480ab
Expected result: 22ce0090cbd6afaf2c6f02c59ce480ab
Cycle counts:          311325,  95032,  92612,  92603,  92590,  92604,  92599,  92604,  92599,  92604,  92599,  92604,  92599,  92604,  92599,  92604,  92599,  92604,  92599,  92604, 
Branch dir mis:           650,    631,    623,    623,    620,    620,    620,    620,    620,    620,    620,    620,    620,    620,    620,    620,    620,    620,    620,    620, 
Load-use interlock:         646,    663,    663,    660,    659,    660,    659,    660,    659,    660,    659,    660,    659,    660,    659,    660,    659,    660,    659,    660, 
Result: f2f0ced83ba011d80a0ddb0a4a6cb7a9
Expected result: f2f0ced83ba011d80a0ddb0a4a6cb7a9
Cycle counts:          311323,  97440,  92612,  92606,  92590,  92604,  92599,  92604,  92599,  92604,  92599,  92604,  92599,  92604,  92599,  92604,  92599,  92604,  92599,  92604, 
Branch dir mis:           649,    631,    623,    624,    620,    620,    620,    620,    620,    620,    620,    620,    620,    620,    620,    620,    620,    620,    620,    620, 
Load-use interlock:         646,    663,    663,    660,    659,    660,    659,    660,    659,    660,    659,    660,    659,    660,    659,    660,    659,    660,    659,    660, 
Result: 44dac3228632e05637db344f340b48cc
Expected result: 44dac3228632e05637db344f340b48cc
Cycle counts:          311335,  95013,  92619,  92603,  92592,  92593,  92606,  92592,  92593,  92593,  92606,  92592,  92593,  92593,  92606,  92592,  92593,  92593,  92606,  92592, 
Branch dir mis:           652,    627,    627,    623,    621,    619,    621,    619,    621,    619,    621,    619,    621,    619,    621,    619,    621,    619,    621,    619, 
Load-use interlock:         649,    664,    662,    660,    658,    659,    659,    660,    658,    659,    659,    660,    658,    659,    659,    660,    658,    659,    659,    660, 
Result: e820c2e5128dbf6e17302d20fc976366
Expected result: e820c2e5128dbf6e17302d20fc976366
Cycle counts:          311328,  97423,  92622,  92602,  92598,  92601,  92592,  92593,  92593,  92606,  92592,  92593,  92593,  92606,  92592,  92593,  92593,  92606,  92592,  92593, 
Branch dir mis:           651,    627,    627,    623,    621,    619,    619,    621,    619,    621,    619,    621,    619,    621,    619,    621,    619,    621,    619,    621, 
Load-use interlock:         648,    664,    663,    661,    659,    659,    660,    658,    659,    659,    660,    658,    659,    659,    660,    658,    659,    659,    660,    658, 
Result: 6b8e0a6ce757227601390df414f12c0e
Expected result: 6b8e0a6ce757227601390df414f12c0e
Cycle counts:          311338,  95019,  92618,  92615,  92592,  92587,  92602,  92593,  92600,  92594,  92599,  92601,  92593,  92599,  92601,  92593,  92599,  92601,  92593,  92599, 
Branch dir mis:           653,    627,    627,    625,    619,    619,    621,    619,    619,    619,    621,    619,    619,    621,    619,    619,    621,    619,    619,    621, 
Load-use interlock:         653,    669,    670,    665,    664,    665,    663,    664,    664,    664,    664,    664,    664,    664,    664,    664,    664,    664,    664,    664, 
Result: ddfc7b8b130f60a10eaf4ed9d3e24e4c
Expected result: ddfc7b8b130f60a10eaf4ed9d3e24e4c
Cycle counts:          311346,  97422,  92622,  92603,  92595,  92596,  92606,  92592,  92596,  92596,  92606,  92592,  92596,  92596,  92606,  92592,  92596,  92596,  92606,  92592, 
Branch dir mis:           649,    626,    627,    622,    621,    619,    621,    619,    621,    619,    621,    619,    621,    619,    621,    619,    621,    619,    621,    619, 
Load-use interlock:         652,    669,    667,    665,    663,    664,    664,    665,    663,    664,    664,    665,    663,    664,    664,    665,    663,    664,    664,    665, 
Result: d1cde86e2952eb708978bae78b13f6b7
Expected result: d1cde86e2952eb708978bae78b13f6b7
Cycle counts:          311324,  95023,  92603,  92603,  92596,  92596,  92597,  92596,  92597,  92596,  92597,  92596,  92597,  92596,  92597,  92596,  92597,  92596,  92597,  92596, 
Branch dir mis:           647,    629,    623,    623,    620,    620,    620,    620,    620,    620,    620,    620,    620,    620,    620,    620,    620,    620,    620,    620, 
Load-use interlock:         649,    669,    668,    666,    665,    665,    665,    665,    665,    665,    665,    665,    665,    665,    665,    665,    665,    665,    665,    665, 
Result: 42425164fc7450626d557cb969b08211
Expected result: 42425164fc7450626d557cb969b08211
Cycle counts:          311338,  97429,  92612,  92606,  92593,  92604,  92602,  92604,  92602,  92604,  92602,  92604,  92602,  92604,  92602,  92604,  92602,  92604,  92602,  92604, 
Branch dir mis:           651,    629,    623,    623,    620,    620,    620,    620,    620,    620,    620,    620,    620,    620,    620,    620,    620,    620,    620,    620, 
Load-use interlock:         654,    669,    668,    665,    664,    665,    664,    665,    664,    665,    664,    665,    664,    665,    664,    665,    664,    665,    664,    665, 
Result: 731c528ea53d7bb54bff4f51e7121f7a
Expected result: 731c528ea53d7bb54bff4f51e7121f7a
Cycle counts:          311318,  95026,  92603,  92603,  92596,  92595,  92597,  92596,  92597,  92596,  92597,  92596,  92597,  92596,  92597,  92596,  92597,  92596,  92597,  92596, 
Branch dir mis:           649,    630,    623,    623,    620,    620,    620,    620,    620,    620,    620,    620,    620,    620,    620,    620,    620,    620,    620,    620, 
Load-use interlock:         651,    669,    668,    666,    665,    665,    665,    665,    665,    665,    665,    665,    665,    665,    665,    665,    665,    665,    665,    665, 
Result: 332c88dc0cbf7acb60839b8e76b0d092
Expected result: 332c88dc0cbf7acb60839b8e76b0d092
Cycle counts:          311327,  97428,  92603,  92603,  92596,  92596,  92597,  92596,  92597,  92596,  92597,  92596,  92597,  92596,  92597,  92596,  92597,  92596,  92597,  92596, 
Branch dir mis:           650,    630,    623,    623,    620,    620,    620,    620,    620,    620,    620,    620,    620,    620,    620,    620,    620,    620,    620,    620, 
Load-use interlock:         646,    663,    663,    661,    660,    660,    660,    660,    660,    660,    660,    660,    660,    660,    660,    660,    660,    660,    660,    660, 
Result: 238ff44fe1310b20269f80dd30099fa8
Expected result: 238ff44fe1310b20269f80dd30099fa8
Cycle counts:          311338,  95013,  92619,  92603,  92592,  92593,  92600,  92591,  92599,  92601,  92590,  92599,  92601,  92590,  92599,  92601,  92590,  92599,  92601,  92590, 
Branch dir mis:           651,    627,    627,    623,    621,    619,    619,    619,    621,    619,    619,    621,    619,    619,    621,    619,    619,    621,    619,    619, 
Load-use interlock:         648,    664,    662,    660,    658,    659,    659,    659,    659,    659,    659,    659,    659,    659,    659,    659,    659,    659,    659,    659, 
Result: 0e2d1f68266e0aab49306dfb1fce0af5
Expected result: 0e2d1f68266e0aab49306dfb1fce0af5
Cycle counts:          311331,  97435,  92612,  92606,  92593,  92604,  92602,  92604,  92602,  92604,  92602,  92604,  92602,  92604,  92602,  92604,  92602,  92604,  92602,  92604, 
Branch dir mis:           650,    629,    623,    623,    620,    620,    620,    620,    620,    620,    620,    620,    620,    620,    620,    620,    620,    620,    620,    620, 
Load-use interlock:         654,    669,    668,    665,    664,    665,    664,    665,    664,    665,    664,    665,    664,    665,    664,    665,    664,    665,    664,    665, 
Result: eec6ec209933f917b7cf50f2e9570d05
Expected result: eec6ec209933f917b7cf50f2e9570d05
Cycle counts:          311344,  95011,  92612,  92606,  92593,  92604,  92602,  92604,  92602,  92604,  92602,  92604,  92602,  92604,  92602,  92604,  92602,  92604,  92602,  92604, 
Branch dir mis:           650,    627,    623,    623,    620,    620,    620,    620,    620,    620,    620,    620,    620,    620,    620,    620,    620,    620,    620,    620, 
Load-use interlock:         654,    668,    668,    665,    664,    665,    664,    665,    664,    665,    664,    665,    664,    665,    664,    665,    664,    665,    664,    665, 
Result: eb8c4cce79856e84c12374d962560dc1
Expected result: eb8c4cce79856e84c12374d962560dc1
Cycle counts:          311348,  97424,  92612,  92606,  92593,  92604,  92602,  92604,  92602,  92604,  92602,  92604,  92602,  92604,  92602,  92604,  92602,  92604,  92602,  92604, 
Branch dir mis:           650,    628,    623,    623,    620,    620,    620,    620,    620,    620,    620,    620,    620,    620,    620,    620,    620,    620,    620,    620, 
Load-use interlock:         654,    669,    668,    665,    664,    665,    664,    665,    664,    665,    664,    665,    664,    665,    664,    665,    664,    665,    664,    665, 
Result: 6793ff1c17ea7b3446565a4b07125078
Expected result: 6793ff1c17ea7b3446565a4b07125078
Cycle counts:          311348,  95019,  92606,  92610,  92594,  92604,  92599,  92604,  92599,  92604,  92599,  92604,  92599,  92604,  92599,  92604,  92599,  92604,  92599,  92604, 
Branch dir mis:           650,    630,    623,    623,    620,    620,    620,    620,    620,    620,    620,    620,    620,    620,    620,    620,    620,    620,    620,    620, 
Load-use interlock:         649,    662,    662,    661,    659,    660,    659,    660,    659,    660,    659,    660,    659,    660,    659,    660,    659,    660,    659,    660, 
Result: 9d52f749b8e7b7289daa74e94d444c7b
Expected result: 9d52f749b8e7b7289daa74e94d444c7b
Cycle counts:          311322,  97439,  92612,  92606,  92590,  92604,  92599,  92604,  92599,  92604,  92599,  92604,  92599,  92604,  92599,  92604,  92599,  92604,  92599,  92604, 
Branch dir mis:           649,    630,    623,    624,    620,    620,    620,    620,    620,    620,    620,    620,    620,    620,    620,    620,    620,    620,    620,    620, 
Load-use interlock:         649,    664,    663,    660,    659,    660,    659,    660,    659,    660,    659,    660,    659,    660,    659,    660,    659,    660,    659,    660, 
Result: 67ecae647ca7f064b8bfbf718ed216fb
Expected result: 67ecae647ca7f064b8bfbf718ed216fb
Cycle counts:          311327,  97434,  92612,  92606,  92590,  92604,  92599,  92604,  92599,  92604,  92599,  92604,  92599,  92604,  92599,  92604,  92599,  92604,  92599,  92604, 
Branch dir mis:           651,    631,    623,    624,    620,    620,    620,    620,    620,    620,    620,    620,    620,    620,    620,    620,    620,    620,    620,    620, 
Load-use interlock:         651,    666,    666,    663,    662,    663,    662,    663,    662,    663,    662,    663,    662,    663,    662,    663,    662,    663,    662,    663, 
Result: d39650e61dcf991309ab3cb17c0d2658
Expected result: d39650e61dcf991309ab3cb17c0d2658
Cycle counts:          311338,  95023,  92603,  92603,  92596,  92595,  92596,  92595,  92596,  92595,  92596,  92595,  92596,  92595,  92596,  92595,  92596,  92595,  92596,  92595, 
Branch dir mis:           649,    631,    623,    623,    620,    620,    620,    620,    620,    620,    620,    620,    620,    620,    620,    620,    620,    620,    620,    620, 
Load-use interlock:         646,    663,    663,    661,    660,    660,    660,    660,    660,    660,    660,    660,    660,    660,    660,    660,    660,    660,    660,    660, 
Result: 417ae279b5e98f82f30d296f2cb4e270
Expected result: 417ae279b5e98f82f30d296f2cb4e270
Cycle counts:          311333,  97440,  92612,  92606,  92590,  92604,  92599,  92604,  92599,  92604,  92599,  92604,  92599,  92604,  92599,  92604,  92599,  92604,  92599,  92604, 
Branch dir mis:           651,    631,    623,    624,    620,    620,    620,    620,    620,    620,    620,    620,    620,    620,    620,    620,    620,    620,    620,    620, 
Load-use interlock:         651,    664,    663,    660,    659,    660,    659,    660,    659,    660,    659,    660,    659,    660,    659,    660,    659,    660,    659,    660, 
Result: aa4483c8668fd2fffe96c4ab235ec826
Expected result: aa4483c8668fd2fffe96c4ab235ec826
