[1F[0J[?25h[0;39;49mBench Clock Reset Complete
ATE0-->OK
AT+BLEINIT=0-->OK
AT+CWMODE=0-->OK
Cycle counts:          2[1F[0J[?25h[0;39;49mBench Clock Reset Complete
ATE0-->ATE0
OK
AT+BLEINIT=0-->OK
AT+CWMODE=0-->OK
Cycle counts:          245547,   8242,   8219,   8214,   8225,   8227,   8212,   8196,   8213,   8191,   8197,   8191,   8197,   8191,   8197,   8191,   8197,   8191,   8197,   8191,   8197,   8191,   8197,   8191,   8197,   8191,   8197,   8191,   8197,   8191,   8197,   8191,   8197,   8191,   8197,   8191,   8197,   8191,   8197,   8191,   8197,   8191,   8197,   8191,   8197,   8191,   8197,   8191,   8197, 
Branch mispredictions:            28,     23,     15,     14,     17,     18,     13,      8,     13,      7,      8,      7,      8,      7,      8,      7,      8,      7,      8,      7,      8,      7,      8,      7,      8,      7,      8,      7,      8,      7,      8,      7,      8,      7,      8,      7,      8,      7,      8,      7,      8,      7,      8,      7,      8,      7,      8,      7,      8, 
ICache misses:       108,      0,      0,      0,      0,      0,      0,      0,      0,      0,      0,      0,      0,      0,      0,      0,      0,      0,      0,      0,      0,      0,      0,      0,      0,      0,      0,      0,      0,      0,      0,      0,      0,      0,      0,      0,      0,      0,      0,      0,      0,      0,      0,      0,      0,      0,      0,      0,      0, 
Result: f3eeed2382314d0316fa95120c19bef1
Expected result: [f3, ee, ed, 23, 82, 31, 4d, 3, 16, fa, 95, 12, c, 19, be, f1]
[1F[0J[?25h[0;39;49mBench Clock Reset Complete
ATE0-->OK
AT+BLEINIT=0-->OK
AT+CWMODE=0-->OK
Cycle counts:          245543,   8247,   8230,   8216,   8211,   8216,   8231,   8222,   8221,   8218,   8224,   8214,   8210,   8214,   8204,   8214,   8204,   8214,   8204,   8214,   8204,   8214,   8204,   8214,   8204,   8214,   8204,   8214,   8204,   8214,   8204,   8214,   8204,   8214,   8204,   8214,   8204,   8214,   8204,   8214,   8204,   8214,   8204,   8214,   8204,   8214,   8204,   8214,   8204, 
Branch mispredictions:            27,     24,     20,     15,     13,     14,     19,     17,     17,     16,     17,     14,     13,     14,     11,     14,     11,     14,     11,     14,     11,     14,     11,     14,     11,     14,     11,     14,     11,     14,     11,     14,     11,     14,     11,     14,     11,     14,     11,     14,     11,     14,     11,     14,     11,     14,     11,     14,     11, 
ICache misses:       108,      0,      0,      0,      0,      0,      0,      0,      0,      0,      0,      0,      0,      0,      0,      0,      0,      0,      0,      0,      0,      0,      0,      0,      0,      0,      0,      0,      0,      0,      0,      0,      0,      0,      0,      0,      0,      0,      0,      0,      0,      0,      0,      0,      0,      0,      0,      0,      0, 
Result: baf242ff19bd32307e93d45e03448d6b
Expected result: [ba, f2, 42, ff, 19, bd, 32, 30, 7e, 93, d4, 5e, 3, 44, 8d, 6b]
