[1F[0J[?25h[0;39;49mBench Clock Reset Complete
ATE0-->ATE0
OK
AT+BLEINIT=0-->OK
AT+CWMODE=0-->OK
Cycle counts:          9519287, 8641499, 8587564, 8552577, 8550170, 8550170, 8550170, 8550170, 8550170, 8550170, 8550170, 8550170, 8550170, 8550170, 8550170, 8550170, 8550170, 8550170, 8550170, 8550170, 8550170, 8550170, 8550170, 8550170, 8550170, 8550170, 8550170, 8550170, 8550170, 8550170, 8550170, 8550170, 8550170, 8550170, 8550170, 8550170, 8550170, 8550170, 8550170, 8550170, 8550170, 8550170, 8550170, 8550170, 8550170, 8550170, 8550170, 8550170, 8550170, 8550170, 
Branch mispredictions:          5892,  10423,  10407,  10403,  10403,  10403,  10403,  10403,  10403,  10403,  10403,  10403,  10403,  10403,  10403,  10403,  10403,  10403,  10403,  10403,  10403,  10403,  10403,  10403,  10403,  10403,  10403,  10403,  10403,  10403,  10403,  10403,  10403,  10403,  10403,  10403,  10403,  10403,  10403,  10403,  10403,  10403,  10403,  10403,  10403,  10403,  10403,  10403,  10403,  10403, 
ICache misses:       447,     41,     16,      1,      0,      0,      0,      0,      0,      0,      0,      0,      0,      0,      0,      0,      0,      0,      0,      0,      0,      0,      0,      0,      0,      0,      0,      0,      0,      0,      0,      0,      0,      0,      0,      0,      0,      0,      0,      0,      0,      0,      0,      0,      0,      0,      0,      0,      0,      0, 
Result: 678086d75a374e17e09b76dc2000b7b9b04fe98e9871435f44431f1658d88f42
Expected result: 0x67, 0x80, 0x86, 0xd7, 0x5a, 0x37, 0x4e, 0x17, 0xe0, 0x9b, 0x76, 0xdc, 0x20, 0x00, 0xb7, 0xb9, 0xb0, 0x4f, 0xe9, 0x8e, 0x98, 0x71, 0x43, 0x5f, 0x44, 0x43, 0x1f, 0x16, 0x58, 0xd8, 0x8f, 0x42
[1F[0J[?25h[0;39;49mBench Clock Reset Complete
ATE0-->OK
AT+BLEINIT=0-->OK
AT+CWMODE=0-->OK
Cycle counts:          9533995, 8621747, 8569041, 8564221, 8552185, 8552185, 8552185, 8552185, 8552185, 8552185, 8552185, 8552185, 8552185, 8552185, 8552185, 8552185, 8552185, 8552185, 8552185, 8552185, 8552185, 8552185, 8552185, 8552185, 8552185, 8552185, 8552185, 8552185, 8552185, 8552185, 8552185, 8552185, 8552185, 8552185, 8552185, 8552185, 8552185, 8552185, 8552185, 8552185, 8552185, 8552185, 8552185, 8552185, 8552185, 8552185, 8552185, 8552185, 8552185, 8552185, 
Branch mispredictions:         17662,  10392,  10987,  10984,  10984,  10984,  10984,  10984,  10984,  10984,  10984,  10984,  10984,  10984,  10984,  10984,  10984,  10984,  10984,  10984,  10984,  10984,  10984,  10984,  10984,  10984,  10984,  10984,  10984,  10984,  10984,  10984,  10984,  10984,  10984,  10984,  10984,  10984,  10984,  10984,  10984,  10984,  10984,  10984,  10984,  10984,  10984,  10984,  10984,  10984, 
ICache misses:       439,     32,      7,      5,      0,      0,      0,      0,      0,      0,      0,      0,      0,      0,      0,      0,      0,      0,      0,      0,      0,      0,      0,      0,      0,      0,      0,      0,      0,      0,      0,      0,      0,      0,      0,      0,      0,      0,      0,      0,      0,      0,      0,      0,      0,      0,      0,      0,      0,      0, 
Result: bca7d8fb10ca71f664ceb51e9666ba7eeda2179354f461ab888cf8ff3dc58b16
Expected result: 0xbc, 0xa7, 0xd8, 0xfb, 0x10, 0xca, 0x71, 0xf6, 0x64, 0xce, 0xb5, 0x1e, 0x96, 0x66, 0xba, 0x7e, 0xed, 0xa2, 0x17, 0x93, 0x54, 0xf4, 0x61, 0xab, 0x88, 0x8c, 0xf8, 0xff, 0x3d, 0xc5, 0x8b, 0x16
