Cycle counts:          11712688, 10901627, 10862536, 10861054, 10890161, 10874720, 10911746, 10893627, 10906715, 10888606, 10905372, 10837626, 10831528, 10872954, 10895827, 10863277, 10886940, 10882634, 10883793, 10884831, 
Branch dir mis:            34,     25,     24,     24,     24,     24,     24,     24,     24,     24,     24,     24,     24,     24,     24,     24,     24,     24,     24,     24, 
Branch target mis:     29431,  30646,  30641,  30625,  30646,  30642,  30826,  30626,  30645,  30645,  30621,  30645,  30641,  30624,  30645,  30852,  31021,  30643,  30645,  30620, 
Result: 690dd2261beace0cd0caf4bbe2e54d301698b7bfe8655ec1e58f0848c93e7511
Expected result: 690dd2261beace0cd0caf4bbe2e54d301698b7bfe8655ec1e58f0848c93e7511
Cycle counts:          11778557, 10929512, 10901677, 10893874, 10886093, 10896261, 10854527, 10858009, 10928031, 10882993, 10840727, 10927754, 10914947, 10863663, 10901913, 10848014, 10873622, 10832148, 10857300, 10917630, 
Branch dir mis:            39,     25,     26,     24,     24,     24,     24,     24,     24,     24,     24,     24,     24,     24,     24,     24,     24,     24,     24,     24, 
Branch target mis:     31207,  30646,  30905,  31021,  30621,  30645,  30624,  30646,  30626,  30620,  30645,  30625,  30642,  30641,  30642,  30621,  30901,  31021,  30643,  30641, 
Result: cde660de3e911c4fa8a75c4d40a546b1ad539cba05bc00788f3a8d4c9ea0b916
Expected result: cde660de3e911c4fa8a75c4d40a546b1ad539cba05bc00788f3a8d4c9ea0b916
Cycle counts:          11712715, 10901615, 10862536, 10861054, 10890161, 10874720, 10911746, 10893627, 10906715, 10888606, 10905372, 10837626, 10831528, 10872954, 10895827, 10863277, 10886940, 10882634, 10883793, 10884831, 
Branch dir mis:            40,     25,     24,     24,     24,     24,     24,     24,     24,     24,     24,     24,     24,     24,     24,     24,     24,     24,     24,     24, 
Branch target mis:     29435,  30642,  30641,  30625,  30646,  30642,  30826,  30626,  30645,  30645,  30621,  30645,  30641,  30624,  30645,  30852,  31021,  30643,  30645,  30620, 
Result: eecf39bc896a257b36b05af4844a5b870fb83e0a650d31923882903f93048576
Expected result: eecf39bc896a257b36b05af4844a5b870fb83e0a650d31923882903f93048576
Cycle counts:          11778558, 10929502, 10901685, 10893874, 10886093, 10896261, 10854527, 10858009, 10928031, 10882993, 10840727, 10927754, 10914947, 10863663, 10901913, 10848014, 10873622, 10832148, 10857300, 10917630, 
Branch dir mis:            39,     25,     24,     24,     24,     24,     24,     24,     24,     24,     24,     24,     24,     24,     24,     24,     24,     24,     24,     24, 
Branch target mis:     31207,  30642,  30905,  31021,  30621,  30645,  30624,  30646,  30626,  30620,  30645,  30625,  30642,  30641,  30642,  30621,  30901,  31021,  30643,  30641, 
Result: c1a0896a21bdd600528f56b3d656979e5f871bd2095fdb3b7016dc9e2d631462
Expected result: c1a0896a21bdd600528f56b3d656979e5f871bd2095fdb3b7016dc9e2d631462
Cycle counts:          11712715, 10901615, 10862536, 10861054, 10890161, 10874720, 10911746, 10893627, 10906715, 10888606, 10905372, 10837626, 10831528, 10872954, 10895827, 10863277, 10886940, 10882634, 10883793, 10884831, 
Branch dir mis:            40,     25,     24,     24,     24,     24,     24,     24,     24,     24,     24,     24,     24,     24,     24,     24,     24,     24,     24,     24, 
Branch target mis:     29435,  30642,  30641,  30625,  30646,  30642,  30826,  30626,  30645,  30645,  30621,  30645,  30641,  30624,  30645,  30852,  31021,  30643,  30645,  30620, 
Result: 33de196c557011003c0517a12afeb3ee531188cad532247676618ea02ad19824
Expected result: 33de196c557011003c0517a12afeb3ee531188cad532247676618ea02ad19824
Cycle counts:          11779677, 10929512, 10901674, 10893874, 10886093, 10896261, 10854527, 10858009, 10928031, 10882993, 10840727, 10927754, 10914947, 10863663, 10901913, 10848014, 10873622, 10832148, 10857300, 10917630, 
Branch dir mis:            40,     25,     25,     24,     24,     24,     24,     24,     24,     24,     24,     24,     24,     24,     24,     24,     24,     24,     24,     24, 
Branch target mis:     30445,  30646,  30905,  31021,  30621,  30645,  30624,  30646,  30626,  30620,  30645,  30625,  30642,  30641,  30642,  30621,  30901,  31021,  30643,  30641, 
Result: 407e021355e4f6c10381a0708c2cc33a42b0ad77b3b2f7bf683142c32ffceb00
Expected result: 407e021355e4f6c10381a0708c2cc33a42b0ad77b3b2f7bf683142c32ffceb00
Cycle counts:          11715825, 10901615, 10862536, 10861054, 10890161, 10874720, 10911746, 10893627, 10906715, 10888606, 10905372, 10837626, 10831528, 10872954, 10895827, 10863277, 10886940, 10882634, 10883793, 10884831, 
Branch dir mis:            41,     25,     24,     24,     24,     24,     24,     24,     24,     24,     24,     24,     24,     24,     24,     24,     24,     24,     24,     24, 
Branch target mis:     31203,  30642,  30641,  30625,  30646,  30642,  30826,  30626,  30645,  30645,  30621,  30645,  30641,  30624,  30645,  30852,  31021,  30643,  30645,  30620, 
Result: 61fd99cbfb7246efe00f2d464ab117fff94de72eae818e72130066fea3f99747
Expected result: 61fd99cbfb7246efe00f2d464ab117fff94de72eae818e72130066fea3f99747
Cycle counts:          11779677, 10929512, 10901674, 10893874, 10886093, 10896261, 10854527, 10858009, 10928031, 10882993, 10840727, 10927754, 10914947, 10863663, 10901913, 10848014, 10873622, 10832148, 10857300, 10917630, 
Branch dir mis:            40,     25,     25,     24,     24,     24,     24,     24,     24,     24,     24,     24,     24,     24,     24,     24,     24,     24,     24,     24, 
Branch target mis:     30445,  30646,  30905,  31021,  30621,  30645,  30624,  30646,  30626,  30620,  30645,  30625,  30642,  30641,  30642,  30621,  30901,  31021,  30643,  30641, 
Result: cac0c8f1adbd745e58714e4b1169fffa4da3fc8eb188748b1c28748c2b2bd63d
Expected result: cac0c8f1adbd745e58714e4b1169fffa4da3fc8eb188748b1c28748c2b2bd63d
Cycle counts:          11715821, 10901615, 10862536, 10861054, 10890161, 10874720, 10911746, 10893627, 10906715, 10888606, 10905372, 10837626, 10831528, 10872954, 10895827, 10863277, 10886940, 10882634, 10883793, 10884831, 
Branch dir mis:            40,     25,     24,     24,     24,     24,     24,     24,     24,     24,     24,     24,     24,     24,     24,     24,     24,     24,     24,     24, 
Branch target mis:     31203,  30642,  30641,  30625,  30646,  30642,  30826,  30626,  30645,  30645,  30621,  30645,  30641,  30624,  30645,  30852,  31021,  30643,  30645,  30620, 
Result: 16071b98a8aa39e5351a329ad6a89f88947d72105a80540c0f5b182c8a15bd40
Expected result: 16071b98a8aa39e5351a329ad6a89f88947d72105a80540c0f5b182c8a15bd40
Cycle counts:          11778558, 10929502, 10901685, 10893874, 10886093, 10896261, 10854527, 10858009, 10928031, 10882993, 10840727, 10927754, 10914947, 10863663, 10901913, 10848014, 10873622, 10832148, 10857300, 10917630, 
Branch dir mis:            40,     25,     24,     24,     24,     24,     24,     24,     24,     24,     24,     24,     24,     24,     24,     24,     24,     24,     24,     24, 
Branch target mis:     31207,  30642,  30905,  31021,  30621,  30645,  30624,  30646,  30626,  30620,  30645,  30625,  30642,  30641,  30642,  30621,  30901,  31021,  30643,  30641, 
Result: 5f28645a5bc29b502a94716280dc3a1463228ec5cb2a680a51e45d23f5383d6d
Expected result: 5f28645a5bc29b502a94716280dc3a1463228ec5cb2a680a51e45d23f5383d6d
Cycle counts:          11712715, 10901615, 10862536, 10861054, 10890161, 10874720, 10911746, 10893627, 10906715, 10888606, 10905372, 10837626, 10831528, 10872954, 10895827, 10863277, 10886940, 10882634, 10883793, 10884831, 
Branch dir mis:            40,     25,     24,     24,     24,     24,     24,     24,     24,     24,     24,     24,     24,     24,     24,     24,     24,     24,     24,     24, 
Branch target mis:     29435,  30642,  30641,  30625,  30646,  30642,  30826,  30626,  30645,  30645,  30621,  30645,  30641,  30624,  30645,  30852,  31021,  30643,  30645,  30620, 
Result: 0838b2312e2398b772405debf41cbb5849f809166557e691ea736086504a6423
Expected result: 0838b2312e2398b772405debf41cbb5849f809166557e691ea736086504a6423
Cycle counts:          11775277, 10929509, 10901674, 10893874, 10886093, 10896261, 10854527, 10858009, 10928031, 10882993, 10840727, 10927754, 10914947, 10863663, 10901913, 10848014, 10873622, 10832148, 10857300, 10917630, 
Branch dir mis:            40,     24,     25,     24,     24,     24,     24,     24,     24,     24,     24,     24,     24,     24,     24,     24,     24,     24,     24,     24, 
Branch target mis:     29383,  30646,  30905,  31021,  30621,  30645,  30624,  30646,  30626,  30620,  30645,  30625,  30642,  30641,  30642,  30621,  30901,  31021,  30643,  30641, 
Result: a3f4ec78b00dc5b686b3af2ce277e3d4295f58f24c9676e81a92182f2ac22418
Expected result: a3f4ec78b00dc5b686b3af2ce277e3d4295f58f24c9676e81a92182f2ac22418
Cycle counts:          11715825, 10901615, 10862536, 10861054, 10890161, 10874720, 10911746, 10893627, 10906715, 10888606, 10905372, 10837626, 10831528, 10872954, 10895827, 10863277, 10886940, 10882634, 10883793, 10884831, 
Branch dir mis:            41,     25,     24,     24,     24,     24,     24,     24,     24,     24,     24,     24,     24,     24,     24,     24,     24,     24,     24,     24, 
Branch target mis:     31203,  30642,  30641,  30625,  30646,  30642,  30826,  30626,  30645,  30645,  30621,  30645,  30641,  30624,  30645,  30852,  31021,  30643,  30645,  30620, 
Result: b41be90e0cf0dff3af771e5ccde7270769877f53b784846808403e572a7f894e
Expected result: b41be90e0cf0dff3af771e5ccde7270769877f53b784846808403e572a7f894e
Cycle counts:          11778555, 10929502, 10901685, 10893874, 10886093, 10896261, 10854527, 10858009, 10928031, 10882993, 10840727, 10927754, 10914947, 10863663, 10901913, 10848014, 10873622, 10832148, 10857300, 10917630, 
Branch dir mis:            39,     25,     24,     24,     24,     24,     24,     24,     24,     24,     24,     24,     24,     24,     24,     24,     24,     24,     24,     24, 
Branch target mis:     31207,  30642,  30905,  31021,  30621,  30645,  30624,  30646,  30626,  30620,  30645,  30625,  30642,  30641,  30642,  30621,  30901,  31021,  30643,  30641, 
Result: cd2f2be82dfa7ff0d27911431418e3ad751c0284d81939aa2ae4a2252de3907f
Expected result: cd2f2be82dfa7ff0d27911431418e3ad751c0284d81939aa2ae4a2252de3907f
Cycle counts:          11712715, 10901615, 10862536, 10861054, 10890161, 10874720, 10911746, 10893627, 10906715, 10888606, 10905372, 10837626, 10831528, 10872954, 10895827, 10863277, 10886940, 10882634, 10883793, 10884831, 
Branch dir mis:            40,     25,     24,     24,     24,     24,     24,     24,     24,     24,     24,     24,     24,     24,     24,     24,     24,     24,     24,     24, 
Branch target mis:     29435,  30642,  30641,  30625,  30646,  30642,  30826,  30626,  30645,  30645,  30621,  30645,  30641,  30624,  30645,  30852,  31021,  30643,  30645,  30620, 
Result: e875998d0dd0a86597098ee9bb68572bc897cdb0e128a577fe5433c5f4552d17
Expected result: e875998d0dd0a86597098ee9bb68572bc897cdb0e128a577fe5433c5f4552d17
Cycle counts:          11778555, 10929502, 10901685, 10893874, 10886093, 10896261, 10854527, 10858009, 10928031, 10882993, 10840727, 10927754, 10914947, 10863663, 10901913, 10848014, 10873622, 10832148, 10857300, 10917630, 
Branch dir mis:            39,     25,     24,     24,     24,     24,     24,     24,     24,     24,     24,     24,     24,     24,     24,     24,     24,     24,     24,     24, 
Branch target mis:     31207,  30642,  30905,  31021,  30621,  30645,  30624,  30646,  30626,  30620,  30645,  30625,  30642,  30641,  30642,  30621,  30901,  31021,  30643,  30641, 
Result: f8ab84b365fdc6fe667db3d51d4b03bea14f73c00669e617390683b07058a75f
Expected result: f8ab84b365fdc6fe667db3d51d4b03bea14f73c00669e617390683b07058a75f
Cycle counts:          11715824, 10901615, 10862536, 10861054, 10890161, 10874720, 10911746, 10893627, 10906715, 10888606, 10905372, 10837626, 10831528, 10872954, 10895827, 10863277, 10886940, 10882634, 10883793, 10884831, 
Branch dir mis:            41,     25,     24,     24,     24,     24,     24,     24,     24,     24,     24,     24,     24,     24,     24,     24,     24,     24,     24,     24, 
Branch target mis:     31203,  30642,  30641,  30625,  30646,  30642,  30826,  30626,  30645,  30645,  30621,  30645,  30641,  30624,  30645,  30852,  31021,  30643,  30645,  30620, 
Result: 55903d9ab5d0b91fa7e7bfa55f4427189808e9033fad349196a64d67f145cc09
Expected result: 55903d9ab5d0b91fa7e7bfa55f4427189808e9033fad349196a64d67f145cc09
Cycle counts:          11779674, 10929500, 10901674, 10893874, 10886093, 10896261, 10854527, 10858009, 10928031, 10882993, 10840727, 10927754, 10914947, 10863663, 10901913, 10848014, 10873622, 10832148, 10857300, 10917630, 
Branch dir mis:            39,     25,     25,     24,     24,     24,     24,     24,     24,     24,     24,     24,     24,     24,     24,     24,     24,     24,     24,     24, 
Branch target mis:     30445,  30642,  30905,  31021,  30621,  30645,  30624,  30646,  30626,  30620,  30645,  30625,  30642,  30641,  30642,  30621,  30901,  31021,  30643,  30641, 
Result: 91a7ad62c7bae849fb5f5a3875df69b3a8904ae37f64f279aa0b6f38204f1a30
Expected result: 91a7ad62c7bae849fb5f5a3875df69b3a8904ae37f64f279aa0b6f38204f1a30
Cycle counts:          11712718, 10901615, 10862536, 10861054, 10890161, 10874720, 10911746, 10893627, 10906715, 10888606, 10905372, 10837626, 10831528, 10872954, 10895827, 10863277, 10886940, 10882634, 10883793, 10884831, 
Branch dir mis:            41,     25,     24,     24,     24,     24,     24,     24,     24,     24,     24,     24,     24,     24,     24,     24,     24,     24,     24,     24, 
Branch target mis:     29435,  30642,  30641,  30625,  30646,  30642,  30826,  30626,  30645,  30645,  30621,  30645,  30641,  30624,  30645,  30852,  31021,  30643,  30645,  30620, 
Result: 07dfb590fe182c6ae9e78c884986f776a922bf90b453e9268e0ee64b39275f33
Expected result: 07dfb590fe182c6ae9e78c884986f776a922bf90b453e9268e0ee64b39275f33
Cycle counts:          11775280, 10929509, 10901677, 10893874, 10886093, 10896261, 10854527, 10858009, 10928031, 10882993, 10840727, 10927754, 10914947, 10863663, 10901913, 10848014, 10873622, 10832148, 10857300, 10917630, 
Branch dir mis:            40,     24,     26,     24,     24,     24,     24,     24,     24,     24,     24,     24,     24,     24,     24,     24,     24,     24,     24,     24, 
Branch target mis:     29383,  30646,  30905,  31021,  30621,  30645,  30624,  30646,  30626,  30620,  30645,  30625,  30642,  30641,  30642,  30621,  30901,  31021,  30643,  30641, 
Result: fd929f31bee3250ff019b58877128f4c3a6a8a8f6b5430059cf2ca073849c55c
Expected result: fd929f31bee3250ff019b58877128f4c3a6a8a8f6b5430059cf2ca073849c55c
Cycle counts:          11712718, 10901615, 10862536, 10861054, 10890161, 10874720, 10911746, 10893627, 10906715, 10888606, 10905372, 10837626, 10831528, 10872954, 10895827, 10863277, 10886940, 10882634, 10883793, 10884831, 
Branch dir mis:            41,     25,     24,     24,     24,     24,     24,     24,     24,     24,     24,     24,     24,     24,     24,     24,     24,     24,     24,     24, 
Branch target mis:     29435,  30642,  30641,  30625,  30646,  30642,  30826,  30626,  30645,  30645,  30621,  30645,  30641,  30624,  30645,  30852,  31021,  30643,  30645,  30620, 
Result: 0bb29d5ed04c027df33058dd08a5ba50dadc17dff7e206111c79b23783cf9726
Expected result: 0bb29d5ed04c027df33058dd08a5ba50dadc17dff7e206111c79b23783cf9726
Cycle counts:          11778559, 10929506, 10901669, 10893874, 10886093, 10896261, 10854527, 10858009, 10928031, 10882993, 10840727, 10927754, 10914947, 10863663, 10901913, 10848014, 10873622, 10832148, 10857300, 10917630, 
Branch dir mis:            39,     26,     24,     24,     24,     24,     24,     24,     24,     24,     24,     24,     24,     24,     24,     24,     24,     24,     24,     24, 
Branch target mis:     31207,  30642,  30905,  31021,  30621,  30645,  30624,  30646,  30626,  30620,  30645,  30625,  30642,  30641,  30642,  30621,  30901,  31021,  30643,  30641, 
Result: d4e1275ecf40ef0fb2983096dc6667714b467023742ccd7236b80af521276d2b
Expected result: d4e1275ecf40ef0fb2983096dc6667714b467023742ccd7236b80af521276d2b
Cycle counts:          11765468, 11069856, 10867410, 10926402, 10904040, 10887526, 10849378, 10899868, 10855958, 10889086, 10814730, 10883860, 10931801, 10845333, 10948393, 10873652, 10820811, 10879959, 10866509, 10857164, 
Branch dir mis:            42,     24,     25,     24,     24,     24,     24,     24,     24,     24,     24,     24,     24,     24,     24,     24,     24,     24,     24,     24, 
Branch target mis:     29448,  61880,  30621,  30646,  30645,  30624,  30645,  30625,  30624,  30620,  30621,  30624,  30646,  30624,  30856,  30625,  30905,  30646,  30646,  30645, 
Result: ea47bb439c65b238c05d0e1b52a72464b882c4656d700be82094cba0a6b7c623
Expected result: ea47bb439c65b238c05d0e1b52a72464b882c4656d700be82094cba0a6b7c623
Cycle counts:          11778562, 10929502, 10901685, 10893874, 10886093, 10896261, 10854527, 10858009, 10928031, 10882993, 10840727, 10927754, 10914947, 10863663, 10901913, 10848014, 10873622, 10832148, 10857300, 10917630, 
Branch dir mis:            41,     25,     24,     24,     24,     24,     24,     24,     24,     24,     24,     24,     24,     24,     24,     24,     24,     24,     24,     24, 
Branch target mis:     31207,  30642,  30905,  31021,  30621,  30645,  30624,  30646,  30626,  30620,  30645,  30625,  30642,  30641,  30642,  30621,  30901,  31021,  30643,  30641, 
Result: 1e926ccc16691703eb344258f24beefc9c6000ab25a63855bb50badbf2232f0c
Expected result: 1e926ccc16691703eb344258f24beefc9c6000ab25a63855bb50badbf2232f0c
Cycle counts:          11712715, 10901615, 10862536, 10861054, 10890161, 10874720, 10911746, 10893627, 10906715, 10888606, 10905372, 10837626, 10831528, 10872954, 10895827, 10863277, 10886940, 10882634, 10883793, 10884831, 
Branch dir mis:            40,     25,     24,     24,     24,     24,     24,     24,     24,     24,     24,     24,     24,     24,     24,     24,     24,     24,     24,     24, 
Branch target mis:     29435,  30642,  30641,  30625,  30646,  30642,  30826,  30626,  30645,  30645,  30621,  30645,  30641,  30624,  30645,  30852,  31021,  30643,  30645,  30620, 
Result: 2dcd6df126408aa973563354fd20ad0fc08c9ee8f37db46208746d4188b12d4b
Expected result: 2dcd6df126408aa973563354fd20ad0fc08c9ee8f37db46208746d4188b12d4b
Cycle counts:          11779674, 10929497, 10901674, 10893874, 10886093, 10896261, 10854527, 10858009, 10928031, 10882993, 10840727, 10927754, 10914947, 10863663, 10901913, 10848014, 10873622, 10832148, 10857300, 10917630, 
Branch dir mis:            39,     24,     25,     24,     24,     24,     24,     24,     24,     24,     24,     24,     24,     24,     24,     24,     24,     24,     24,     24, 
Branch target mis:     30445,  30642,  30905,  31021,  30621,  30645,  30624,  30646,  30626,  30620,  30645,  30625,  30642,  30641,  30642,  30621,  30901,  31021,  30643,  30641, 
Result: 4a8d443202b4a2f8a83a63fd684dfda566a9819e4c7f9f9bf4b7545237ea6077
Expected result: 4a8d443202b4a2f8a83a63fd684dfda566a9819e4c7f9f9bf4b7545237ea6077
Cycle counts:          11715827, 10901615, 10862536, 10861054, 10890161, 10874720, 10911746, 10893627, 10906715, 10888606, 10905372, 10837626, 10831528, 10872954, 10895827, 10863277, 10886940, 10882634, 10883793, 10884831, 
Branch dir mis:            41,     25,     24,     24,     24,     24,     24,     24,     24,     24,     24,     24,     24,     24,     24,     24,     24,     24,     24,     24, 
Branch target mis:     31203,  30642,  30641,  30625,  30646,  30642,  30826,  30626,  30645,  30645,  30621,  30645,  30641,  30624,  30645,  30852,  31021,  30643,  30645,  30620, 
Result: d75184369248a295d66be229e4d6a7af515128e9537251f2955351506581e42b
Expected result: d75184369248a295d66be229e4d6a7af515128e9537251f2955351506581e42b
Cycle counts:          11775274, 10929505, 10901685, 10893874, 10886093, 10896261, 10854527, 10858009, 10928031, 10882993, 10840727, 10927754, 10914947, 10863663, 10901913, 10848014, 10873622, 10832148, 10857300, 10917630, 
Branch dir mis:            39,     26,     24,     24,     24,     24,     24,     24,     24,     24,     24,     24,     24,     24,     24,     24,     24,     24,     24,     24, 
Branch target mis:     29383,  30642,  30905,  31021,  30621,  30645,  30624,  30646,  30626,  30620,  30645,  30625,  30642,  30641,  30642,  30621,  30901,  31021,  30643,  30641, 
Result: f369bc2e57ad42c3678490229dbb52f6a7a4a275b1de6a1f2d77c3a69b44155e
Expected result: f369bc2e57ad42c3678490229dbb52f6a7a4a275b1de6a1f2d77c3a69b44155e
Cycle counts:          11712719, 10901615, 10862536, 10861054, 10890161, 10874720, 10911746, 10893627, 10906715, 10888606, 10905372, 10837626, 10831528, 10872954, 10895827, 10863277, 10886940, 10882634, 10883793, 10884831, 
Branch dir mis:            41,     25,     24,     24,     24,     24,     24,     24,     24,     24,     24,     24,     24,     24,     24,     24,     24,     24,     24,     24, 
Branch target mis:     29435,  30642,  30641,  30625,  30646,  30642,  30826,  30626,  30645,  30645,  30621,  30645,  30641,  30624,  30645,  30852,  31021,  30643,  30645,  30620, 
Result: 5d535a88d72f1dc40d17e599139bda002d723ff97f9dad75bb4b9fe3ba73e155
Expected result: 5d535a88d72f1dc40d17e599139bda002d723ff97f9dad75bb4b9fe3ba73e155
Cycle counts:          11779674, 10929497, 10901674, 10893874, 10886093, 10896261, 10854527, 10858009, 10928031, 10882993, 10840727, 10927754, 10914947, 10863663, 10901913, 10848014, 10873622, 10832148, 10857300, 10917630, 
Branch dir mis:            39,     24,     25,     24,     24,     24,     24,     24,     24,     24,     24,     24,     24,     24,     24,     24,     24,     24,     24,     24, 
Branch target mis:     30445,  30642,  30905,  31021,  30621,  30645,  30624,  30646,  30626,  30620,  30645,  30625,  30642,  30641,  30642,  30621,  30901,  31021,  30643,  30641, 
Result: d3569db08f4e94cab115763a1180961dc1ffcdb6a749928b452dc9d4385ab538
Expected result: d3569db08f4e94cab115763a1180961dc1ffcdb6a749928b452dc9d4385ab538
Cycle counts:          11715824, 10901615, 10862536, 10861054, 10890161, 10874720, 10911746, 10893627, 10906715, 10888606, 10905372, 10837626, 10831528, 10872954, 10895827, 10863277, 10886940, 10882634, 10883793, 10884831, 
Branch dir mis:            40,     25,     24,     24,     24,     24,     24,     24,     24,     24,     24,     24,     24,     24,     24,     24,     24,     24,     24,     24, 
Branch target mis:     31203,  30642,  30641,  30625,  30646,  30642,  30826,  30626,  30645,  30645,  30621,  30645,  30641,  30624,  30645,  30852,  31021,  30643,  30645,  30620, 
Result: f06207869a6bfb33af17fa42904ab3699aded28e0ad9dd6f57704d0c058a943c
Expected result: f06207869a6bfb33af17fa42904ab3699aded28e0ad9dd6f57704d0c058a943c
Cycle counts:          11778558, 10929502, 10901685, 10893874, 10886093, 10896261, 10854527, 10858009, 10928031, 10882993, 10840727, 10927754, 10914947, 10863663, 10901913, 10848014, 10873622, 10832148, 10857300, 10917630, 
Branch dir mis:            40,     25,     24,     24,     24,     24,     24,     24,     24,     24,     24,     24,     24,     24,     24,     24,     24,     24,     24,     24, 
Branch target mis:     31207,  30642,  30905,  31021,  30621,  30645,  30624,  30646,  30626,  30620,  30645,  30625,  30642,  30641,  30642,  30621,  30901,  31021,  30643,  30641, 
Result: 22d652f7393897d55c6a5e01792d5d2ab7c20bfde6d80ccf62c92eec1588885d
Expected result: 22d652f7393897d55c6a5e01792d5d2ab7c20bfde6d80ccf62c92eec1588885d
Cycle counts:          11715821, 10901615, 10862536, 10861054, 10890161, 10874720, 10911746, 10893627, 10906715, 10888606, 10905372, 10837626, 10831528, 10872954, 10895827, 10863277, 10886940, 10882634, 10883793, 10884831, 
Branch dir mis:            40,     25,     24,     24,     24,     24,     24,     24,     24,     24,     24,     24,     24,     24,     24,     24,     24,     24,     24,     24, 
Branch target mis:     31203,  30642,  30641,  30625,  30646,  30642,  30826,  30626,  30645,  30645,  30621,  30645,  30641,  30624,  30645,  30852,  31021,  30643,  30645,  30620, 
Result: 4c3b00a87abebb617efbb87091724074178ab0499cf9ee660d828cdbe4ef4077
Expected result: 4c3b00a87abebb617efbb87091724074178ab0499cf9ee660d828cdbe4ef4077
Cycle counts:          11775276, 10929502, 10901685, 10893874, 10886093, 10896261, 10854527, 10858009, 10928031, 10882993, 10840727, 10927754, 10914947, 10863663, 10901913, 10848014, 10873622, 10832148, 10857300, 10917630, 
Branch dir mis:            40,     25,     24,     24,     24,     24,     24,     24,     24,     24,     24,     24,     24,     24,     24,     24,     24,     24,     24,     24, 
Branch target mis:     29383,  30642,  30905,  31021,  30621,  30645,  30624,  30646,  30626,  30620,  30645,  30625,  30642,  30641,  30642,  30621,  30901,  31021,  30643,  30641, 
Result: d5dd211d985959be322c7b0550b59854fc065fc1119d551ccc1ac170d3459a77
Expected result: d5dd211d985959be322c7b0550b59854fc065fc1119d551ccc1ac170d3459a77
Cycle counts:          11715825, 10901610, 10862525, 10861054, 10890161, 10874720, 10911746, 10893627, 10906715, 10888606, 10905372, 10837626, 10831528, 10872954, 10895827, 10863277, 10886940, 10882634, 10883793, 10884831, 
Branch dir mis:            41,     24,     25,     24,     24,     24,     24,     24,     24,     24,     24,     24,     24,     24,     24,     24,     24,     24,     24,     24, 
Branch target mis:     31203,  30642,  30641,  30625,  30646,  30642,  30826,  30626,  30645,  30645,  30621,  30645,  30641,  30624,  30645,  30852,  31021,  30643,  30645,  30620, 
Result: a53becfa1340edb383e220c75ffbb6aac81101f8d12cc40eaebd58044f09f153
Expected result: a53becfa1340edb383e220c75ffbb6aac81101f8d12cc40eaebd58044f09f153
AT+CWMODE=0--> Send sync error 
Cycle counts:          11715858, 10901615, 10862536, 10861054, 10890161, 10874720, 10911746, 10893627, 10906715, 10888606, 10905372, 10837626, 10831528, 10872954, 10895827, 10863277, 10886940, 10882634, 10883793, 10884831, 
Branch dir mis:            39,     25,     24,     24,     24,     24,     24,     24,     24,     24,     24,     24,     24,     24,     24,     24,     24,     24,     24,     24, 
Branch target mis:     31217,  30642,  30641,  30625,  30646,  30642,  30826,  30626,  30645,  30645,  30621,  30645,  30641,  30624,  30645,  30852,  31021,  30643,  30645,  30620, 
Result: 0632746e25f34fc7507cd9402d22837ea6d8168114f59429f85eeb0082d3ef14
Expected result: 0632746e25f34fc7507cd9402d22837ea6d8168114f59429f85eeb0082d3ef14
Cycle counts:          11712700, 10901615, 10862536, 10861054, 10890161, 10874720, 10911746, 10893627, 10906715, 10888606, 10905372, 10837626, 10831528, 10872954, 10895827, 10863277, 10886940, 10882634, 10883793, 10884831, 
Branch dir mis:            38,     25,     24,     24,     24,     24,     24,     24,     24,     24,     24,     24,     24,     24,     24,     24,     24,     24,     24,     24, 
Branch target mis:     29431,  30642,  30641,  30625,  30646,  30642,  30826,  30626,  30645,  30645,  30621,  30645,  30641,  30624,  30645,  30852,  31021,  30643,  30645,  30620, 
Result: 7795fcd02fa668a7166c108b0d0f9dfe1c19cbd8ecd7cf0aaef43e3f1b9dfa40
Expected result: 7795fcd02fa668a7166c108b0d0f9dfe1c19cbd8ecd7cf0aaef43e3f1b9dfa40
Cycle counts:          11778559, 10929509, 10901674, 10893874, 10886093, 10896261, 10854527, 10858009, 10928031, 10882993, 10840727, 10927754, 10914947, 10863663, 10901913, 10848014, 10873622, 10832148, 10857300, 10917630, 
Branch dir mis:            40,     24,     25,     24,     24,     24,     24,     24,     24,     24,     24,     24,     24,     24,     24,     24,     24,     24,     24,     24, 
Branch target mis:     31207,  30646,  30905,  31021,  30621,  30645,  30624,  30646,  30626,  30620,  30645,  30625,  30642,  30641,  30642,  30621,  30901,  31021,  30643,  30641, 
Result: 0606e59450a706d5d4298dfdb3d2f291211d8ffde5d53fbba52e9402e906e62a
Expected result: 0606e59450a706d5d4298dfdb3d2f291211d8ffde5d53fbba52e9402e906e62a
Cycle counts:          11715835, 10901615, 10862536, 10861054, 10890161, 10874720, 10911746, 10893627, 10906715, 10888606, 10905372, 10837626, 10831528, 10872954, 10895827, 10863277, 10886940, 10882634, 10883793, 10884831, 
Branch dir mis:            39,     25,     24,     24,     24,     24,     24,     24,     24,     24,     24,     24,     24,     24,     24,     24,     24,     24,     24,     24, 
Branch target mis:     31213,  30642,  30641,  30625,  30646,  30642,  30826,  30626,  30645,  30645,  30621,  30645,  30641,  30624,  30645,  30852,  31021,  30643,  30645,  30620, 
Result: aa4f203e1c92bc552e7200c544b3a1d91a65a8a36cce07679b3c8d34a499e42a
Expected result: aa4f203e1c92bc552e7200c544b3a1d91a65a8a36cce07679b3c8d34a499e42a
Cycle counts:          11778558, 10929502, 10901685, 10893874, 10886093, 10896261, 10854527, 10858009, 10928031, 10882993, 10840727, 10927754, 10914947, 10863663, 10901913, 10848014, 10873622, 10832148, 10857300, 10917630, 
Branch dir mis:            40,     25,     24,     24,     24,     24,     24,     24,     24,     24,     24,     24,     24,     24,     24,     24,     24,     24,     24,     24, 
Branch target mis:     31207,  30642,  30905,  31021,  30621,  30645,  30624,  30646,  30626,  30620,  30645,  30625,  30642,  30641,  30642,  30621,  30901,  31021,  30643,  30641, 
Result: be13cbb6e2b7413b771e7a18a0eb4c7d1118c36640eb7b7944617265f0822145
Expected result: be13cbb6e2b7413b771e7a18a0eb4c7d1118c36640eb7b7944617265f0822145
Cycle counts:          11712719, 10901610, 10862525, 10861054, 10890161, 10874720, 10911746, 10893627, 10906715, 10888606, 10905372, 10837626, 10831528, 10872954, 10895827, 10863277, 10886940, 10882634, 10883793, 10884831, 
Branch dir mis:            41,     24,     25,     24,     24,     24,     24,     24,     24,     24,     24,     24,     24,     24,     24,     24,     24,     24,     24,     24, 
Branch target mis:     29435,  30642,  30641,  30625,  30646,  30642,  30826,  30626,  30645,  30645,  30621,  30645,  30641,  30624,  30645,  30852,  31021,  30643,  30645,  30620, 
Result: ded8ec7edca1c007e18c9dc39520fc968dc59a07298bcd8940b9f75e1a43e404
Expected result: ded8ec7edca1c007e18c9dc39520fc968dc59a07298bcd8940b9f75e1a43e404
Cycle counts:          11775277, 10929497, 10901674, 10893874, 10886093, 10896261, 10854527, 10858009, 10928031, 10882993, 10840727, 10927754, 10914947, 10863663, 10901913, 10848014, 10873622, 10832148, 10857300, 10917630, 
Branch dir mis:            40,     24,     25,     24,     24,     24,     24,     24,     24,     24,     24,     24,     24,     24,     24,     24,     24,     24,     24,     24, 
Branch target mis:     29383,  30642,  30905,  31021,  30621,  30645,  30624,  30646,  30626,  30620,  30645,  30625,  30642,  30641,  30642,  30621,  30901,  31021,  30643,  30641, 
Result: 18611228bde7f44cdaabbcc87770cd128c3bc92ecb7bd93b8c0f21473196327e
Expected result: 18611228bde7f44cdaabbcc87770cd128c3bc92ecb7bd93b8c0f21473196327e
Cycle counts:          11715832, 10901615, 10862536, 10861054, 10890161, 10874720, 10911746, 10893627, 10906715, 10888606, 10905372, 10837626, 10831528, 10872954, 10895827, 10863277, 10886940, 10882634, 10883793, 10884831, 
Branch dir mis:            40,     25,     24,     24,     24,     24,     24,     24,     24,     24,     24,     24,     24,     24,     24,     24,     24,     24,     24,     24, 
Branch target mis:     31209,  30642,  30641,  30625,  30646,  30642,  30826,  30626,  30645,  30645,  30621,  30645,  30641,  30624,  30645,  30852,  31021,  30643,  30645,  30620, 
Result: 469e58c68037cd32a755320b62a582cd5b2d606ff80ba897bd11798e0a464b25
Expected result: 469e58c68037cd32a755320b62a582cd5b2d606ff80ba897bd11798e0a464b25
Cycle counts:          11775270, 10929502, 10901685, 10893874, 10886093, 10896261, 10854527, 10858009, 10928031, 10882993, 10840727, 10927754, 10914947, 10863663, 10901913, 10848014, 10873622, 10832148, 10857300, 10917630, 
Branch dir mis:            38,     25,     24,     24,     24,     24,     24,     24,     24,     24,     24,     24,     24,     24,     24,     24,     24,     24,     24,     24, 
Branch target mis:     29383,  30642,  30905,  31021,  30621,  30645,  30624,  30646,  30626,  30620,  30645,  30625,  30642,  30641,  30642,  30621,  30901,  31021,  30643,  30641, 
Result: 6744ac3b6ea7f3cf4240f8ce4a750deed01adb7a2f3cdf02942cbbadab8f4a3a
Expected result: 6744ac3b6ea7f3cf4240f8ce4a750deed01adb7a2f3cdf02942cbbadab8f4a3a
Cycle counts:          11715825, 10901610, 10862525, 10861054, 10890161, 10874720, 10911746, 10893627, 10906715, 10888606, 10905372, 10837626, 10831528, 10872954, 10895827, 10863277, 10886940, 10882634, 10883793, 10884831, 
Branch dir mis:            41,     24,     25,     24,     24,     24,     24,     24,     24,     24,     24,     24,     24,     24,     24,     24,     24,     24,     24,     24, 
Branch target mis:     31203,  30642,  30641,  30625,  30646,  30642,  30826,  30626,  30645,  30645,  30621,  30645,  30641,  30624,  30645,  30852,  31021,  30643,  30645,  30620, 
Result: 31b3c3e0a37a50caf648d194576a41bd6790dd1751d63b1e235344e24463dd4c
Expected result: 31b3c3e0a37a50caf648d194576a41bd6790dd1751d63b1e235344e24463dd4c
Cycle counts:          11778555, 10929502, 10901685, 10893874, 10886093, 10896261, 10854527, 10858009, 10928031, 10882993, 10840727, 10927754, 10914947, 10863663, 10901913, 10848014, 10873622, 10832148, 10857300, 10917630, 
Branch dir mis:            39,     25,     24,     24,     24,     24,     24,     24,     24,     24,     24,     24,     24,     24,     24,     24,     24,     24,     24,     24, 
Branch target mis:     31207,  30642,  30905,  31021,  30621,  30645,  30624,  30646,  30626,  30620,  30645,  30625,  30642,  30641,  30642,  30621,  30901,  31021,  30643,  30641, 
Result: 3ba8f518e19547a9b5384fce67345515cda826f639eae33f12e805761ed2d61a
Expected result: 3ba8f518e19547a9b5384fce67345515cda826f639eae33f12e805761ed2d61a
Cycle counts:          11765270, 10963185, 10867433, 10926402, 10904040, 10887526, 10849378, 10899868, 10855958, 10889086, 10814730, 10883860, 10931801, 10845333, 10948393, 10873652, 10820811, 10879959, 10866509, 10857164, 
Branch dir mis:            42,     25,     24,     24,     24,     24,     24,     24,     24,     24,     24,     24,     24,     24,     24,     24,     24,     24,     24,     24, 
Branch target mis:     29400,  28531,  30625,  30646,  30645,  30624,  30645,  30625,  30624,  30620,  30621,  30624,  30646,  30624,  30856,  30625,  30905,  30646,  30646,  30645, 
Result: 402b88e40a222d0db34a67960ce161c276373692eab1e0d83394e273317a2a52
Expected result: 402b88e40a222d0db34a67960ce161c276373692eab1e0d83394e273317a2a52
Cycle counts:          11775286, 10929509, 10901674, 10893874, 10886093, 10896261, 10854527, 10858009, 10928031, 10882993, 10840727, 10927754, 10914947, 10863663, 10901913, 10848014, 10873622, 10832148, 10857300, 10917630, 
Branch dir mis:            42,     24,     25,     24,     24,     24,     24,     24,     24,     24,     24,     24,     24,     24,     24,     24,     24,     24,     24,     24, 
Branch target mis:     29383,  30646,  30905,  31021,  30621,  30645,  30624,  30646,  30626,  30620,  30645,  30625,  30642,  30641,  30642,  30621,  30901,  31021,  30643,  30641, 
Result: 642ef9ff76dcee91d99c3adca1ca6be7c58ebe78ae8ea7e7f00ae36364addb27
Expected result: 642ef9ff76dcee91d99c3adca1ca6be7c58ebe78ae8ea7e7f00ae36364addb27
Cycle counts:          11715824, 10901615, 10862536, 10861054, 10890161, 10874720, 10911746, 10893627, 10906715, 10888606, 10905372, 10837626, 10831528, 10872954, 10895827, 10863277, 10886940, 10882634, 10883793, 10884831, 
Branch dir mis:            40,     25,     24,     24,     24,     24,     24,     24,     24,     24,     24,     24,     24,     24,     24,     24,     24,     24,     24,     24, 
Branch target mis:     31203,  30642,  30641,  30625,  30646,  30642,  30826,  30626,  30645,  30645,  30621,  30645,  30641,  30624,  30645,  30852,  31021,  30643,  30645,  30620, 
Result: 1f0a6a7a9ba69a8f44805768e58adc3d70bc1eb8e5b96dd40f4859c698b2ab51
Expected result: 1f0a6a7a9ba69a8f44805768e58adc3d70bc1eb8e5b96dd40f4859c698b2ab51
Cycle counts:          11778559, 10929509, 10901674, 10893874, 10886093, 10896261, 10854527, 10858009, 10928031, 10882993, 10840727, 10927754, 10914947, 10863663, 10901913, 10848014, 10873622, 10832148, 10857300, 10917630, 
Branch dir mis:            40,     24,     25,     24,     24,     24,     24,     24,     24,     24,     24,     24,     24,     24,     24,     24,     24,     24,     24,     24, 
Branch target mis:     31207,  30646,  30905,  31021,  30621,  30645,  30624,  30646,  30626,  30620,  30645,  30625,  30642,  30641,  30642,  30621,  30901,  31021,  30643,  30641, 
Result: 1f07da4f509022c37072eeeec801323cb8080b4467c89bc763c92bac3354ad70
Expected result: 1f07da4f509022c37072eeeec801323cb8080b4467c89bc763c92bac3354ad70
Cycle counts:          11712715, 10901615, 10862536, 10861054, 10890161, 10874720, 10911746, 10893627, 10906715, 10888606, 10905372, 10837626, 10831528, 10872954, 10895827, 10863277, 10886940, 10882634, 10883793, 10884831, 
Branch dir mis:            40,     25,     24,     24,     24,     24,     24,     24,     24,     24,     24,     24,     24,     24,     24,     24,     24,     24,     24,     24, 
Branch target mis:     29435,  30642,  30641,  30625,  30646,  30642,  30826,  30626,  30645,  30645,  30621,  30645,  30641,  30624,  30645,  30852,  31021,  30643,  30645,  30620, 
Result: f57504bc9cc253187b1ee2fe315a9b40ae309178541cf0149a29a3527d26d468
Expected result: f57504bc9cc253187b1ee2fe315a9b40ae309178541cf0149a29a3527d26d468
Cycle counts:          11778558, 10929502, 10901685, 10893874, 10886093, 10896261, 10854527, 10858009, 10928031, 10882993, 10840727, 10927754, 10914947, 10863663, 10901913, 10848014, 10873622, 10832148, 10857300, 10917630, 
Branch dir mis:            40,     25,     24,     24,     24,     24,     24,     24,     24,     24,     24,     24,     24,     24,     24,     24,     24,     24,     24,     24, 
Branch target mis:     31207,  30642,  30905,  31021,  30621,  30645,  30624,  30646,  30626,  30620,  30645,  30625,  30642,  30641,  30642,  30621,  30901,  31021,  30643,  30641, 
Result: 6943b77ea5f6e91c592ffc1c11e009dc721827955cc49bec47051b0572871a52
Expected result: 6943b77ea5f6e91c592ffc1c11e009dc721827955cc49bec47051b0572871a52
Cycle counts:          11712715, 10901615, 10862536, 10861054, 10890161, 10874720, 10911746, 10893627, 10906715, 10888606, 10905372, 10837626, 10831528, 10872954, 10895827, 10863277, 10886940, 10882634, 10883793, 10884831, 
Branch dir mis:            40,     25,     24,     24,     24,     24,     24,     24,     24,     24,     24,     24,     24,     24,     24,     24,     24,     24,     24,     24, 
Branch target mis:     29435,  30642,  30641,  30625,  30646,  30642,  30826,  30626,  30645,  30645,  30621,  30645,  30641,  30624,  30645,  30852,  31021,  30643,  30645,  30620, 
Result: 6b5fbee988198f24eab903165b1a70acc7279ace2d4ae19a8d3cfb921529bd23
Expected result: 6b5fbee988198f24eab903165b1a70acc7279ace2d4ae19a8d3cfb921529bd23
Cycle counts:          11775271, 10929505, 10901685, 10893874, 10886093, 10896261, 10854527, 10858009, 10928031, 10882993, 10840727, 10927754, 10914947, 10863663, 10901913, 10848014, 10873622, 10832148, 10857300, 10917630, 
Branch dir mis:            38,     26,     24,     24,     24,     24,     24,     24,     24,     24,     24,     24,     24,     24,     24,     24,     24,     24,     24,     24, 
Branch target mis:     29383,  30642,  30905,  31021,  30621,  30645,  30624,  30646,  30626,  30620,  30645,  30625,  30642,  30641,  30642,  30621,  30901,  31021,  30643,  30641, 
Result: 418047ba4bf2885ab60528e8b8539d29e5de14f871f0dc20b4dac677b2595d79
Expected result: 418047ba4bf2885ab60528e8b8539d29e5de14f871f0dc20b4dac677b2595d79
Cycle counts:          11715828, 10901613, 10862525, 10861054, 10890161, 10874720, 10911746, 10893627, 10906715, 10888606, 10905372, 10837626, 10831528, 10872954, 10895827, 10863277, 10886940, 10882634, 10883793, 10884831, 
Branch dir mis:            41,     25,     25,     24,     24,     24,     24,     24,     24,     24,     24,     24,     24,     24,     24,     24,     24,     24,     24,     24, 
Branch target mis:     31203,  30642,  30641,  30625,  30646,  30642,  30826,  30626,  30645,  30645,  30621,  30645,  30641,  30624,  30645,  30852,  31021,  30643,  30645,  30620, 
Result: c3b3b933d2eee8954511a6881907c61adaaf4a45bb25fe05783227693b6e3233
Expected result: c3b3b933d2eee8954511a6881907c61adaaf4a45bb25fe05783227693b6e3233
Cycle counts:          11775273, 10929502, 10901685, 10893874, 10886093, 10896261, 10854527, 10858009, 10928031, 10882993, 10840727, 10927754, 10914947, 10863663, 10901913, 10848014, 10873622, 10832148, 10857300, 10917630, 
Branch dir mis:            39,     25,     24,     24,     24,     24,     24,     24,     24,     24,     24,     24,     24,     24,     24,     24,     24,     24,     24,     24, 
Branch target mis:     29383,  30642,  30905,  31021,  30621,  30645,  30624,  30646,  30626,  30620,  30645,  30625,  30642,  30641,  30642,  30621,  30901,  31021,  30643,  30641, 
Result: ec35e73daaa9d0e6c5654d3b3b7f41c8df0b6385a38fcf2d7ebf59ac4f7ab72a
Expected result: ec35e73daaa9d0e6c5654d3b3b7f41c8df0b6385a38fcf2d7ebf59ac4f7ab72a
Cycle counts:          11712715, 10901615, 10862536, 10861054, 10890161, 10874720, 10911746, 10893627, 10906715, 10888606, 10905372, 10837626, 10831528, 10872954, 10895827, 10863277, 10886940, 10882634, 10883793, 10884831, 
Branch dir mis:            40,     25,     24,     24,     24,     24,     24,     24,     24,     24,     24,     24,     24,     24,     24,     24,     24,     24,     24,     24, 
Branch target mis:     29435,  30642,  30641,  30625,  30646,  30642,  30826,  30626,  30645,  30645,  30621,  30645,  30641,  30624,  30645,  30852,  31021,  30643,  30645,  30620, 
Result: 257f942cc3398a5f9078f1a8632964d4ffd531871a7b229e176f9298f90fec35
Expected result: 257f942cc3398a5f9078f1a8632964d4ffd531871a7b229e176f9298f90fec35
Cycle counts:          11775273, 10929502, 10901685, 10893874, 10886093, 10896261, 10854527, 10858009, 10928031, 10882993, 10840727, 10927754, 10914947, 10863663, 10901913, 10848014, 10873622, 10832148, 10857300, 10917630, 
Branch dir mis:            39,     25,     24,     24,     24,     24,     24,     24,     24,     24,     24,     24,     24,     24,     24,     24,     24,     24,     24,     24, 
Branch target mis:     29383,  30642,  30905,  31021,  30621,  30645,  30624,  30646,  30626,  30620,  30645,  30625,  30642,  30641,  30642,  30621,  30901,  31021,  30643,  30641, 
Result: 6719f05c0fd792efb978c93565601b828c266bae0e8e0c5d33b13cff7c10720f
Expected result: 6719f05c0fd792efb978c93565601b828c266bae0e8e0c5d33b13cff7c10720f
Cycle counts:          11712718, 10901615, 10862536, 10861054, 10890161, 10874720, 10911746, 10893627, 10906715, 10888606, 10905372, 10837626, 10831528, 10872954, 10895827, 10863277, 10886940, 10882634, 10883793, 10884831, 
Branch dir mis:            41,     25,     24,     24,     24,     24,     24,     24,     24,     24,     24,     24,     24,     24,     24,     24,     24,     24,     24,     24, 
Branch target mis:     29435,  30642,  30641,  30625,  30646,  30642,  30826,  30626,  30645,  30645,  30621,  30645,  30641,  30624,  30645,  30852,  31021,  30643,  30645,  30620, 
Result: 9936bd33ec09a5318d84cf99c2883c4a6bf6fe945fdf0d750bba1b63b0f97b7f
Expected result: 9936bd33ec09a5318d84cf99c2883c4a6bf6fe945fdf0d750bba1b63b0f97b7f
Cycle counts:          11778562, 10929509, 10901674, 10893874, 10886093, 10896261, 10854527, 10858009, 10928031, 10882993, 10840727, 10927754, 10914947, 10863663, 10901913, 10848014, 10873622, 10832148, 10857300, 10917630, 
Branch dir mis:            41,     24,     25,     24,     24,     24,     24,     24,     24,     24,     24,     24,     24,     24,     24,     24,     24,     24,     24,     24, 
Branch target mis:     31207,  30646,  30905,  31021,  30621,  30645,  30624,  30646,  30626,  30620,  30645,  30625,  30642,  30641,  30642,  30621,  30901,  31021,  30643,  30641, 
Result: ecc83126647ba47de0865bc8c60cb860b2c3feeef14f2c6017f2fa848083e430
Expected result: ecc83126647ba47de0865bc8c60cb860b2c3feeef14f2c6017f2fa848083e430
Cycle counts:          11715828, 10901613, 10862525, 10861054, 10890161, 10874720, 10911746, 10893627, 10906715, 10888606, 10905372, 10837626, 10831528, 10872954, 10895827, 10863277, 10886940, 10882634, 10883793, 10884831, 
Branch dir mis:            41,     25,     25,     24,     24,     24,     24,     24,     24,     24,     24,     24,     24,     24,     24,     24,     24,     24,     24,     24, 
Branch target mis:     31203,  30642,  30641,  30625,  30646,  30642,  30826,  30626,  30645,  30645,  30621,  30645,  30641,  30624,  30645,  30852,  31021,  30643,  30645,  30620, 
Result: c1a80c86ff90fba7ec06e0b5176193582c337b22edbec22aa30e107a4f2d9118
Expected result: c1a80c86ff90fba7ec06e0b5176193582c337b22edbec22aa30e107a4f2d9118
