Cycle counts:          57131343, 56224041, 56127541, 56112756, 56132153, 56080911, 56043713, 56101980, 56025087, 56102328, 56049230, 56094820, 56072790, 56096257, 56112658, 56067573, 56073309, 56058425, 56075141, 56104319, 
Branch dir mis:        264613, 264616, 264616, 264616, 264616, 264621, 264618, 264617, 264616, 264616, 264618, 264616, 264616, 264616, 264617, 264617, 264615, 264618, 264616, 264617, 
Branch target mis:     52161,  52219,  52359,  52108,  52107,  52109,  52007,  52151,  52219,  52359,  52360,  52360,  52220,  52360,  52358,  52221,  52007,  52360,  52361,  52359, 
Result: 7cd2af021684370e77d3d2caaf69e98ffed4ad1d319c23962976ff508ed73471
Expected result: 7cd2af021684370e77d3d2caaf69e98ffed4ad1d319c23962976ff508ed73471
Cycle counts:          57131078, 56224041, 56127541, 56112756, 56132153, 56080911, 56044196, 56101980, 56025087, 56102328, 56048731, 56094817, 56072790, 56096257, 56112658, 56067573, 56073309, 56058425, 56075138, 56104319, 
Branch dir mis:        264613, 264616, 264616, 264616, 264616, 264621, 264617, 264617, 264616, 264616, 264618, 264616, 264616, 264616, 264617, 264617, 264615, 264618, 264616, 264617, 
Branch target mis:     52096,  52219,  52359,  52108,  52107,  52109,  52151,  52151,  52219,  52359,  52220,  52359,  52220,  52360,  52358,  52221,  52007,  52360,  52360,  52359, 
Result: a0962b48698100df6eb145b0d9a319aef09b278b764a942339f4972484c1ce34
Expected result: a0962b48698100df6eb145b0d9a319aef09b278b764a942339f4972484c1ce34
Cycle counts:          57131075, 56224041, 56127541, 56112756, 56132153, 56080911, 56044196, 56101980, 56025087, 56102328, 56049230, 56094817, 56072790, 56096257, 56112658, 56067573, 56073309, 56058425, 56075141, 56104319, 
Branch dir mis:        264612, 264616, 264616, 264616, 264616, 264621, 264617, 264617, 264616, 264616, 264618, 264616, 264616, 264616, 264617, 264617, 264615, 264618, 264616, 264617, 
Branch target mis:     52096,  52219,  52359,  52108,  52107,  52109,  52151,  52151,  52219,  52359,  52360,  52359,  52220,  52360,  52358,  52221,  52007,  52360,  52361,  52359, 
Result: cd145de66cd5181d645c772974a8882987a8cd41f0eb10aa64baa8af36ed2943
Expected result: cd145de66cd5181d645c772974a8882987a8cd41f0eb10aa64baa8af36ed2943
Cycle counts:          57131371, 56224041, 56127541, 56112756, 56132153, 56080908, 56044196, 56101980, 56025087, 56102328, 56048731, 56094817, 56072790, 56096257, 56112658, 56067573, 56073309, 56058425, 56075138, 56104319, 
Branch dir mis:        264613, 264616, 264616, 264616, 264616, 264620, 264617, 264617, 264616, 264616, 264618, 264616, 264616, 264616, 264617, 264617, 264615, 264618, 264616, 264617, 
Branch target mis:     52168,  52219,  52359,  52108,  52107,  52109,  52151,  52151,  52219,  52359,  52220,  52359,  52220,  52360,  52358,  52221,  52007,  52360,  52360,  52359, 
Result: e3cf29220dab1fa2d05a0e754392a93c0bef0e2dd7c58d6310a077433129e377
Expected result: e3cf29220dab1fa2d05a0e754392a93c0bef0e2dd7c58d6310a077433129e377
Cycle counts:          57131078, 56224041, 56127541, 56112756, 56132153, 56080908, 56043713, 56101980, 56025087, 56102328, 56049230, 56094817, 56072790, 56096257, 56112658, 56067573, 56073309, 56058425, 56075141, 56104319, 
Branch dir mis:        264613, 264616, 264616, 264616, 264616, 264620, 264618, 264617, 264616, 264616, 264618, 264616, 264616, 264616, 264617, 264617, 264615, 264618, 264616, 264617, 
Branch target mis:     52096,  52219,  52359,  52108,  52107,  52109,  52007,  52151,  52219,  52359,  52360,  52359,  52220,  52360,  52358,  52221,  52007,  52360,  52361,  52359, 
Result: da0c543c64937031b05c62903bd595186aca68948b2ad35939d9dcaf37a5ad43
Expected result: da0c543c64937031b05c62903bd595186aca68948b2ad35939d9dcaf37a5ad43
Cycle counts:          57131075, 56224041, 56127042, 56112756, 56132153, 56080911, 56044196, 56101980, 56025087, 56102328, 56048731, 56094817, 56072790, 56096257, 56112660, 56067285, 56073309, 56058425, 56075138, 56104319, 
Branch dir mis:        264612, 264616, 264616, 264616, 264616, 264621, 264617, 264617, 264616, 264616, 264618, 264616, 264616, 264616, 264617, 264615, 264615, 264618, 264616, 264617, 
Branch target mis:     52096,  52219,  52219,  52108,  52107,  52109,  52151,  52151,  52219,  52359,  52220,  52359,  52220,  52360,  52359,  52150,  52007,  52360,  52360,  52359, 
Result: becfb795e365843498e76e243ce197c2f0f37b6faee24ad8ac3490f5e9940720
Expected result: becfb795e365843498e76e243ce197c2f0f37b6faee24ad8ac3490f5e9940720
Cycle counts:          57131487, 56223558, 56127541, 56112756, 56132153, 56080911, 56044196, 56101980, 56025087, 56102328, 56048731, 56094817, 56072790, 56096257, 56112660, 56067285, 56073309, 56058425, 56075141, 56104319, 
Branch dir mis:        264612, 264617, 264616, 264616, 264616, 264621, 264617, 264617, 264616, 264616, 264618, 264616, 264616, 264616, 264617, 264615, 264615, 264618, 264616, 264617, 
Branch target mis:     52207,  52075,  52359,  52108,  52107,  52109,  52151,  52151,  52219,  52359,  52220,  52359,  52220,  52360,  52359,  52150,  52007,  52360,  52361,  52359, 
Result: c8bd84676a951375598a35c52ed9f1c9e4936909286298458ff795d213642765
Expected result: c8bd84676a951375598a35c52ed9f1c9e4936909286298458ff795d213642765
Cycle counts:          57131355, 56224041, 56127541, 56112756, 56132153, 56080908, 56044196, 56101980, 56025087, 56102328, 56048731, 56094817, 56072790, 56096257, 56112658, 56067573, 56073309, 56058425, 56075138, 56104319, 
Branch dir mis:        264610, 264616, 264616, 264616, 264616, 264620, 264617, 264617, 264616, 264616, 264618, 264616, 264616, 264616, 264617, 264617, 264615, 264618, 264616, 264617, 
Branch target mis:     52165,  52219,  52359,  52108,  52107,  52109,  52151,  52151,  52219,  52359,  52220,  52359,  52220,  52360,  52358,  52221,  52007,  52360,  52360,  52359, 
Result: 0a4fad4b65745b6a115d6a69f2b68e1812e570d96c5a39070edf9a2b1a2dc67b
Expected result: 0a4fad4b65745b6a115d6a69f2b68e1812e570d96c5a39070edf9a2b1a2dc67b
Cycle counts:          57131994, 56224041, 56127042, 56112756, 56132153, 56080908, 56044196, 56101980, 56025087, 56102328, 56048731, 56094817, 56072790, 56096257, 56112658, 56067573, 56073309, 56058425, 56075138, 56104319, 
Branch dir mis:        264613, 264616, 264616, 264616, 264616, 264620, 264617, 264617, 264616, 264616, 264618, 264616, 264616, 264616, 264617, 264617, 264615, 264618, 264616, 264617, 
Branch target mis:     52342,  52219,  52219,  52108,  52107,  52109,  52151,  52151,  52219,  52359,  52220,  52359,  52220,  52360,  52358,  52221,  52007,  52360,  52360,  52359, 
Result: 3b2a0f743670997ac365f98869876086bb322f57a251101661513b5ee9b01b35
Expected result: 3b2a0f743670997ac365f98869876086bb322f57a251101661513b5ee9b01b35
Cycle counts:          57132000, 56224041, 56127042, 56112756, 56132153, 56080908, 56044196, 56101980, 56025087, 56102328, 56048731, 56094817, 56072790, 56096257, 56112658, 56067573, 56073309, 56058425, 56075138, 56104319, 
Branch dir mis:        264614, 264616, 264616, 264616, 264616, 264620, 264617, 264617, 264616, 264616, 264618, 264616, 264616, 264616, 264617, 264617, 264615, 264618, 264616, 264617, 
Branch target mis:     52343,  52219,  52219,  52108,  52107,  52109,  52151,  52151,  52219,  52359,  52220,  52359,  52220,  52360,  52358,  52221,  52007,  52360,  52360,  52359, 
Result: 4d343de4abb7dc58aa6374652eb0050035fde259af21c7d6979e4e369735fd19
Expected result: 4d343de4abb7dc58aa6374652eb0050035fde259af21c7d6979e4e369735fd19
Cycle counts:          57132003, 56224041, 56127541, 56112756, 56132153, 56080906, 56044058, 56101497, 56025087, 56102328, 56049230, 56094817, 56072790, 56096257, 56112658, 56067573, 56073309, 56058425, 56075141, 56104319, 
Branch dir mis:        264615, 264616, 264616, 264616, 264616, 264619, 264617, 264618, 264616, 264616, 264618, 264616, 264616, 264616, 264617, 264617, 264615, 264618, 264616, 264617, 
Branch target mis:     52343,  52219,  52359,  52108,  52107,  52109,  52108,  52007,  52219,  52359,  52360,  52359,  52220,  52360,  52358,  52221,  52007,  52360,  52361,  52359, 
Result: 180e5d6c197e65579d450040b327d90b19cf25be61d55fdde5645ce2c7cfac05
Expected result: 180e5d6c197e65579d450040b327d90b19cf25be61d55fdde5645ce2c7cfac05
Cycle counts:          57131484, 56224041, 56127541, 56112756, 56132153, 56080908, 56044196, 56101980, 56025087, 56102328, 56049230, 56094820, 56072790, 56096257, 56112658, 56067573, 56073309, 56058425, 56075141, 56104319, 
Branch dir mis:        264615, 264616, 264616, 264616, 264616, 264620, 264617, 264617, 264616, 264616, 264618, 264616, 264616, 264616, 264617, 264617, 264615, 264618, 264616, 264617, 
Branch target mis:     52189,  52219,  52359,  52108,  52107,  52109,  52151,  52151,  52219,  52359,  52360,  52360,  52220,  52360,  52358,  52221,  52007,  52360,  52361,  52359, 
Result: 89071b366c5e61e332fd0f162c8fa0097f976dc812588af809c1823dc862783e
Expected result: 89071b366c5e61e332fd0f162c8fa0097f976dc812588af809c1823dc862783e
Cycle counts:          57131537, 56224041, 56127541, 56112756, 56132153, 56080911, 56044196, 56101980, 56025087, 56102328, 56048731, 56094820, 56072790, 56096257, 56112658, 56067573, 56073309, 56058425, 56075138, 56104319, 
Branch dir mis:        264614, 264616, 264616, 264616, 264616, 264621, 264617, 264617, 264616, 264616, 264618, 264616, 264616, 264616, 264617, 264617, 264615, 264618, 264616, 264617, 
Branch target mis:     52219,  52219,  52359,  52108,  52107,  52109,  52151,  52151,  52219,  52359,  52220,  52360,  52220,  52360,  52358,  52221,  52007,  52360,  52360,  52359, 
Result: b11090b9e071dbbe6b3ea5cd7acd2ff1eccdddf0091d3e606a244fbf73bb0772
Expected result: b11090b9e071dbbe6b3ea5cd7acd2ff1eccdddf0091d3e606a244fbf73bb0772
Cycle counts:          57131081, 56224041, 56127541, 56112756, 56132153, 56080908, 56044196, 56101980, 56025087, 56102328, 56048731, 56094817, 56072790, 56096257, 56112658, 56067573, 56073309, 56058425, 56075141, 56104319, 
Branch dir mis:        264614, 264616, 264616, 264616, 264616, 264620, 264617, 264617, 264616, 264616, 264618, 264616, 264616, 264616, 264617, 264617, 264615, 264618, 264616, 264617, 
Branch target mis:     52096,  52219,  52359,  52108,  52107,  52109,  52151,  52151,  52219,  52359,  52220,  52359,  52220,  52360,  52358,  52221,  52007,  52360,  52361,  52359, 
Result: 26ade33307390b4502ed10ff51c85c37faf83bf9ba51341f45aaf50c2cb28740
Expected result: 26ade33307390b4502ed10ff51c85c37faf83bf9ba51341f45aaf50c2cb28740
Cycle counts:          57131475, 56223558, 56127541, 56112756, 56132153, 56080911, 56044196, 56101980, 56025087, 56102328, 56048731, 56094817, 56072790, 56096257, 56112660, 56067285, 56073309, 56058425, 56075138, 56104319, 
Branch dir mis:        264613, 264617, 264616, 264616, 264616, 264621, 264617, 264617, 264616, 264616, 264618, 264616, 264616, 264616, 264617, 264615, 264615, 264618, 264616, 264617, 
Branch target mis:     52188,  52075,  52359,  52108,  52107,  52109,  52151,  52151,  52219,  52359,  52220,  52359,  52220,  52360,  52359,  52150,  52007,  52360,  52360,  52359, 
Result: bf8623382dfa7425a0e925df430bfe9069968c1944c3906cf2dbaf13be641909
Expected result: bf8623382dfa7425a0e925df430bfe9069968c1944c3906cf2dbaf13be641909
Cycle counts:          57131072, 56223558, 56127541, 56112756, 56132153, 56080911, 56044196, 56101980, 56025087, 56102328, 56048731, 56094817, 56072790, 56096257, 56112660, 56067285, 56073309, 56058425, 56075141, 56104319, 
Branch dir mis:        264611, 264617, 264616, 264616, 264616, 264621, 264617, 264617, 264616, 264616, 264618, 264616, 264616, 264616, 264617, 264615, 264615, 264618, 264616, 264617, 
Branch target mis:     52096,  52075,  52359,  52108,  52107,  52109,  52151,  52151,  52219,  52359,  52220,  52359,  52220,  52360,  52359,  52150,  52007,  52360,  52361,  52359, 
Result: 626559a2171205b3cec738d36121a0fb5c763cda889199f09dcc146e70c2002c
Expected result: 626559a2171205b3cec738d36121a0fb5c763cda889199f09dcc146e70c2002c
Cycle counts:          57131490, 56224041, 56127541, 56112756, 56132153, 56080911, 56044196, 56101980, 56025087, 56102328, 56048731, 56094817, 56072790, 56096257, 56112658, 56067573, 56073309, 56058425, 56075141, 56104319, 
Branch dir mis:        264613, 264616, 264616, 264616, 264616, 264621, 264617, 264617, 264616, 264616, 264618, 264616, 264616, 264616, 264617, 264617, 264615, 264618, 264616, 264617, 
Branch target mis:     52207,  52219,  52359,  52108,  52107,  52109,  52151,  52151,  52219,  52359,  52220,  52359,  52220,  52360,  52358,  52221,  52007,  52360,  52361,  52359, 
Result: dcff2bed98ea7f4e02356be7ed94a8c1fee91a67ba287517d10e6e692dd61520
Expected result: dcff2bed98ea7f4e02356be7ed94a8c1fee91a67ba287517d10e6e692dd61520
Cycle counts:          57132000, 56224041, 56127042, 56112756, 56132153, 56080908, 56044196, 56101980, 56025087, 56102328, 56048731, 56094817, 56072790, 56096257, 56112658, 56067573, 56073309, 56058425, 56075141, 56104319, 
Branch dir mis:        264614, 264616, 264616, 264616, 264616, 264620, 264617, 264617, 264616, 264616, 264618, 264616, 264616, 264616, 264617, 264617, 264615, 264618, 264616, 264617, 
Branch target mis:     52343,  52219,  52219,  52108,  52107,  52109,  52151,  52151,  52219,  52359,  52220,  52359,  52220,  52360,  52358,  52221,  52007,  52360,  52361,  52359, 
Result: d64ec71970be15d9e319c0a47bee69526418c517792387b546c13699c3a9ec51
Expected result: d64ec71970be15d9e319c0a47bee69526418c517792387b546c13699c3a9ec51
Cycle counts:          57130452, 56224041, 56127541, 56112756, 56132153, 56080906, 56044058, 56101497, 56025087, 56102328, 56049230, 56094817, 56072790, 56096257, 56112658, 56067573, 56073309, 56058425, 56075138, 56104319, 
Branch dir mis:        264613, 264616, 264616, 264616, 264616, 264619, 264617, 264618, 264616, 264616, 264618, 264616, 264616, 264616, 264617, 264617, 264615, 264618, 264616, 264617, 
Branch target mis:     51921,  52219,  52359,  52108,  52107,  52109,  52108,  52007,  52219,  52359,  52360,  52359,  52220,  52360,  52358,  52221,  52007,  52360,  52360,  52359, 
Result: c0cc0b5f86018aa6a8678f73dd901b40058894624f7796f8cb6e14fd2875db60
Expected result: c0cc0b5f86018aa6a8678f73dd901b40058894624f7796f8cb6e14fd2875db60
Cycle counts:          57131472, 56224041, 56127042, 56112756, 56132153, 56080908, 56044196, 56101980, 56025087, 56102328, 56048731, 56094817, 56072790, 56096257, 56112658, 56067573, 56073309, 56058425, 56075138, 56104319, 
Branch dir mis:        264612, 264616, 264616, 264616, 264616, 264620, 264617, 264617, 264616, 264616, 264618, 264616, 264616, 264616, 264617, 264617, 264615, 264618, 264616, 264617, 
Branch target mis:     52188,  52219,  52219,  52108,  52107,  52109,  52151,  52151,  52219,  52359,  52220,  52359,  52220,  52360,  52358,  52221,  52007,  52360,  52360,  52359, 
Result: b54002e69af66c06ea927c6ec0f1b9feee1799c21d353f7bb3dd0be3cca5051b
Expected result: b54002e69af66c06ea927c6ec0f1b9feee1799c21d353f7bb3dd0be3cca5051b
Cycle counts:          57131501, 56224041, 56127042, 56112756, 56132153, 56080908, 56044196, 56101980, 56025087, 56102328, 56048731, 56094817, 56072790, 56096257, 56112658, 56067573, 56073309, 56058425, 56075138, 56104319, 
Branch dir mis:        264609, 264616, 264616, 264616, 264616, 264620, 264617, 264617, 264616, 264616, 264618, 264616, 264616, 264616, 264617, 264617, 264615, 264618, 264616, 264617, 
Branch target mis:     52211,  52219,  52219,  52108,  52107,  52109,  52151,  52151,  52219,  52359,  52220,  52359,  52220,  52360,  52358,  52221,  52007,  52360,  52360,  52359, 
Result: 4ca233dcc864b8046aeaff02dad720097810d2d581a451409a7809829a1d2445
Expected result: 4ca233dcc864b8046aeaff02dad720097810d2d581a451409a7809829a1d2445
Cycle counts:          57131487, 56224041, 56127042, 56112756, 56132153, 56080908, 56044196, 56101980, 56025087, 56102328, 56048731, 56094817, 56072790, 56096257, 56112660, 56067285, 56073309, 56058425, 56075141, 56104319, 
Branch dir mis:        264612, 264616, 264616, 264616, 264616, 264620, 264617, 264617, 264616, 264616, 264618, 264616, 264616, 264616, 264617, 264615, 264615, 264618, 264616, 264617, 
Branch target mis:     52207,  52219,  52219,  52108,  52107,  52109,  52151,  52151,  52219,  52359,  52220,  52359,  52220,  52360,  52359,  52150,  52007,  52360,  52361,  52359, 
Result: d6fc09f6ae7cff0aa1cc8ba0493ef5ffae89265c6d0c968e58e331033699df54
Expected result: d6fc09f6ae7cff0aa1cc8ba0493ef5ffae89265c6d0c968e58e331033699df54
Cycle counts:          57131078, 56224041, 56127541, 56112756, 56132153, 56080911, 56044196, 56101980, 56025087, 56102328, 56048731, 56094817, 56072790, 56096257, 56112658, 56067573, 56073309, 56058425, 56075141, 56104319, 
Branch dir mis:        264613, 264616, 264616, 264616, 264616, 264621, 264617, 264617, 264616, 264616, 264618, 264616, 264616, 264616, 264617, 264617, 264615, 264618, 264616, 264617, 
Branch target mis:     52096,  52219,  52359,  52108,  52107,  52109,  52151,  52151,  52219,  52359,  52220,  52359,  52220,  52360,  52358,  52221,  52007,  52360,  52361,  52359, 
Result: 0017408b8132c45de360ecebc66430cfd716005ab46901ba11fb4a54022cda41
Expected result: 0017408b8132c45de360ecebc66430cfd716005ab46901ba11fb4a54022cda41
Cycle counts:          57131078, 56224041, 56127541, 56112273, 56132153, 56080911, 56044196, 56101980, 56025087, 56102328, 56049230, 56094820, 56072790, 56096257, 56112658, 56067573, 56073309, 56058425, 56075141, 56104319, 
Branch dir mis:        264613, 264616, 264616, 264617, 264616, 264621, 264617, 264617, 264616, 264616, 264618, 264616, 264616, 264616, 264617, 264617, 264615, 264618, 264616, 264617, 
Branch target mis:     52096,  52219,  52359,  51964,  52107,  52109,  52151,  52151,  52219,  52359,  52360,  52360,  52220,  52360,  52358,  52221,  52007,  52360,  52361,  52359, 
Result: 87ab0cff142112ef114c2591fafee9b9d8a8f9c9eaa7451e29c10b5bc9d0845f
Expected result: 87ab0cff142112ef114c2591fafee9b9d8a8f9c9eaa7451e29c10b5bc9d0845f
Cycle counts:          57131078, 56224041, 56127541, 56112273, 56132153, 56080908, 56044196, 56101980, 56025087, 56102328, 56049230, 56094820, 56072790, 56096257, 56112658, 56067573, 56073309, 56058425, 56075141, 56104319, 
Branch dir mis:        264613, 264616, 264616, 264617, 264616, 264620, 264617, 264617, 264616, 264616, 264618, 264616, 264616, 264616, 264617, 264617, 264615, 264618, 264616, 264617, 
Branch target mis:     52096,  52219,  52359,  51964,  52107,  52109,  52151,  52151,  52219,  52359,  52360,  52360,  52220,  52360,  52358,  52221,  52007,  52360,  52361,  52359, 
Result: 25f84eff61f430e216bc70c6c668b41aa4c7616849d633e1f7590b32b9f1684f
Expected result: 25f84eff61f430e216bc70c6c668b41aa4c7616849d633e1f7590b32b9f1684f
Cycle counts:          57131997, 56224041, 56127541, 56112756, 56132153, 56080908, 56043713, 56101980, 56025087, 56102328, 56049230, 56094820, 56072790, 56096257, 56112658, 56067573, 56073309, 56058425, 56075141, 56104319, 
Branch dir mis:        264613, 264616, 264616, 264616, 264616, 264620, 264618, 264617, 264616, 264616, 264618, 264616, 264616, 264616, 264617, 264617, 264615, 264618, 264616, 264617, 
Branch target mis:     52343,  52219,  52359,  52108,  52107,  52109,  52007,  52151,  52219,  52359,  52360,  52360,  52220,  52360,  52358,  52221,  52007,  52360,  52361,  52359, 
Result: 9dd12b42bdd8beb698f0a9a35ff51608a36bd89967846409f77af6630031bb68
Expected result: 9dd12b42bdd8beb698f0a9a35ff51608a36bd89967846409f77af6630031bb68
Cycle counts:          57131075, 56224041, 56127541, 56112756, 56132153, 56080908, 56044196, 56101980, 56025087, 56102328, 56048731, 56094820, 56072790, 56096257, 56112658, 56067573, 56073309, 56058425, 56075138, 56104319, 
Branch dir mis:        264612, 264616, 264616, 264616, 264616, 264620, 264617, 264617, 264616, 264616, 264618, 264616, 264616, 264616, 264617, 264617, 264615, 264618, 264616, 264617, 
Branch target mis:     52096,  52219,  52359,  52108,  52107,  52109,  52151,  52151,  52219,  52359,  52220,  52360,  52220,  52360,  52358,  52221,  52007,  52360,  52360,  52359, 
Result: 4bb4dd28452d30b05f998f556565364053c49524413eac6a42b95ebbf7f7c04c
Expected result: 4bb4dd28452d30b05f998f556565364053c49524413eac6a42b95ebbf7f7c04c
Cycle counts:          57130709, 56223558, 56127541, 56112756, 56132153, 56080908, 56044196, 56101980, 56025087, 56102328, 56048731, 56094820, 56072790, 56096257, 56112658, 56067573, 56073309, 56058425, 56075138, 56104319, 
Branch dir mis:        264612, 264617, 264616, 264616, 264616, 264620, 264617, 264617, 264616, 264616, 264618, 264616, 264616, 264616, 264617, 264617, 264615, 264618, 264616, 264617, 
Branch target mis:     51983,  52075,  52359,  52108,  52107,  52109,  52151,  52151,  52219,  52359,  52220,  52360,  52220,  52360,  52358,  52221,  52007,  52360,  52360,  52359, 
Result: 1e7478f6fa53ccf8c4437b4d6bc6769404c5408a7aa678f9f1b93062fa0e9353
Expected result: 1e7478f6fa53ccf8c4437b4d6bc6769404c5408a7aa678f9f1b93062fa0e9353
Cycle counts:          57131075, 56223558, 56127541, 56112756, 56132153, 56080908, 56044196, 56101980, 56025087, 56102328, 56048731, 56094817, 56072790, 56096257, 56112658, 56067573, 56073309, 56058425, 56075141, 56104319, 
Branch dir mis:        264612, 264617, 264616, 264616, 264616, 264620, 264617, 264617, 264616, 264616, 264618, 264616, 264616, 264616, 264617, 264617, 264615, 264618, 264616, 264617, 
Branch target mis:     52096,  52075,  52359,  52108,  52107,  52109,  52151,  52151,  52219,  52359,  52220,  52359,  52220,  52360,  52358,  52221,  52007,  52360,  52361,  52359, 
Result: b3360f0f7f52c21948949aff6098514871cfdbe93caa61600f25c1730a325128
Expected result: b3360f0f7f52c21948949aff6098514871cfdbe93caa61600f25c1730a325128
Cycle counts:          57131484, 56224041, 56127541, 56112756, 56132153, 56080911, 56044196, 56101980, 56025087, 56102328, 56049230, 56094817, 56072790, 56096257, 56112660, 56067285, 56073309, 56058425, 56075138, 56104319, 
Branch dir mis:        264611, 264616, 264616, 264616, 264616, 264621, 264617, 264617, 264616, 264616, 264618, 264616, 264616, 264616, 264617, 264615, 264615, 264618, 264616, 264617, 
Branch target mis:     52207,  52219,  52359,  52108,  52107,  52109,  52151,  52151,  52219,  52359,  52360,  52359,  52220,  52360,  52359,  52150,  52007,  52360,  52360,  52359, 
Result: c67b80e2cc4b493a34ca5370badaa9ad1c389d1514ad2bbb4bef07b3e728511d
Expected result: c67b80e2cc4b493a34ca5370badaa9ad1c389d1514ad2bbb4bef07b3e728511d
Cycle counts:          57131081, 56224041, 56127541, 56112756, 56132153, 56080911, 56044196, 56101980, 56025087, 56102328, 56049230, 56094817, 56072790, 56096257, 56112658, 56067573, 56073309, 56058425, 56075141, 56104319, 
Branch dir mis:        264614, 264616, 264616, 264616, 264616, 264621, 264617, 264617, 264616, 264616, 264618, 264616, 264616, 264616, 264617, 264617, 264615, 264618, 264616, 264617, 
Branch target mis:     52096,  52219,  52359,  52108,  52107,  52109,  52151,  52151,  52219,  52359,  52360,  52359,  52220,  52360,  52358,  52221,  52007,  52360,  52361,  52359, 
Result: 7139a8105e9001fc43fd2c298bef90064b84c2559f6ad6f92f46f39145c2c87d
Expected result: 7139a8105e9001fc43fd2c298bef90064b84c2559f6ad6f92f46f39145c2c87d
Cycle counts:          57131483, 56224041, 56127541, 56112756, 56132153, 56080908, 56044196, 56101980, 56025087, 56102328, 56049230, 56094820, 56072790, 56096257, 56112658, 56067573, 56073309, 56058425, 56075141, 56104319, 
Branch dir mis:        264613, 264616, 264616, 264616, 264616, 264620, 264617, 264617, 264616, 264616, 264618, 264616, 264616, 264616, 264617, 264617, 264615, 264618, 264616, 264617, 
Branch target mis:     52203,  52219,  52359,  52108,  52107,  52109,  52151,  52151,  52219,  52359,  52360,  52360,  52220,  52360,  52358,  52221,  52007,  52360,  52361,  52359, 
Result: 7ebe9b73c14c05dcfd31fa1e503205dea15d884db7fbc26e7afbf75aff1c397a
Expected result: 7ebe9b73c14c05dcfd31fa1e503205dea15d884db7fbc26e7afbf75aff1c397a
Cycle counts:          57132000, 56224041, 56127541, 56112756, 56132153, 56080908, 56043713, 56101980, 56025087, 56102328, 56049230, 56094820, 56072790, 56096257, 56112658, 56067573, 56073309, 56058425, 56075141, 56104319, 
Branch dir mis:        264614, 264616, 264616, 264616, 264616, 264620, 264618, 264617, 264616, 264616, 264618, 264616, 264616, 264616, 264617, 264617, 264615, 264618, 264616, 264617, 
Branch target mis:     52343,  52219,  52359,  52108,  52107,  52109,  52007,  52151,  52219,  52359,  52360,  52360,  52220,  52360,  52358,  52221,  52007,  52360,  52361,  52359, 
Result: 341e9440fb45eec44a3d6a61a31f476f12cd67a07a1b82151de38af690c06748
Expected result: 341e9440fb45eec44a3d6a61a31f476f12cd67a07a1b82151de38af690c06748
Cycle counts:          57130459, 56224041, 56127541, 56112756, 56132153, 56080908, 56044196, 56101980, 56025087, 56102328, 56048731, 56094817, 56072790, 56096257, 56112658, 56067573, 56073309, 56058425, 56075141, 56104319, 
Branch dir mis:        264607, 264616, 264616, 264616, 264616, 264620, 264617, 264617, 264616, 264616, 264618, 264616, 264616, 264616, 264617, 264617, 264615, 264618, 264616, 264617, 
Branch target mis:     51926,  52219,  52359,  52108,  52107,  52109,  52151,  52151,  52219,  52359,  52220,  52359,  52220,  52360,  52358,  52221,  52007,  52360,  52361,  52359, 
Result: a4378c4b8f8bf759fca00f053dfe0d05ebd6f8a1ea586023e1f29b8a124f5f3a
Expected result: a4378c4b8f8bf759fca00f053dfe0d05ebd6f8a1ea586023e1f29b8a124f5f3a
Cycle counts:          57131480, 56224041, 56127541, 56112756, 56132153, 56080911, 56043713, 56101980, 56025087, 56102328, 56049230, 56094820, 56072790, 56096257, 56112660, 56067285, 56073309, 56058425, 56075138, 56104319, 
Branch dir mis:        264612, 264616, 264616, 264616, 264616, 264621, 264618, 264617, 264616, 264616, 264618, 264616, 264616, 264616, 264617, 264615, 264615, 264618, 264616, 264617, 
Branch target mis:     52203,  52219,  52359,  52108,  52107,  52109,  52007,  52151,  52219,  52359,  52360,  52360,  52220,  52360,  52359,  52150,  52007,  52360,  52360,  52359, 
Result: f71546ca7e0e751d9327957ca362e64096d229b1525c13f736974f9098892a39
Expected result: f71546ca7e0e751d9327957ca362e64096d229b1525c13f736974f9098892a39
Cycle counts:          57131994, 56224041, 56127042, 56112756, 56132153, 56080908, 56044196, 56101980, 56025087, 56102328, 56048731, 56094820, 56072790, 56096257, 56112660, 56067285, 56073309, 56058425, 56075138, 56104319, 
Branch dir mis:        264612, 264616, 264616, 264616, 264616, 264620, 264617, 264617, 264616, 264616, 264618, 264616, 264616, 264616, 264617, 264615, 264615, 264618, 264616, 264617, 
Branch target mis:     52343,  52219,  52219,  52108,  52107,  52109,  52151,  52151,  52219,  52359,  52220,  52360,  52220,  52360,  52359,  52150,  52007,  52360,  52360,  52359, 
Result: a782634f38ff9ad932308b59bd1c520922e6d8d9e9ab900d906bf1b5a0631613
Expected result: a782634f38ff9ad932308b59bd1c520922e6d8d9e9ab900d906bf1b5a0631613
Cycle counts:          57131997, 56224041, 56127541, 56112756, 56132153, 56080908, 56043713, 56101980, 56025087, 56102328, 56049230, 56094817, 56072790, 56096257, 56112660, 56067285, 56073309, 56058425, 56075138, 56104319, 
Branch dir mis:        264613, 264616, 264616, 264616, 264616, 264620, 264618, 264617, 264616, 264616, 264618, 264616, 264616, 264616, 264617, 264615, 264615, 264618, 264616, 264617, 
Branch target mis:     52343,  52219,  52359,  52108,  52107,  52109,  52007,  52151,  52219,  52359,  52360,  52359,  52220,  52360,  52359,  52150,  52007,  52360,  52360,  52359, 
Result: 978408364513418fbf3dea3aa04d7d3d632550183fe45ef286688123e7fac058
Expected result: 978408364513418fbf3dea3aa04d7d3d632550183fe45ef286688123e7fac058
Cycle counts:          57131510, 56224041, 56127541, 56112756, 56132153, 56080908, 56044196, 56101980, 56025087, 56102328, 56048731, 56094820, 56072790, 56096257, 56112660, 56067285, 56073309, 56058425, 56075138, 56104319, 
Branch dir mis:        264610, 264616, 264616, 264616, 264616, 264620, 264617, 264617, 264616, 264616, 264618, 264616, 264616, 264616, 264617, 264615, 264615, 264618, 264616, 264617, 
Branch target mis:     52213,  52219,  52359,  52108,  52107,  52109,  52151,  52151,  52219,  52359,  52220,  52360,  52220,  52360,  52359,  52150,  52007,  52360,  52360,  52359, 
Result: 9aea3b4b3b1038be42e1181e612e09ab1fc9e2fbb8454fe4db00c07db9762966
Expected result: 9aea3b4b3b1038be42e1181e612e09ab1fc9e2fbb8454fe4db00c07db9762966
Cycle counts:          57131483, 56224041, 56127541, 56112756, 56132153, 56080911, 56044196, 56101980, 56025087, 56102328, 56048731, 56094820, 56072790, 56096257, 56112658, 56067573, 56073309, 56058425, 56075138, 56104319, 
Branch dir mis:        264613, 264616, 264616, 264616, 264616, 264621, 264617, 264617, 264616, 264616, 264618, 264616, 264616, 264616, 264617, 264617, 264615, 264618, 264616, 264617, 
Branch target mis:     52203,  52219,  52359,  52108,  52107,  52109,  52151,  52151,  52219,  52359,  52220,  52360,  52220,  52360,  52358,  52221,  52007,  52360,  52360,  52359, 
Result: 74a6ab235f2e91edb13581638019492d0c42889849e0d9a88d313bcb10422b6c
Expected result: 74a6ab235f2e91edb13581638019492d0c42889849e0d9a88d313bcb10422b6c
Cycle counts:          57131338, 56224041, 56127541, 56112756, 56132153, 56080911, 56044196, 56101980, 56025087, 56102328, 56049230, 56094817, 56072790, 56096257, 56112658, 56067573, 56073309, 56058425, 56075141, 56104319, 
Branch dir mis:        264613, 264616, 264616, 264616, 264616, 264621, 264617, 264617, 264616, 264616, 264618, 264616, 264616, 264616, 264617, 264617, 264615, 264618, 264616, 264617, 
Branch target mis:     52158,  52219,  52359,  52108,  52107,  52109,  52151,  52151,  52219,  52359,  52360,  52359,  52220,  52360,  52358,  52221,  52007,  52360,  52361,  52359, 
Result: a27c3e95f10e158802784b680f6f4223313f5d269b222a103013bbed18bfbd19
Expected result: a27c3e95f10e158802784b680f6f4223313f5d269b222a103013bbed18bfbd19
Cycle counts:          57131078, 56224041, 56127042, 56112756, 56132153, 56080911, 56044196, 56101980, 56025087, 56102328, 56048731, 56094817, 56072790, 56096257, 56112658, 56067573, 56073309, 56058425, 56075138, 56104319, 
Branch dir mis:        264613, 264616, 264616, 264616, 264616, 264621, 264617, 264617, 264616, 264616, 264618, 264616, 264616, 264616, 264617, 264617, 264615, 264618, 264616, 264617, 
Branch target mis:     52096,  52219,  52219,  52108,  52107,  52109,  52151,  52151,  52219,  52359,  52220,  52359,  52220,  52360,  52358,  52221,  52007,  52360,  52360,  52359, 
Result: 00d397674b94a7d442b099c57e6cee1e4e57815165d9078ef16a09ce3bfc915b
Expected result: 00d397674b94a7d442b099c57e6cee1e4e57815165d9078ef16a09ce3bfc915b
Cycle counts:          57131072, 56223558, 56127541, 56112756, 56132153, 56080911, 56044196, 56101980, 56025087, 56102328, 56048731, 56094817, 56072790, 56096257, 56112660, 56067285, 56073309, 56058425, 56075141, 56104319, 
Branch dir mis:        264611, 264617, 264616, 264616, 264616, 264621, 264617, 264617, 264616, 264616, 264618, 264616, 264616, 264616, 264617, 264615, 264615, 264618, 264616, 264617, 
Branch target mis:     52096,  52075,  52359,  52108,  52107,  52109,  52151,  52151,  52219,  52359,  52220,  52359,  52220,  52360,  52359,  52150,  52007,  52360,  52361,  52359, 
Result: 3076f00218978521bd8140b8cd795b71dada15310cbcf5e74b4cd71cb018ac4b
Expected result: 3076f00218978521bd8140b8cd795b71dada15310cbcf5e74b4cd71cb018ac4b
Cycle counts:          57131075, 56224041, 56127541, 56112756, 56132153, 56080911, 56044196, 56101980, 56025087, 56102328, 56048731, 56094817, 56072790, 56096257, 56112658, 56067573, 56073309, 56058425, 56075138, 56104319, 
Branch dir mis:        264612, 264616, 264616, 264616, 264616, 264621, 264617, 264617, 264616, 264616, 264618, 264616, 264616, 264616, 264617, 264617, 264615, 264618, 264616, 264617, 
Branch target mis:     52096,  52219,  52359,  52108,  52107,  52109,  52151,  52151,  52219,  52359,  52220,  52359,  52220,  52360,  52358,  52221,  52007,  52360,  52360,  52359, 
Result: e718ebf85e06efe31a3b1e09ed5c3dc804667a4eaf3c40c2485ac61cd46b854f
Expected result: e718ebf85e06efe31a3b1e09ed5c3dc804667a4eaf3c40c2485ac61cd46b854f
Cycle counts:          57131078, 56224041, 56127541, 56112756, 56132153, 56080908, 56044196, 56101980, 56025087, 56102328, 56048731, 56094820, 56072790, 56096257, 56112658, 56067573, 56073309, 56058425, 56075138, 56104319, 
Branch dir mis:        264613, 264616, 264616, 264616, 264616, 264620, 264617, 264617, 264616, 264616, 264618, 264616, 264616, 264616, 264617, 264617, 264615, 264618, 264616, 264617, 
Branch target mis:     52096,  52219,  52359,  52108,  52107,  52109,  52151,  52151,  52219,  52359,  52220,  52360,  52220,  52360,  52358,  52221,  52007,  52360,  52360,  52359, 
Result: 498c7019796882c9a1fed915bbd61a44b264f5e098a9f09b8c62f2e0ee6f9159
Expected result: 498c7019796882c9a1fed915bbd61a44b264f5e098a9f09b8c62f2e0ee6f9159
Cycle counts:          57130449, 56224041, 56127541, 56112273, 56132153, 56080911, 56044196, 56101980, 56025087, 56102328, 56049230, 56094817, 56072790, 56096257, 56112658, 56067573, 56073309, 56058425, 56075141, 56104319, 
Branch dir mis:        264612, 264616, 264616, 264617, 264616, 264621, 264617, 264617, 264616, 264616, 264618, 264616, 264616, 264616, 264617, 264617, 264615, 264618, 264616, 264617, 
Branch target mis:     51921,  52219,  52359,  51964,  52107,  52109,  52151,  52151,  52219,  52359,  52360,  52359,  52220,  52360,  52358,  52221,  52007,  52360,  52361,  52359, 
Result: 0431d6a8be4d127f9fe0719a7a0d844b4a5f4154324fe8027b5f1fe27b49125c
Expected result: 0431d6a8be4d127f9fe0719a7a0d844b4a5f4154324fe8027b5f1fe27b49125c
Cycle counts:          57131483, 56224041, 56127541, 56112273, 56132153, 56080911, 56044196, 56101980, 56025087, 56102328, 56049230, 56094820, 56072790, 56096257, 56112658, 56067573, 56073309, 56058425, 56075141, 56104319, 
Branch dir mis:        264613, 264616, 264616, 264617, 264616, 264621, 264617, 264617, 264616, 264616, 264618, 264616, 264616, 264616, 264617, 264617, 264615, 264618, 264616, 264617, 
Branch target mis:     52203,  52219,  52359,  51964,  52107,  52109,  52151,  52151,  52219,  52359,  52360,  52360,  52220,  52360,  52358,  52221,  52007,  52360,  52361,  52359, 
Result: a277244a756e275bf9a23fdda29b701c0ed81b313841d84a3d85fc85c4e2050b
Expected result: a277244a756e275bf9a23fdda29b701c0ed81b313841d84a3d85fc85c4e2050b
Cycle counts:          57132000, 56224041, 56127042, 56112756, 56132153, 56080908, 56044196, 56101980, 56025087, 56102328, 56048731, 56094817, 56072790, 56096257, 56112658, 56067573, 56073309, 56058425, 56075138, 56104319, 
Branch dir mis:        264614, 264616, 264616, 264616, 264616, 264620, 264617, 264617, 264616, 264616, 264618, 264616, 264616, 264616, 264617, 264617, 264615, 264618, 264616, 264617, 
Branch target mis:     52343,  52219,  52219,  52108,  52107,  52109,  52151,  52151,  52219,  52359,  52220,  52359,  52220,  52360,  52358,  52221,  52007,  52360,  52360,  52359, 
Result: 30ed945e82831b8e54fdf25cf7234389023e54c594805880337e7e19130e5d73
Expected result: 30ed945e82831b8e54fdf25cf7234389023e54c594805880337e7e19130e5d73
Cycle counts:          57131078, 56224041, 56127541, 56112756, 56132153, 56080908, 56044196, 56101980, 56025087, 56102328, 56048731, 56094820, 56072790, 56096257, 56112658, 56067573, 56073309, 56058425, 56075138, 56104319, 
Branch dir mis:        264613, 264616, 264616, 264616, 264616, 264620, 264617, 264617, 264616, 264616, 264618, 264616, 264616, 264616, 264617, 264617, 264615, 264618, 264616, 264617, 
Branch target mis:     52096,  52219,  52359,  52108,  52107,  52109,  52151,  52151,  52219,  52359,  52220,  52360,  52220,  52360,  52358,  52221,  52007,  52360,  52360,  52359, 
Result: 5c7a3c93401ec7bd1c630238c67eb2c5042c460b0c92f495e2629764aa628f56
Expected result: 5c7a3c93401ec7bd1c630238c67eb2c5042c460b0c92f495e2629764aa628f56
Cycle counts:          57131010, 56224041, 56127541, 56112756, 56132153, 56080911, 56044196, 56101980, 56025087, 56102328, 56048731, 56094817, 56072790, 56096257, 56112658, 56067573, 56073309, 56058425, 56075138, 56104319, 
Branch dir mis:        264614, 264616, 264616, 264616, 264616, 264621, 264617, 264617, 264616, 264616, 264618, 264616, 264616, 264616, 264617, 264617, 264615, 264618, 264616, 264617, 
Branch target mis:     52064,  52219,  52359,  52108,  52107,  52109,  52151,  52151,  52219,  52359,  52220,  52359,  52220,  52360,  52358,  52221,  52007,  52360,  52360,  52359, 
Result: 0bd23e7419385786494d21ff274911b396f97219a0540a9ed8e9f059f09d5f65
Expected result: 0bd23e7419385786494d21ff274911b396f97219a0540a9ed8e9f059f09d5f65
Cycle counts:          57132000, 56224041, 56127541, 56112756, 56132153, 56080908, 56043713, 56101980, 56025087, 56102328, 56049230, 56094820, 56072790, 56096257, 56112658, 56067573, 56073309, 56058425, 56075141, 56104319, 
Branch dir mis:        264614, 264616, 264616, 264616, 264616, 264620, 264618, 264617, 264616, 264616, 264618, 264616, 264616, 264616, 264617, 264617, 264615, 264618, 264616, 264617, 
Branch target mis:     52343,  52219,  52359,  52108,  52107,  52109,  52007,  52151,  52219,  52359,  52360,  52360,  52220,  52360,  52358,  52221,  52007,  52360,  52361,  52359, 
Result: 78cea479514ee8779558249661154299f334d286e20c4d54e37409d0a283c206
Expected result: 78cea479514ee8779558249661154299f334d286e20c4d54e37409d0a283c206
Cycle counts:          57131991, 56224041, 56127042, 56112756, 56132153, 56080911, 56044196, 56101980, 56025087, 56102328, 56048731, 56094817, 56072790, 56096257, 56112658, 56067573, 56073309, 56058425, 56075138, 56104319, 
Branch dir mis:        264612, 264616, 264616, 264616, 264616, 264621, 264617, 264617, 264616, 264616, 264618, 264616, 264616, 264616, 264617, 264617, 264615, 264618, 264616, 264617, 
Branch target mis:     52342,  52219,  52219,  52108,  52107,  52109,  52151,  52151,  52219,  52359,  52220,  52359,  52220,  52360,  52358,  52221,  52007,  52360,  52360,  52359, 
Result: b9369bdc23552055c66b234cb3df60d73c8f99f941c9c5bb1fd131c72b91aa1c
Expected result: b9369bdc23552055c66b234cb3df60d73c8f99f941c9c5bb1fd131c72b91aa1c
Cycle counts:          57131365, 56224041, 56127541, 56112756, 56132153, 56080908, 56044196, 56101980, 56025087, 56102328, 56048731, 56094817, 56072790, 56096257, 56112660, 56067285, 56073309, 56058425, 56075138, 56104319, 
Branch dir mis:        264611, 264616, 264616, 264616, 264616, 264620, 264617, 264617, 264616, 264616, 264618, 264616, 264616, 264616, 264617, 264615, 264615, 264618, 264616, 264617, 
Branch target mis:     52168,  52219,  52359,  52108,  52107,  52109,  52151,  52151,  52219,  52359,  52220,  52359,  52220,  52360,  52359,  52150,  52007,  52360,  52360,  52359, 
Result: 9dc891bd08b654530debbe51944995708a80ec689608a227256b28002429af07
Expected result: 9dc891bd08b654530debbe51944995708a80ec689608a227256b28002429af07
Cycle counts:          57131501, 56224041, 56127042, 56112756, 56132153, 56080908, 56044196, 56101980, 56025087, 56102328, 56048731, 56094817, 56072790, 56096257, 56112658, 56067573, 56073309, 56058425, 56075138, 56104319, 
Branch dir mis:        264609, 264616, 264616, 264616, 264616, 264620, 264617, 264617, 264616, 264616, 264618, 264616, 264616, 264616, 264617, 264617, 264615, 264618, 264616, 264617, 
Branch target mis:     52211,  52219,  52219,  52108,  52107,  52109,  52151,  52151,  52219,  52359,  52220,  52359,  52220,  52360,  52358,  52221,  52007,  52360,  52360,  52359, 
Result: 33bd36d551db8953e6685b364c078af9b13e280888460987e305d9314e938e63
Expected result: 33bd36d551db8953e6685b364c078af9b13e280888460987e305d9314e938e63
Cycle counts:          57131478, 56223558, 56127541, 56112756, 56132153, 56080911, 56044196, 56101980, 56025087, 56102328, 56048731, 56094817, 56072790, 56096257, 56112658, 56067573, 56073309, 56058425, 56075138, 56104319, 
Branch dir mis:        264614, 264617, 264616, 264616, 264616, 264621, 264617, 264617, 264616, 264616, 264618, 264616, 264616, 264616, 264617, 264617, 264615, 264618, 264616, 264617, 
Branch target mis:     52188,  52075,  52359,  52108,  52107,  52109,  52151,  52151,  52219,  52359,  52220,  52359,  52220,  52360,  52358,  52221,  52007,  52360,  52360,  52359, 
Result: 2b60b9f2b358e571e40d857a0b83240c0c77620d1dda5d36e252db8ec95aae13
Expected result: 2b60b9f2b358e571e40d857a0b83240c0c77620d1dda5d36e252db8ec95aae13
Cycle counts:          57131487, 56224041, 56127541, 56112756, 56132153, 56080908, 56044196, 56101980, 56025087, 56102328, 56049230, 56094820, 56072790, 56096257, 56112658, 56067573, 56073309, 56058425, 56075141, 56104319, 
Branch dir mis:        264612, 264616, 264616, 264616, 264616, 264620, 264617, 264617, 264616, 264616, 264618, 264616, 264616, 264616, 264617, 264617, 264615, 264618, 264616, 264617, 
Branch target mis:     52207,  52219,  52359,  52108,  52107,  52109,  52151,  52151,  52219,  52359,  52360,  52360,  52220,  52360,  52358,  52221,  52007,  52360,  52361,  52359, 
Result: cf5c10efeb995631b7461063ca54ff9675f92e73153304a28dd0474db4434a63
Expected result: cf5c10efeb995631b7461063ca54ff9675f92e73153304a28dd0474db4434a63
Cycle counts:          57131075, 56224041, 56127541, 56112756, 56132153, 56080911, 56043713, 56101980, 56025087, 56102328, 56049230, 56094817, 56072790, 56096257, 56112658, 56067573, 56073309, 56058425, 56075141, 56104319, 
Branch dir mis:        264612, 264616, 264616, 264616, 264616, 264621, 264618, 264617, 264616, 264616, 264618, 264616, 264616, 264616, 264617, 264617, 264615, 264618, 264616, 264617, 
Branch target mis:     52096,  52219,  52359,  52108,  52107,  52109,  52007,  52151,  52219,  52359,  52360,  52359,  52220,  52360,  52358,  52221,  52007,  52360,  52361,  52359, 
Result: be02b3c79af85cae6f0f536bfb60851e758890f4ac38e0ef234e3add62e4705f
Expected result: be02b3c79af85cae6f0f536bfb60851e758890f4ac38e0ef234e3add62e4705f
Cycle counts:          57130595, 56224041, 56127541, 56112756, 56132153, 56080911, 56044196, 56101980, 56025087, 56102328, 56048731, 56094817, 56072790, 56096257, 56112658, 56067573, 56073309, 56058425, 56075138, 56104319, 
Branch dir mis:        264614, 264616, 264616, 264616, 264616, 264621, 264617, 264617, 264616, 264616, 264618, 264616, 264616, 264616, 264617, 264617, 264615, 264618, 264616, 264617, 
Branch target mis:     51952,  52219,  52359,  52108,  52107,  52109,  52151,  52151,  52219,  52359,  52220,  52359,  52220,  52360,  52358,  52221,  52007,  52360,  52360,  52359, 
Result: 29740dd8b06b0468613229c1c7e4baf9ec76fa0b8d0868d1a80978044f47ed40
Expected result: 29740dd8b06b0468613229c1c7e4baf9ec76fa0b8d0868d1a80978044f47ed40
