Cycle counts:          311334,  92611,  92605,  92594,  92596,  92601,  92605,  92601,  92605,  92601,  92605,  92601,  92605,  92601,  92605,  92601,  92605,  92601,  92605,  92601, 
Branch dir mis:           647,    626,    623,    624,    621,    621,    621,    621,    621,    621,    621,    621,    621,    621,    621,    621,    621,    621,    621,    621, 
Brach target mis:          28,     24,     26,     24,     29,     28,     28,     28,     28,     28,     28,     28,     28,     28,     28,     28,     28,     28,     28,     28, 
Result: 6c4dc5c392be430c45d7ac71d2556d38
Expected result: 6c4dc5c392be43c45d7ac71d2556d38
Cycle counts:          308909,  92615,  92605,  92594,  92596,  92601,  92605,  92601,  92605,  92601,  92605,  92601,  92605,  92601,  92605,  92601,  92605,  92601,  92605,  92601, 
Branch dir mis:           647,    627,    623,    624,    621,    621,    621,    621,    621,    621,    621,    621,    621,    621,    621,    621,    621,    621,    621,    621, 
Brach target mis:          27,     24,     26,     24,     29,     28,     28,     28,     28,     28,     28,     28,     28,     28,     28,     28,     28,     28,     28,     28, 
Result: 6f3e9205fb70deeccb72fd8364670142
Expected result: 6f3e925fb70deeccb72fd836467142
Cycle counts:          311312,  92618,  92605,  92594,  92596,  92601,  92605,  92601,  92605,  92601,  92605,  92601,  92605,  92601,  92605,  92601,  92605,  92601,  92605,  92601, 
Branch dir mis:           646,    628,    623,    624,    621,    621,    621,    621,    621,    621,    621,    621,    621,    621,    621,    621,    621,    621,    621,    621, 
Brach target mis:          27,     24,     26,     24,     29,     28,     28,     28,     28,     28,     28,     28,     28,     28,     28,     28,     28,     28,     28,     28, 
Result: aeb3c8874e50e18e40d1be8f5d30fa9d
Expected result: aeb3c8874e50e18e40d1be8f5d30fa9d
Cycle counts:          308907,  92619,  92609,  92606,  92592,  92602,  92592,  92593,  92595,  92605,  92592,  92602,  92595,  92605,  92592,  92602,  92595,  92605,  92592,  92602, 
Branch dir mis:           647,    630,    626,    625,    619,    619,    619,    621,    619,    621,    619,    621,    619,    621,    619,    621,    619,    621,    619,    621, 
Brach target mis:          27,     25,     26,     28,     29,     28,     29,     26,     28,     28,     29,     28,     28,     28,     29,     28,     28,     28,     29,     28, 
Result: f11d716901fe4a43507f7e13de01c3b8
Expected result: f11d71691fe4a43507f7e13de1c3b8
Cycle counts:          311315,  92619,  92609,  92606,  92592,  92602,  92592,  92593,  92595,  92605,  92592,  92602,  92595,  92605,  92592,  92602,  92595,  92605,  92592,  92602, 
Branch dir mis:           647,    630,    626,    625,    619,    619,    619,    621,    619,    621,    619,    621,    619,    621,    619,    621,    619,    621,    619,    621, 
Brach target mis:          27,     25,     26,     28,     29,     28,     29,     26,     28,     28,     29,     28,     28,     28,     29,     28,     28,     28,     29,     28, 
Result: 9090ca43be0b56277fb0c55d8372a7e2
Expected result: 9090ca43beb56277fb0c55d8372a7e2
Cycle counts:          311341,  92616,  92602,  92604,  92598,  92598,  92597,  92598,  92597,  92598,  92597,  92598,  92597,  92598,  92597,  92598,  92597,  92598,  92597,  92598, 
Branch dir mis:           650,    629,    623,    624,    621,    621,    621,    621,    621,    621,    621,    621,    621,    621,    621,    621,    621,    621,    621,    621, 
Brach target mis:          27,     26,     26,     28,     29,     29,     29,     29,     29,     29,     29,     29,     29,     29,     29,     29,     29,     29,     29,     29, 
Result: 84761df1b728c459f3bbef770c4fe587
Expected result: 84761df1b728c459f3bbef77c4fe587
Cycle counts:          311345,  92625,  92609,  92601,  92594,  92603,  92599,  92603,  92599,  92603,  92599,  92603,  92599,  92603,  92599,  92603,  92599,  92603,  92599,  92603, 
Branch dir mis:           652,    632,    623,    623,    620,    620,    620,    620,    620,    620,    620,    620,    620,    620,    620,    620,    620,    620,    620,    620, 
Brach target mis:          27,     26,     26,     28,     28,     28,     28,     28,     28,     28,     28,     28,     28,     28,     28,     28,     28,     28,     28,     28, 
Result: e916fce459346dda661bfdd52f5c8eb7
Expected result: e916fce459346dda661bfdd52f5c8eb7
Cycle counts:          308897,  92628,  92609,  92601,  92594,  92603,  92599,  92603,  92599,  92603,  92599,  92603,  92599,  92603,  92599,  92603,  92599,  92603,  92599,  92603, 
Branch dir mis:           643,    630,    623,    623,    620,    620,    620,    620,    620,    620,    620,    620,    620,    620,    620,    620,    620,    620,    620,    620, 
Brach target mis:          27,     26,     26,     28,     28,     28,     28,     28,     28,     28,     28,     28,     28,     28,     28,     28,     28,     28,     28,     28, 
Result: c75cbae13ca7225ade08e0686340da3c
Expected result: c75cbae13ca7225ade8e0686340da3c
Cycle counts:          311318,  92615,  92605,  92594,  92596,  92601,  92605,  92601,  92605,  92601,  92605,  92601,  92605,  92601,  92605,  92601,  92605,  92601,  92605,  92601, 
Branch dir mis:           647,    627,    623,    624,    621,    621,    621,    621,    621,    621,    621,    621,    621,    621,    621,    621,    621,    621,    621,    621, 
Brach target mis:          28,     24,     26,     24,     29,     28,     28,     28,     28,     28,     28,     28,     28,     28,     28,     28,     28,     28,     28,     28, 
Result: 698c709b29308dc013abea264a614c7c
Expected result: 698c709b29308dc013abea264a614c7c
Cycle counts:          308908,  92615,  92605,  92594,  92596,  92601,  92605,  92601,  92605,  92601,  92605,  92601,  92605,  92601,  92605,  92601,  92605,  92601,  92605,  92601, 
Branch dir mis:           647,    627,    623,    624,    621,    621,    621,    621,    621,    621,    621,    621,    621,    621,    621,    621,    621,    621,    621,    621, 
Brach target mis:          27,     24,     26,     24,     29,     28,     28,     28,     28,     28,     28,     28,     28,     28,     28,     28,     28,     28,     28,     28, 
Result: 2548653435f4f420a24aae657c39288e
Expected result: 2548653435f4f420a24aae657c39288e
Cycle counts:          311318,  92615,  92605,  92594,  92596,  92601,  92605,  92601,  92605,  92601,  92605,  92601,  92605,  92601,  92605,  92601,  92605,  92601,  92605,  92601, 
Branch dir mis:           647,    627,    623,    624,    621,    621,    621,    621,    621,    621,    621,    621,    621,    621,    621,    621,    621,    621,    621,    621, 
Brach target mis:          28,     24,     26,     24,     29,     28,     28,     28,     28,     28,     28,     28,     28,     28,     28,     28,     28,     28,     28,     28, 
Result: 4ccad6d53378f118d8ad7e881a96051d
Expected result: 4ccad6d53378f118d8ad7e881a9651d
Cycle counts:          308915,  92619,  92609,  92606,  92592,  92602,  92592,  92593,  92595,  92605,  92592,  92602,  92595,  92605,  92592,  92602,  92595,  92605,  92592,  92602, 
Branch dir mis:           649,    630,    626,    625,    619,    619,    619,    621,    619,    621,    619,    621,    619,    621,    619,    621,    619,    621,    619,    621, 
Brach target mis:          27,     25,     26,     28,     29,     28,     29,     26,     28,     28,     29,     28,     28,     28,     29,     28,     28,     28,     29,     28, 
Result: 5b8a81ee80867d40dc52574911d5a487
Expected result: 5b8a81ee80867d40dc52574911d5a487
Cycle counts:          311339,  92611,  92605,  92594,  92596,  92601,  92605,  92601,  92605,  92601,  92605,  92601,  92605,  92601,  92605,  92601,  92605,  92601,  92605,  92601, 
Branch dir mis:           647,    626,    623,    624,    621,    621,    621,    621,    621,    621,    621,    621,    621,    621,    621,    621,    621,    621,    621,    621, 
Brach target mis:          29,     24,     26,     24,     29,     28,     28,     28,     28,     28,     28,     28,     28,     28,     28,     28,     28,     28,     28,     28, 
Result: 92ddf9cd309f34a679593ab41f0f35b4
Expected result: 92ddf9cd309f34a679593ab41ff35b4
Cycle counts:          308911,  92615,  92605,  92594,  92596,  92601,  92605,  92601,  92605,  92601,  92605,  92601,  92605,  92601,  92605,  92601,  92605,  92601,  92605,  92601, 
Branch dir mis:           648,    627,    623,    624,    621,    621,    621,    621,    621,    621,    621,    621,    621,    621,    621,    621,    621,    621,    621,    621, 
Brach target mis:          27,     24,     26,     24,     29,     28,     28,     28,     28,     28,     28,     28,     28,     28,     28,     28,     28,     28,     28,     28, 
Result: 87bdfa6f3361c60194928686ba71a370
Expected result: 87bdfa6f3361c6194928686ba71a370
Cycle counts:          311331,  92611,  92605,  92594,  92596,  92601,  92605,  92601,  92605,  92601,  92605,  92601,  92605,  92601,  92605,  92601,  92605,  92601,  92605,  92601, 
Branch dir mis:           645,    626,    623,    624,    621,    621,    621,    621,    621,    621,    621,    621,    621,    621,    621,    621,    621,    621,    621,    621, 
Brach target mis:          29,     24,     26,     24,     29,     28,     28,     28,     28,     28,     28,     28,     28,     28,     28,     28,     28,     28,     28,     28, 
Result: 3a12aa5e6246b1ef6ec6f39e841494ce
Expected result: 3a12aa5e6246b1ef6ec6f39e841494ce
Cycle counts:          308925,  92611,  92605,  92594,  92596,  92601,  92605,  92601,  92605,  92601,  92605,  92601,  92605,  92601,  92605,  92601,  92605,  92601,  92605,  92601, 
Branch dir mis:           646,    626,    623,    624,    621,    621,    621,    621,    621,    621,    621,    621,    621,    621,    621,    621,    621,    621,    621,    621, 
Brach target mis:          28,     24,     26,     24,     29,     28,     28,     28,     28,     28,     28,     28,     28,     28,     28,     28,     28,     28,     28,     28, 
Result: cdb9856d46eda280dda435f690bcf2c5
Expected result: cdb9856d46eda280dda435f690bcf2c5
Cycle counts:          311319,  92615,  92605,  92594,  92596,  92601,  92605,  92601,  92605,  92601,  92605,  92601,  92605,  92601,  92605,  92601,  92605,  92601,  92605,  92601, 
Branch dir mis:           647,    627,    623,    624,    621,    621,    621,    621,    621,    621,    621,    621,    621,    621,    621,    621,    621,    621,    621,    621, 
Brach target mis:          28,     24,     26,     24,     29,     28,     28,     28,     28,     28,     28,     28,     28,     28,     28,     28,     28,     28,     28,     28, 
Result: e2ee9e2bef880f4fe792a8acbc649d82
Expected result: e2ee9e2bef88f4fe792a8acbc649d82
Cycle counts:          308930,  92611,  92605,  92594,  92596,  92601,  92605,  92601,  92605,  92601,  92605,  92601,  92605,  92601,  92605,  92601,  92605,  92601,  92605,  92601, 
Branch dir mis:           648,    626,    623,    624,    621,    621,    621,    621,    621,    621,    621,    621,    621,    621,    621,    621,    621,    621,    621,    621, 
Brach target mis:          28,     24,     26,     24,     29,     28,     28,     28,     28,     28,     28,     28,     28,     28,     28,     28,     28,     28,     28,     28, 
Result: 3fa6482d2e955d2c7f93dc11a214305c
Expected result: 3fa6482d2e955d2c7f93dc11a214305c
Cycle counts:          311316,  92615,  92605,  92594,  92596,  92601,  92605,  92601,  92605,  92601,  92605,  92601,  92605,  92601,  92605,  92601,  92605,  92601,  92605,  92601, 
Branch dir mis:           646,    627,    623,    624,    621,    621,    621,    621,    621,    621,    621,    621,    621,    621,    621,    621,    621,    621,    621,    621, 
Brach target mis:          28,     24,     26,     24,     29,     28,     28,     28,     28,     28,     28,     28,     28,     28,     28,     28,     28,     28,     28,     28, 
Result: 07ef5fcd9d7d33624e61e9412abba554
Expected result: 7ef5fcd9d7d33624e61e9412abba554
Cycle counts:          308903,  92615,  92605,  92594,  92596,  92601,  92605,  92601,  92605,  92601,  92605,  92601,  92605,  92601,  92605,  92601,  92605,  92601,  92605,  92601, 
Branch dir mis:           645,    627,    623,    624,    621,    621,    621,    621,    621,    621,    621,    621,    621,    621,    621,    621,    621,    621,    621,    621, 
Brach target mis:          27,     24,     26,     24,     29,     28,     28,     28,     28,     28,     28,     28,     28,     28,     28,     28,     28,     28,     28,     28, 
Result: 64ffd6d4055a12516f70e3f307f183fc
Expected result: 64ffd6d455a12516f70e3f37f183fc
Cycle counts:          311328,  92616,  92609,  92606,  92592,  92602,  92592,  92602,  92595,  92605,  92592,  92602,  92595,  92605,  92592,  92602,  92595,  92605,  92592,  92602, 
Branch dir mis:           645,    629,    626,    625,    619,    619,    619,    621,    619,    621,    619,    621,    619,    621,    619,    621,    619,    621,    619,    621, 
Brach target mis:          28,     25,     26,     28,     29,     28,     29,     28,     28,     28,     29,     28,     28,     28,     29,     28,     28,     28,     29,     28, 
Result: 846b988356b0efe70f2029572ce966a6
Expected result: 846b988356b0efe7f2029572ce966a6
Cycle counts:          308911,  92615,  92605,  92594,  92596,  92601,  92605,  92601,  92605,  92601,  92605,  92601,  92605,  92601,  92605,  92601,  92605,  92601,  92605,  92601, 
Branch dir mis:           648,    627,    623,    624,    621,    621,    621,    621,    621,    621,    621,    621,    621,    621,    621,    621,    621,    621,    621,    621, 
Brach target mis:          27,     24,     26,     24,     29,     28,     28,     28,     28,     28,     28,     28,     28,     28,     28,     28,     28,     28,     28,     28, 
Result: 4f3785be2318437185c47f9c7337a69b
Expected result: 4f3785be2318437185c47f9c7337a69b
Cycle counts:          311339,  92611,  92605,  92594,  92596,  92601,  92605,  92601,  92605,  92601,  92605,  92601,  92605,  92601,  92605,  92601,  92605,  92601,  92605,  92601, 
Branch dir mis:           647,    626,    623,    624,    621,    621,    621,    621,    621,    621,    621,    621,    621,    621,    621,    621,    621,    621,    621,    621, 
Brach target mis:          29,     24,     26,     24,     29,     28,     28,     28,     28,     28,     28,     28,     28,     28,     28,     28,     28,     28,     28,     28, 
Result: db5a3082d0881803f27719ba7a152c0c
Expected result: db5a3082d088183f27719ba7a152cc
Cycle counts:          313432,  97415,  97407,  97397,  92607,  92590,  92607,  92590,  92607,  92590,  92607,  92590,  92607,  92590,  92607,  92590,  92607,  92590,  92607,  92590, 
Branch dir mis:           644,    624,    620,    619,    621,    619,    621,    619,    621,    619,    621,    619,    621,    619,    621,    619,    621,    619,    621,    619, 
Brach target mis:          27,     27,     27,     28,     28,     28,     28,     28,     28,     28,     28,     28,     28,     28,     28,     28,     28,     28,     28,     28, 
Result: 8af1fa87d65460364627eeb5d412bb6d
Expected result: 8af1fa87d65460364627eeb5d412bb6d
Cycle counts:          311338,  92614,  92609,  92606,  92592,  92601,  92592,  92602,  92595,  92605,  92592,  92599,  92601,  92592,  92593,  92595,  92605,  92592,  92602,  92595, 
Branch dir mis:           648,    628,    625,    622,    619,    619,    619,    621,    619,    621,    619,    621,    619,    619,    621,    619,    621,    619,    621,    619, 
Brach target mis:          28,     25,     27,     27,     29,     28,     29,     28,     28,     28,     29,     29,     28,     29,     26,     28,     28,     29,     28,     28, 
Result: f257f8e4b2ffbcbf167f3e76606ed4ad
Expected result: f257f8e4b2ffbcbf167f3e76606ed4ad
Cycle counts:          308931,  92625,  92609,  92601,  92594,  92603,  92599,  92603,  92599,  92603,  92599,  92603,  92599,  92603,  92599,  92603,  92599,  92603,  92599,  92603, 
Branch dir mis:           648,    629,    623,    623,    620,    620,    620,    620,    620,    620,    620,    620,    620,    620,    620,    620,    620,    620,    620,    620, 
Brach target mis:          28,     26,     26,     28,     28,     28,     28,     28,     28,     28,     28,     28,     28,     28,     28,     28,     28,     28,     28,     28, 
Result: 1b6928f1feb8975aa79c70599e1812be
Expected result: 1b6928f1feb8975aa79c70599e1812be
Cycle counts:          311324,  92628,  92609,  92601,  92594,  92603,  92599,  92603,  92599,  92603,  92599,  92603,  92599,  92603,  92599,  92603,  92599,  92603,  92599,  92603, 
Branch dir mis:           649,    630,    623,    623,    620,    620,    620,    620,    620,    620,    620,    620,    620,    620,    620,    620,    620,    620,    620,    620, 
Brach target mis:          28,     26,     26,     28,     28,     28,     28,     28,     28,     28,     28,     28,     28,     28,     28,     28,     28,     28,     28,     28, 
Result: 0959b9e486376819abb46c2fc696d98f
Expected result: 959b9e486376819abb46c2fc696d98f
