Cycle counts:          388463,  74654,  74914,  77306,  74901,  74620,  74901,  77309,  74901,  74620,  74901,  77309,  74901,  74620,  74901,  77309,  74901,  74620,  74901,  77309, 
Branch dir mis:           327,    319,    317,    313,    313,    313,    313,    313,    313,    313,    313,    313,    313,    313,    313,    313,    313,    313,    313,    313, 
Branch target mis:        59,     52,     45,     44,     44,     45,     44,     45,     44,     45,     44,     45,     44,     45,     44,     45,     44,     45,     44,     45, 
Result: 784d5ec65e97acac0f5a0f5335776d92
Expected result: 784d5ec65e97acac0f5a0f5335776d92
Cycle counts:          388469,  74651,  74911,  77309,  74901,  74620,  74901,  77309,  74901,  74620,  74901,  77309,  74901,  74620,  74901,  77309,  74901,  74620,  74901,  77309, 
Branch dir mis:           330,    318,    315,    313,    313,    313,    313,    313,    313,    313,    313,    313,    313,    313,    313,    313,    313,    313,    313,    313, 
Branch target mis:        58,     52,     46,     45,     44,     45,     44,     45,     44,     45,     44,     45,     44,     45,     44,     45,     44,     45,     44,     45, 
Result: 60c790378b35cb830515bec9fa18296e
Expected result: 60c790378b35cb830515bec9fa18296e
Cycle counts:          388469,  74651,  74911,  77309,  74901,  74620,  74901,  77309,  74901,  74620,  74901,  77309,  74901,  74620,  74901,  77309,  74901,  74620,  74901,  77309, 
Branch dir mis:           330,    318,    315,    313,    313,    313,    313,    313,    313,    313,    313,    313,    313,    313,    313,    313,    313,    313,    313,    313, 
Branch target mis:        58,     52,     46,     45,     44,     45,     44,     45,     44,     45,     44,     45,     44,     45,     44,     45,     44,     45,     44,     45, 
Result: 1921f3755836f57be22f28ac365ab68a
Expected result: 1921f3755836f57be22f28ac365ab68a
Cycle counts:          388530,  74750,  74920,  77280,  74970,  74588,  74970,  77277,  74970,  74588,  74970,  77277,  74970,  74588,  74970,  77277,  74970,  74588,  74970,  77277, 
Branch dir mis:           329,    318,    315,    313,    313,    313,    313,    313,    313,    313,    313,    313,    313,    313,    313,    313,    313,    313,    313,    313, 
Branch target mis:        82,     81,     48,     35,     67,     34,     67,     34,     67,     34,     67,     34,     67,     34,     67,     34,     67,     34,     67,     34, 
Result: 61532fe529762710ea70c00dbe1f798b
Expected result: 61532fe529762710ea70c00dbe1f798b
Cycle counts:          388469,  74651,  74911,  77309,  74901,  74620,  74901,  77309,  74901,  74620,  74901,  77309,  74901,  74620,  74901,  77309,  74901,  74620,  74901,  77309, 
Branch dir mis:           330,    318,    315,    313,    313,    313,    313,    313,    313,    313,    313,    313,    313,    313,    313,    313,    313,    313,    313,    313, 
Branch target mis:        58,     52,     46,     45,     44,     45,     44,     45,     44,     45,     44,     45,     44,     45,     44,     45,     44,     45,     44,     45, 
Result: 39009fc0adbabe12cf217b794693d2f8
Expected result: 39009fc0adbabe12cf217b794693d2f8
Cycle counts:          388469,  74651,  74911,  77309,  74901,  74620,  74901,  77309,  74901,  74620,  74901,  77309,  74901,  74620,  74901,  77309,  74901,  74620,  74901,  77309, 
Branch dir mis:           330,    318,    315,    313,    313,    313,    313,    313,    313,    313,    313,    313,    313,    313,    313,    313,    313,    313,    313,    313, 
Branch target mis:        58,     52,     46,     45,     44,     45,     44,     45,     44,     45,     44,     45,     44,     45,     44,     45,     44,     45,     44,     45, 
Result: fc71b572f608c3346eae8fd97261a421
Expected result: fc71b572f608c3346eae8fd97261a421
Cycle counts:          388457,  74651,  74911,  77309,  74901,  74620,  74901,  77309,  74901,  74620,  74901,  77309,  74901,  74620,  74901,  77309,  74901,  74620,  74901,  77309, 
Branch dir mis:           329,    318,    315,    313,    313,    313,    313,    313,    313,    313,    313,    313,    313,    313,    313,    313,    313,    313,    313,    313, 
Branch target mis:        55,     52,     46,     45,     44,     45,     44,     45,     44,     45,     44,     45,     44,     45,     44,     45,     44,     45,     44,     45, 
Result: 9c61062eb338f7f22c53d43de8a102e1
Expected result: 9c61062eb338f7f22c53d43de8a102e1
Cycle counts:          388452,  74651,  74911,  77309,  74901,  74620,  74901,  77309,  74901,  74620,  74901,  77309,  74901,  74620,  74901,  77309,  74901,  74620,  74901,  77309, 
Branch dir mis:           327,    318,    315,    313,    313,    313,    313,    313,    313,    313,    313,    313,    313,    313,    313,    313,    313,    313,    313,    313, 
Branch target mis:        55,     52,     46,     45,     44,     45,     44,     45,     44,     45,     44,     45,     44,     45,     44,     45,     44,     45,     44,     45, 
Result: 79d1c3e9c920d2eeb7458a2dbb19e9a7
Expected result: 79d1c3e9c920d2eeb7458a2dbb19e9a7
ATE0-->CMD Length Timed Out Busy
 Send sync error AT+BLEINIT=0-->AT+BLEINIT=0
Cycle counts:          388531,  74651,  75031,  77410,  75008,  74624,  74901,  77310,  74901,  74617,  74901,  77306,  74901,  74617,  74901,  77306,  74901,  74617,  74901,  77306, 
Branch dir mis:           330,    317,    313,    313,    313,    313,    313,    313,    313,    313,    313,    313,    313,    313,    313,    313,    313,    313,    313,    313, 
Branch target mis:        81,     50,     88,     78,     82,     46,     45,     45,     45,     44,     45,     44,     45,     44,     45,     44,     45,     44,     45,     44, 
Result: 08e82b66aa11ae721ccbafe35254d234
Expected result: 08e82b66aa11ae721ccbafe35254d234
Cycle counts:          388467,  74651,  74911,  77309,  74901,  74620,  74901,  77309,  74901,  74620,  74901,  77309,  74901,  74620,  74901,  77309,  74901,  74620,  74901,  77309, 
Branch dir mis:           329,    318,    315,    313,    313,    313,    313,    313,    313,    313,    313,    313,    313,    313,    313,    313,    313,    313,    313,    313, 
Branch target mis:        58,     52,     46,     45,     44,     45,     44,     45,     44,     45,     44,     45,     44,     45,     44,     45,     44,     45,     44,     45, 
Result: fbd0eba9ace9326a078b2500d9b4acdd
Expected result: fbd0eba9ace9326a078b2500d9b4acdd
Cycle counts:          388460,  74659,  74911,  77309,  74901,  74620,  74901,  77309,  74901,  74620,  74901,  77309,  74901,  74620,  74901,  77309,  74901,  74620,  74901,  77309, 
Branch dir mis:           326,    321,    315,    313,    313,    313,    313,    313,    313,    313,    313,    313,    313,    313,    313,    313,    313,    313,    313,    313, 
Branch target mis:        58,     52,     46,     45,     44,     45,     44,     45,     44,     45,     44,     45,     44,     45,     44,     45,     44,     45,     44,     45, 
Result: dc54ddec632f6f58f3bcc2342e0a0539
Expected result: dc54ddec632f6f58f3bcc2342e0a0539
Cycle counts:          388464,  74651,  74911,  77309,  74901,  74620,  74901,  77309,  74901,  74620,  74901,  77309,  74901,  74620,  74901,  77309,  74901,  74620,  74901,  77309, 
Branch dir mis:           328,    318,    315,    313,    313,    313,    313,    313,    313,    313,    313,    313,    313,    313,    313,    313,    313,    313,    313,    313, 
Branch target mis:        58,     52,     46,     45,     44,     45,     44,     45,     44,     45,     44,     45,     44,     45,     44,     45,     44,     45,     44,     45, 
Result: 053f24bff0bffd24fe8c8782bc0fab96
Expected result: 053f24bff0bffd24fe8c8782bc0fab96
Cycle counts:          388464,  74651,  74911,  77309,  74901,  74620,  74901,  77309,  74901,  74620,  74901,  77309,  74901,  74620,  74901,  77309,  74901,  74620,  74901,  77309, 
Branch dir mis:           328,    318,    315,    313,    313,    313,    313,    313,    313,    313,    313,    313,    313,    313,    313,    313,    313,    313,    313,    313, 
Branch target mis:        58,     52,     46,     45,     44,     45,     44,     45,     44,     45,     44,     45,     44,     45,     44,     45,     44,     45,     44,     45, 
Result: 713a4d475ccc690dfebafdcd6e5d11ce
Expected result: 713a4d475ccc690dfebafdcd6e5d11ce
Cycle counts:          388525,  74748,  74920,  77280,  74970,  74588,  74970,  77277,  74970,  74588,  74970,  77277,  74970,  74588,  74970,  77277,  74970,  74588,  74970,  77277, 
Branch dir mis:           328,    318,    315,    313,    313,    313,    313,    313,    313,    313,    313,    313,    313,    313,    313,    313,    313,    313,    313,    313, 
Branch target mis:        81,     81,     48,     35,     67,     34,     67,     34,     67,     34,     67,     34,     67,     34,     67,     34,     67,     34,     67,     34, 
Result: fb057fbff5d02a1979ec7c72f956f24a
Expected result: fb057fbff5d02a1979ec7c72f956f24a
Cycle counts:          388464,  74651,  74911,  77309,  74901,  74620,  74901,  77309,  74901,  74620,  74901,  77309,  74901,  74620,  74901,  77309,  74901,  74620,  74901,  77309, 
Branch dir mis:           328,    318,    315,    313,    313,    313,    313,    313,    313,    313,    313,    313,    313,    313,    313,    313,    313,    313,    313,    313, 
Branch target mis:        58,     52,     46,     45,     44,     45,     44,     45,     44,     45,     44,     45,     44,     45,     44,     45,     44,     45,     44,     45, 
Result: 6d081eb7ba257d06166a4dfee61dad2a
Expected result: 6d081eb7ba257d06166a4dfee61dad2a
Cycle counts:          388469,  74651,  74911,  77309,  74901,  74620,  74901,  77309,  74901,  74620,  74901,  77309,  74901,  74620,  74901,  77309,  74901,  74620,  74901,  77309, 
Branch dir mis:           330,    318,    315,    313,    313,    313,    313,    313,    313,    313,    313,    313,    313,    313,    313,    313,    313,    313,    313,    313, 
Branch target mis:        58,     52,     46,     45,     44,     45,     44,     45,     44,     45,     44,     45,     44,     45,     44,     45,     44,     45,     44,     45, 
Result: 17693e272a8aefffb0a6b5b406b9170b
Expected result: 17693e272a8aefffb0a6b5b406b9170b
Cycle counts:          388457,  74651,  74911,  77309,  74901,  74620,  74901,  77309,  74901,  74620,  74901,  77309,  74901,  74620,  74901,  77309,  74901,  74620,  74901,  77309, 
Branch dir mis:           329,    318,    315,    313,    313,    313,    313,    313,    313,    313,    313,    313,    313,    313,    313,    313,    313,    313,    313,    313, 
Branch target mis:        55,     52,     46,     45,     44,     45,     44,     45,     44,     45,     44,     45,     44,     45,     44,     45,     44,     45,     44,     45, 
Result: 268f646fa7aab2b764954d94eed4a94a
Expected result: 268f646fa7aab2b764954d94eed4a94a
Cycle counts:          388526,  74678,  74932,  77351,  74922,  74662,  74922,  77351,  74922,  74662,  74922,  77351,  74922,  74662,  74922,  77351,  74922,  74662,  74922,  77351, 
Branch dir mis:           327,    319,    315,    313,    313,    313,    313,    313,    313,    313,    313,    313,    313,    313,    313,    313,    313,    313,    313,    313, 
Branch target mis:        81,     58,     54,     61,     53,     61,     53,     61,     53,     61,     53,     61,     53,     61,     53,     61,     53,     61,     53,     61, 
Result: d0c241ef7e040105ca8bf5099b04e1e5
Expected result: d0c241ef7e040105ca8bf5099b04e1e5
Cycle counts:          388469,  74651,  74911,  77309,  74901,  74620,  74901,  77309,  74901,  74620,  74901,  77309,  74901,  74620,  74901,  77309,  74901,  74620,  74901,  77309, 
Branch dir mis:           330,    318,    315,    313,    313,    313,    313,    313,    313,    313,    313,    313,    313,    313,    313,    313,    313,    313,    313,    313, 
Branch target mis:        58,     52,     46,     45,     44,     45,     44,     45,     44,     45,     44,     45,     44,     45,     44,     45,     44,     45,     44,     45, 
Result: f5880694c90d5934d4d42ba11f125e4d
Expected result: f5880694c90d5934d4d42ba11f125e4d
Cycle counts:          388530,  74746,  74920,  77280,  74970,  74588,  74970,  77277,  74970,  74588,  74970,  77277,  74970,  74588,  74970,  77277,  74970,  74588,  74970,  77277, 
Branch dir mis:           329,    318,    315,    313,    313,    313,    313,    313,    313,    313,    313,    313,    313,    313,    313,    313,    313,    313,    313,    313, 
Branch target mis:        82,     80,     48,     35,     67,     34,     67,     34,     67,     34,     67,     34,     67,     34,     67,     34,     67,     34,     67,     34, 
Result: 3481503ce3c306a63baf3f6ca2731126
Expected result: 3481503ce3c306a63baf3f6ca2731126
Cycle counts:          388469,  74651,  74911,  77309,  74901,  74620,  74901,  77309,  74901,  74620,  74901,  77309,  74901,  74620,  74901,  77309,  74901,  74620,  74901,  77309, 
Branch dir mis:           330,    318,    315,    313,    313,    313,    313,    313,    313,    313,    313,    313,    313,    313,    313,    313,    313,    313,    313,    313, 
Branch target mis:        58,     52,     46,     45,     44,     45,     44,     45,     44,     45,     44,     45,     44,     45,     44,     45,     44,     45,     44,     45, 
Result: 5436a5c5391dad3048d5e97c4c44a5e0
Expected result: 5436a5c5391dad3048d5e97c4c44a5e0
Cycle counts:          388467,  74651,  74911,  77309,  74901,  74620,  74901,  77309,  74901,  74620,  74901,  77309,  74901,  74620,  74901,  77309,  74901,  74620,  74901,  77309, 
Branch dir mis:           329,    318,    315,    313,    313,    313,    313,    313,    313,    313,    313,    313,    313,    313,    313,    313,    313,    313,    313,    313, 
Branch target mis:        58,     52,     46,     45,     44,     45,     44,     45,     44,     45,     44,     45,     44,     45,     44,     45,     44,     45,     44,     45, 
Result: 6d6d13533112019f214e19d403f7ec09
Expected result: 6d6d13533112019f214e19d403f7ec09
Cycle counts:          388467,  74651,  74911,  77309,  74901,  74620,  74901,  77309,  74901,  74620,  74901,  77309,  74901,  74620,  74901,  77309,  74901,  74620,  74901,  77309, 
Branch dir mis:           329,    318,    315,    313,    313,    313,    313,    313,    313,    313,    313,    313,    313,    313,    313,    313,    313,    313,    313,    313, 
Branch target mis:        58,     52,     46,     45,     44,     45,     44,     45,     44,     45,     44,     45,     44,     45,     44,     45,     44,     45,     44,     45, 
Result: a6d385bd03cd46308a5a1dd6af3aab4a
Expected result: a6d385bd03cd46308a5a1dd6af3aab4a
Cycle counts:          388530,  74746,  74920,  77280,  74970,  74588,  74970,  77277,  74970,  74588,  74970,  77277,  74970,  74588,  74970,  77277,  74970,  74588,  74970,  77277, 
Branch dir mis:           329,    318,    315,    313,    313,    313,    313,    313,    313,    313,    313,    313,    313,    313,    313,    313,    313,    313,    313,    313, 
Branch target mis:        82,     80,     48,     35,     67,     34,     67,     34,     67,     34,     67,     34,     67,     34,     67,     34,     67,     34,     67,     34, 
Result: cd726cd83d24f9fe2ec919248faf4e7a
Expected result: cd726cd83d24f9fe2ec919248faf4e7a
Cycle counts:          388452,  74667,  75005,  77295,  74872,  74588,  74869,  77277,  74869,  74588,  74869,  77277,  74869,  74588,  74869,  77277,  74869,  74588,  74869,  77277, 
Branch dir mis:           326,    321,    313,    315,    313,    313,    313,    313,    313,    313,    313,    313,    313,    313,    313,    313,    313,    313,    313,    313, 
Branch target mis:        55,     54,     77,     37,     34,     34,     33,     34,     33,     34,     33,     34,     33,     34,     33,     34,     33,     34,     33,     34, 
Result: 3404a34987f239774186f293a7c81ab8
Expected result: 3404a34987f239774186f293a7c81ab8
Cycle counts:          388469,  74651,  74911,  77309,  74901,  74620,  74901,  77309,  74901,  74620,  74901,  77309,  74901,  74620,  74901,  77309,  74901,  74620,  74901,  77309, 
Branch dir mis:           330,    318,    315,    313,    313,    313,    313,    313,    313,    313,    313,    313,    313,    313,    313,    313,    313,    313,    313,    313, 
Branch target mis:        58,     52,     46,     45,     44,     45,     44,     45,     44,     45,     44,     45,     44,     45,     44,     45,     44,     45,     44,     45, 
Result: d3ed87895c8f94666ed38818bca71838
Expected result: d3ed87895c8f94666ed38818bca71838
Cycle counts:          388533,  74746,  74920,  77280,  74970,  74588,  74970,  77277,  74970,  74588,  74970,  77277,  74970,  74588,  74970,  77277,  74970,  74588,  74970,  77277, 
Branch dir mis:           330,    318,    315,    313,    313,    313,    313,    313,    313,    313,    313,    313,    313,    313,    313,    313,    313,    313,    313,    313, 
Branch target mis:        82,     80,     48,     35,     67,     34,     67,     34,     67,     34,     67,     34,     67,     34,     67,     34,     67,     34,     67,     34, 
Result: f0133b429d566e831a7d7b535d9d5311
Expected result: f0133b429d566e831a7d7b535d9d5311
Cycle counts:          388467,  74651,  74911,  77309,  74901,  74620,  74901,  77309,  74901,  74620,  74901,  77309,  74901,  74620,  74901,  77309,  74901,  74620,  74901,  77309, 
Branch dir mis:           329,    318,    315,    313,    313,    313,    313,    313,    313,    313,    313,    313,    313,    313,    313,    313,    313,    313,    313,    313, 
Branch target mis:        58,     52,     46,     45,     44,     45,     44,     45,     44,     45,     44,     45,     44,     45,     44,     45,     44,     45,     44,     45, 
Result: ca5b7d7ba2bed11bec5fa741953bc502
Expected result: ca5b7d7ba2bed11bec5fa741953bc502
Cycle counts:          388470,  74651,  74911,  77309,  74901,  74620,  74901,  77309,  74901,  74620,  74901,  77309,  74901,  74620,  74901,  77309,  74901,  74620,  74901,  77309, 
Branch dir mis:           329,    318,    315,    313,    313,    313,    313,    313,    313,    313,    313,    313,    313,    313,    313,    313,    313,    313,    313,    313, 
Branch target mis:        59,     52,     46,     45,     44,     45,     44,     45,     44,     45,     44,     45,     44,     45,     44,     45,     44,     45,     44,     45, 
Result: 3ac8b824970995bb549c273603a4f0e5
Expected result: 3ac8b824970995bb549c273603a4f0e5
Cycle counts:          388475,  74651,  74911,  77309,  74901,  74620,  74901,  77309,  74901,  74620,  74901,  77309,  74901,  74620,  74901,  77309,  74901,  74620,  74901,  77309, 
Branch dir mis:           331,    318,    315,    313,    313,    313,    313,    313,    313,    313,    313,    313,    313,    313,    313,    313,    313,    313,    313,    313, 
Branch target mis:        59,     52,     46,     45,     44,     45,     44,     45,     44,     45,     44,     45,     44,     45,     44,     45,     44,     45,     44,     45, 
Result: 6399e15f8ef62d96b116c5827eadca9a
Expected result: 6399e15f8ef62d96b116c5827eadca9a
Cycle counts:          388536,  74746,  74920,  77280,  74970,  74588,  74970,  77277,  74970,  74588,  74970,  77277,  74970,  74588,  74970,  77277,  74970,  74588,  74970,  77277, 
Branch dir mis:           331,    318,    315,    313,    313,    313,    313,    313,    313,    313,    313,    313,    313,    313,    313,    313,    313,    313,    313,    313, 
Branch target mis:        82,     80,     48,     35,     67,     34,     67,     34,     67,     34,     67,     34,     67,     34,     67,     34,     67,     34,     67,     34, 
Result: cba36ee52eaf935bdcce0b0ea7f2c7a4
Expected result: cba36ee52eaf935bdcce0b0ea7f2c7a4
Cycle counts:          388475,  74651,  74911,  77309,  74901,  74620,  74901,  77309,  74901,  74620,  74901,  77309,  74901,  74620,  74901,  77309,  74901,  74620,  74901,  77309, 
Branch dir mis:           331,    318,    315,    313,    313,    313,    313,    313,    313,    313,    313,    313,    313,    313,    313,    313,    313,    313,    313,    313, 
Branch target mis:        59,     52,     46,     45,     44,     45,     44,     45,     44,     45,     44,     45,     44,     45,     44,     45,     44,     45,     44,     45, 
Result: fff702d652c7b234e2191f02724254a7
Expected result: fff702d652c7b234e2191f02724254a7
Cycle counts:          388467,  74651,  74911,  77309,  74901,  74620,  74901,  77309,  74901,  74620,  74901,  77309,  74901,  74620,  74901,  77309,  74901,  74620,  74901,  77309, 
Branch dir mis:           329,    318,    315,    313,    313,    313,    313,    313,    313,    313,    313,    313,    313,    313,    313,    313,    313,    313,    313,    313, 
Branch target mis:        58,     52,     46,     45,     44,     45,     44,     45,     44,     45,     44,     45,     44,     45,     44,     45,     44,     45,     44,     45, 
Result: 7abb2d621829640b5624372e18e2a7f4
Expected result: 7abb2d621829640b5624372e18e2a7f4
Cycle counts:          388464,  74651,  74911,  77309,  74901,  74620,  74901,  77309,  74901,  74620,  74901,  77309,  74901,  74620,  74901,  77309,  74901,  74620,  74901,  77309, 
Branch dir mis:           328,    318,    315,    313,    313,    313,    313,    313,    313,    313,    313,    313,    313,    313,    313,    313,    313,    313,    313,    313, 
Branch target mis:        58,     52,     46,     45,     44,     45,     44,     45,     44,     45,     44,     45,     44,     45,     44,     45,     44,     45,     44,     45, 
Result: 5469d5c45326199687d893fc8bc5c7b4
Expected result: 5469d5c45326199687d893fc8bc5c7b4
Cycle counts:          388530,  74752,  74920,  77280,  74970,  74588,  74970,  77277,  74970,  74588,  74970,  77277,  74970,  74588,  74970,  77277,  74970,  74588,  74970,  77277, 
Branch dir mis:           329,    318,    315,    313,    313,    313,    313,    313,    313,    313,    313,    313,    313,    313,    313,    313,    313,    313,    313,    313, 
Branch target mis:        82,     82,     48,     35,     67,     34,     67,     34,     67,     34,     67,     34,     67,     34,     67,     34,     67,     34,     67,     34, 
Result: 7dd276c2a66948d0372cc05b41574b9a
Expected result: 7dd276c2a66948d0372cc05b41574b9a
Cycle counts:          388470,  74651,  74911,  77309,  74901,  74620,  74901,  77309,  74901,  74620,  74901,  77309,  74901,  74620,  74901,  77309,  74901,  74620,  74901,  77309, 
Branch dir mis:           329,    318,    315,    313,    313,    313,    313,    313,    313,    313,    313,    313,    313,    313,    313,    313,    313,    313,    313,    313, 
Branch target mis:        59,     52,     46,     45,     44,     45,     44,     45,     44,     45,     44,     45,     44,     45,     44,     45,     44,     45,     44,     45, 
Result: b622eed72cfa0ae17ce0b83c24ccc175
Expected result: b622eed72cfa0ae17ce0b83c24ccc175
Cycle counts:          388466,  74651,  74911,  77309,  74901,  74620,  74901,  77309,  74901,  74620,  74901,  77309,  74901,  74620,  74901,  77309,  74901,  74620,  74901,  77309, 
Branch dir mis:           329,    318,    315,    313,    313,    313,    313,    313,    313,    313,    313,    313,    313,    313,    313,    313,    313,    313,    313,    313, 
Branch target mis:        58,     52,     46,     45,     44,     45,     44,     45,     44,     45,     44,     45,     44,     45,     44,     45,     44,     45,     44,     45, 
Result: 1162b2afd1875a039b172278402c3adc
Expected result: 1162b2afd1875a039b172278402c3adc
ATE0-->CMD Length Timed Out Busy
 Send sync error AT+BLEINIT=0-->AT+BLEINIT=0
Cycle counts:          388482,  74769,  74927,  77355,  74915,  74632,  74910,  77318,  74910,  74629,  74910,  77318,  74910,  74629,  74910,  77318,  74910,  74629,  74910,  77318, 
Branch dir mis:           327,    319,    313,    313,    313,    313,    313,    313,    313,    313,    313,    313,    313,    313,    313,    313,    313,    313,    313,    313, 
Branch target mis:        70,     85,     51,     55,     45,     47,     46,     46,     46,     46,     46,     46,     46,     46,     46,     46,     46,     46,     46,     46, 
Result: 5eb8f78a50e69bb6aa4c36036c6da3d8
Expected result: 5eb8f78a50e69bb6aa4c36036c6da3d8
Cycle counts:          388467,  74651,  74911,  77309,  74901,  74620,  74901,  77309,  74901,  74620,  74901,  77309,  74901,  74620,  74901,  77309,  74901,  74620,  74901,  77309, 
Branch dir mis:           329,    318,    315,    313,    313,    313,    313,    313,    313,    313,    313,    313,    313,    313,    313,    313,    313,    313,    313,    313, 
Branch target mis:        58,     52,     46,     45,     44,     45,     44,     45,     44,     45,     44,     45,     44,     45,     44,     45,     44,     45,     44,     45, 
Result: 83ad58867909b620eb1b87d67ae6103e
Expected result: 83ad58867909b620eb1b87d67ae6103e
Cycle counts:          388452,  74651,  74911,  77309,  74901,  74620,  74901,  77309,  74901,  74620,  74901,  77309,  74901,  74620,  74901,  77309,  74901,  74620,  74901,  77309, 
Branch dir mis:           327,    318,    315,    313,    313,    313,    313,    313,    313,    313,    313,    313,    313,    313,    313,    313,    313,    313,    313,    313, 
Branch target mis:        55,     52,     46,     45,     44,     45,     44,     45,     44,     45,     44,     45,     44,     45,     44,     45,     44,     45,     44,     45, 
Result: 13a1afc03758da3f25ab273d37d1a520
Expected result: 13a1afc03758da3f25ab273d37d1a520
ATE0-->CMD Length Timed Out Busy
 Send sync error AT+BLEINIT=0-->AT+BLEINIT=0
Cycle counts:          388484,  74706,  74967,  77349,  74947,  74597,  74922,  77351,  74922,  74662,  74922,  77351,  74922,  74662,  74922,  77351,  74922,  74662,  74922,  77351, 
Branch dir mis:           328,    319,    315,    313,    313,    313,    313,    313,    313,    313,    313,    313,    313,    313,    313,    313,    313,    313,    313,    313, 
Branch target mis:        70,     68,     66,     59,     61,     40,     53,     61,     53,     61,     53,     61,     53,     61,     53,     61,     53,     61,     53,     61, 
Result: d3f61d0717c6624f6713a38822cf78e4
Expected result: d3f61d0717c6624f6713a38822cf78e4
Cycle counts:          388464,  74651,  74911,  77309,  74901,  74620,  74901,  77309,  74901,  74620,  74901,  77309,  74901,  74620,  74901,  77309,  74901,  74620,  74901,  77309, 
Branch dir mis:           328,    318,    315,    313,    313,    313,    313,    313,    313,    313,    313,    313,    313,    313,    313,    313,    313,    313,    313,    313, 
Branch target mis:        58,     52,     46,     45,     44,     45,     44,     45,     44,     45,     44,     45,     44,     45,     44,     45,     44,     45,     44,     45, 
Result: 62818bec58c5c17be8503a3e71e176ec
Expected result: 62818bec58c5c17be8503a3e71e176ec
Cycle counts:          388523,  74678,  74932,  77351,  74922,  74662,  74922,  77351,  74922,  74662,  74922,  77351,  74922,  74662,  74922,  77351,  74922,  74662,  74922,  77351, 
Branch dir mis:           326,    319,    315,    313,    313,    313,    313,    313,    313,    313,    313,    313,    313,    313,    313,    313,    313,    313,    313,    313, 
Branch target mis:        81,     58,     54,     61,     53,     61,     53,     61,     53,     61,     53,     61,     53,     61,     53,     61,     53,     61,     53,     61, 
Result: 4bbb12288f140268d2c82883ce23384b
Expected result: 4bbb12288f140268d2c82883ce23384b
Cycle counts:          388466,  74651,  74911,  77309,  74901,  74620,  74901,  77309,  74901,  74620,  74901,  77309,  74901,  74620,  74901,  77309,  74901,  74620,  74901,  77309, 
Branch dir mis:           329,    318,    315,    313,    313,    313,    313,    313,    313,    313,    313,    313,    313,    313,    313,    313,    313,    313,    313,    313, 
Branch target mis:        58,     52,     46,     45,     44,     45,     44,     45,     44,     45,     44,     45,     44,     45,     44,     45,     44,     45,     44,     45, 
Result: 3711050d807cbdfdfe0babf57dad1a70
Expected result: 3711050d807cbdfdfe0babf57dad1a70
Cycle counts:          388466,  74651,  74911,  77309,  74901,  74620,  74901,  77309,  74901,  74620,  74901,  77309,  74901,  74620,  74901,  77309,  74901,  74620,  74901,  77309, 
Branch dir mis:           329,    318,    315,    313,    313,    313,    313,    313,    313,    313,    313,    313,    313,    313,    313,    313,    313,    313,    313,    313, 
Branch target mis:        58,     52,     46,     45,     44,     45,     44,     45,     44,     45,     44,     45,     44,     45,     44,     45,     44,     45,     44,     45, 
Result: acf38c62b8dc134e0a8dd973101872d5
Expected result: acf38c62b8dc134e0a8dd973101872d5
Cycle counts:          388469,  74651,  74911,  77309,  74901,  74620,  74901,  77309,  74901,  74620,  74901,  77309,  74901,  74620,  74901,  77309,  74901,  74620,  74901,  77309, 
Branch dir mis:           330,    318,    315,    313,    313,    313,    313,    313,    313,    313,    313,    313,    313,    313,    313,    313,    313,    313,    313,    313, 
Branch target mis:        58,     52,     46,     45,     44,     45,     44,     45,     44,     45,     44,     45,     44,     45,     44,     45,     44,     45,     44,     45, 
Result: 7877628a68d1218e576f129490854242
Expected result: 7877628a68d1218e576f129490854242
Cycle counts:          388527,  74750,  74920,  77280,  74970,  74588,  74970,  77277,  74970,  74588,  74970,  77277,  74970,  74588,  74970,  77277,  74970,  74588,  74970,  77277, 
Branch dir mis:           328,    318,    315,    313,    313,    313,    313,    313,    313,    313,    313,    313,    313,    313,    313,    313,    313,    313,    313,    313, 
Branch target mis:        82,     81,     48,     35,     67,     34,     67,     34,     67,     34,     67,     34,     67,     34,     67,     34,     67,     34,     67,     34, 
Result: 5c621575fedf3fab3832a1fe02836e3d
Expected result: 5c621575fedf3fab3832a1fe02836e3d
Cycle counts:          388528,  74746,  74920,  77280,  74970,  74588,  74970,  77277,  74970,  74588,  74970,  77277,  74970,  74588,  74970,  77277,  74970,  74588,  74970,  77277, 
Branch dir mis:           329,    318,    315,    313,    313,    313,    313,    313,    313,    313,    313,    313,    313,    313,    313,    313,    313,    313,    313,    313, 
Branch target mis:        81,     80,     48,     35,     67,     34,     67,     34,     67,     34,     67,     34,     67,     34,     67,     34,     67,     34,     67,     34, 
Result: 66727cc876f92659073b9567c75b2031
Expected result: 66727cc876f92659073b9567c75b2031
ATE0-->CMD Length Timed Out Busy
 Send sync error AT+BLEINIT=0-->AT+BLEINIT=0
Cycle counts:          388796,  74685,  74937,  77339,  74934,  74650,  74934,  77339,  74934,  74650,  74934,  77339,  74934,  74650,  74934,  77339,  74934,  74650,  74934,  77339, 
Branch dir mis:           323,    321,    313,    313,    313,    313,    313,    313,    313,    313,    313,    313,    313,    313,    313,    313,    313,    313,    313,    313, 
Branch target mis:       161,     55,     58,     56,     57,     56,     57,     56,     57,     56,     57,     56,     57,     56,     57,     56,     57,     56,     57,     56, 
Result: b4d78ff246120f1c6bc3af7bdf6b7053
Expected result: b4d78ff246120f1c6bc3af7bdf6b7053
Cycle counts:          388457,  74657,  74911,  77309,  74901,  74620,  74901,  77309,  74901,  74620,  74901,  77309,  74901,  74620,  74901,  77309,  74901,  74620,  74901,  77309, 
Branch dir mis:           329,    320,    315,    313,    313,    313,    313,    313,    313,    313,    313,    313,    313,    313,    313,    313,    313,    313,    313,    313, 
Branch target mis:        55,     52,     46,     45,     44,     45,     44,     45,     44,     45,     44,     45,     44,     45,     44,     45,     44,     45,     44,     45, 
Result: c64e440e70f37626c1c6054098bb27a1
Expected result: c64e440e70f37626c1c6054098bb27a1
Cycle counts:          388469,  74651,  74911,  77309,  74901,  74620,  74901,  77309,  74901,  74620,  74901,  77309,  74901,  74620,  74901,  77309,  74901,  74620,  74901,  77309, 
Branch dir mis:           330,    318,    315,    313,    313,    313,    313,    313,    313,    313,    313,    313,    313,    313,    313,    313,    313,    313,    313,    313, 
Branch target mis:        58,     52,     46,     45,     44,     45,     44,     45,     44,     45,     44,     45,     44,     45,     44,     45,     44,     45,     44,     45, 
Result: 35f6101e4693b6bcd9a20d05ce7fdec5
Expected result: 35f6101e4693b6bcd9a20d05ce7fdec5
Cycle counts:          388475,  74651,  74911,  77309,  74901,  74620,  74901,  77309,  74901,  74620,  74901,  77309,  74901,  74620,  74901,  77309,  74901,  74620,  74901,  77309, 
Branch dir mis:           331,    318,    315,    313,    313,    313,    313,    313,    313,    313,    313,    313,    313,    313,    313,    313,    313,    313,    313,    313, 
Branch target mis:        59,     52,     46,     45,     44,     45,     44,     45,     44,     45,     44,     45,     44,     45,     44,     45,     44,     45,     44,     45, 
Result: 508215ba31a518ed973db9228ede84e9
Expected result: 508215ba31a518ed973db9228ede84e9
Cycle counts:          388530,  74750,  74920,  77280,  74970,  74588,  74970,  77277,  74970,  74588,  74970,  77277,  74970,  74588,  74970,  77277,  74970,  74588,  74970,  77277, 
Branch dir mis:           329,    318,    315,    313,    313,    313,    313,    313,    313,    313,    313,    313,    313,    313,    313,    313,    313,    313,    313,    313, 
Branch target mis:        82,     81,     48,     35,     67,     34,     67,     34,     67,     34,     67,     34,     67,     34,     67,     34,     67,     34,     67,     34, 
Result: 74faa6096e61ed7a89797339135fae4a
Expected result: 74faa6096e61ed7a89797339135fae4a
Cycle counts:          388469,  74651,  74911,  77309,  74901,  74620,  74901,  77309,  74901,  74620,  74901,  77309,  74901,  74620,  74901,  77309,  74901,  74620,  74901,  77309, 
Branch dir mis:           330,    318,    315,    313,    313,    313,    313,    313,    313,    313,    313,    313,    313,    313,    313,    313,    313,    313,    313,    313, 
Branch target mis:        58,     52,     46,     45,     44,     45,     44,     45,     44,     45,     44,     45,     44,     45,     44,     45,     44,     45,     44,     45, 
Result: 0620f2385e598a607fbaf26808708483
Expected result: 0620f2385e598a607fbaf26808708483
Cycle counts:          388533,  74748,  74920,  77280,  74970,  74588,  74970,  77277,  74970,  74588,  74970,  77277,  74970,  74588,  74970,  77277,  74970,  74588,  74970,  77277, 
Branch dir mis:           330,    318,    315,    313,    313,    313,    313,    313,    313,    313,    313,    313,    313,    313,    313,    313,    313,    313,    313,    313, 
Branch target mis:        82,     81,     48,     35,     67,     34,     67,     34,     67,     34,     67,     34,     67,     34,     67,     34,     67,     34,     67,     34, 
Result: c198ce7c65ece77d046b587cb4af1312
Expected result: c198ce7c65ece77d046b587cb4af1312
Cycle counts:          388475,  74651,  74911,  77309,  74901,  74620,  74901,  77309,  74901,  74620,  74901,  77309,  74901,  74620,  74901,  77309,  74901,  74620,  74901,  77309, 
Branch dir mis:           331,    318,    315,    313,    313,    313,    313,    313,    313,    313,    313,    313,    313,    313,    313,    313,    313,    313,    313,    313, 
Branch target mis:        59,     52,     46,     45,     44,     45,     44,     45,     44,     45,     44,     45,     44,     45,     44,     45,     44,     45,     44,     45, 
Result: ba770c44afeb461213aa15e54c6c2ca4
Expected result: ba770c44afeb461213aa15e54c6c2ca4
Cycle counts:          388469,  74651,  74911,  77309,  74901,  74620,  74901,  77309,  74901,  74620,  74901,  77309,  74901,  74620,  74901,  77309,  74901,  74620,  74901,  77309, 
Branch dir mis:           330,    318,    315,    313,    313,    313,    313,    313,    313,    313,    313,    313,    313,    313,    313,    313,    313,    313,    313,    313, 
Branch target mis:        58,     52,     46,     45,     44,     45,     44,     45,     44,     45,     44,     45,     44,     45,     44,     45,     44,     45,     44,     45, 
Result: 5d4b1392bc8d03023f9fd2830df1c083
Expected result: 5d4b1392bc8d03023f9fd2830df1c083
Cycle counts:          388469,  74651,  74911,  77309,  74901,  74620,  74901,  77309,  74901,  74620,  74901,  77309,  74901,  74620,  74901,  77309,  74901,  74620,  74901,  77309, 
Branch dir mis:           330,    318,    315,    313,    313,    313,    313,    313,    313,    313,    313,    313,    313,    313,    313,    313,    313,    313,    313,    313, 
Branch target mis:        58,     52,     46,     45,     44,     45,     44,     45,     44,     45,     44,     45,     44,     45,     44,     45,     44,     45,     44,     45, 
Result: 611c6ce4745cde5a9726ad1bbacf38a4
Expected result: 611c6ce4745cde5a9726ad1bbacf38a4
Cycle counts:          388530,  74750,  74920,  77280,  74970,  74588,  74970,  77277,  74970,  74588,  74970,  77277,  74970,  74588,  74970,  77277,  74970,  74588,  74970,  77277, 
Branch dir mis:           329,    318,    315,    313,    313,    313,    313,    313,    313,    313,    313,    313,    313,    313,    313,    313,    313,    313,    313,    313, 
Branch target mis:        82,     81,     48,     35,     67,     34,     67,     34,     67,     34,     67,     34,     67,     34,     67,     34,     67,     34,     67,     34, 
Result: e3e749a7515095b33457fd8b0f111e2f
Expected result: e3e749a7515095b33457fd8b0f111e2f
