[1F[0J[?25h[0;39;49mBench Clock Reset Complete
ATE0-->OK
AT+BLEINIT=0-->OK
AT+CWMODE=0-->OK
Cycle counts:          245556,   8237,   8220,   8219,   8215,   8198,   8202,   8195,   8205,   8195,   8205,   8195,   8205,   8195,   8205,   8195,   8205,   8195,   8205,   8195,   8205,   8195,   8205,   8195,   8205,   8195,   8205,   8195,   8205,   8195,   8205,   8195,   8205,   8195,   8205,   8195,   8205,   8195,   8205,   8195,   8205,   8195,   8205,   8195,   8205,   8195,   8205,   8195,   8205, 
Branch mispredictions:            31,     22,     16,     16,     15,     10,     11,      9,     12,      9,     12,      9,     12,      9,     12,      9,     12,      9,     12,      9,     12,      9,     12,      9,     12,      9,     12,      9,     12,      9,     12,      9,     12,      9,     12,      9,     12,      9,     12,      9,     12,      9,     12,      9,     12,      9,     12,      9,     12, 
ICache misses:       108,      0,      0,      0,      0,      0,      0,      0,      0,      0,      0,      0,      0,      0,      0,      0,      0,      0,      0,      0,      0,      0,      0,      0,      0,      0,      0,      0,      0,      0,      0,      0,      0,      0,      0,      0,      0,      0,      0,      0,      0,      0,      0,      0,      0,      0,      0,      0,      0, 
Result: cac070716c6ecbf39f8a9d005a6dd684
Expected result: [ca, c0, 70, 71, 6c, 6e, cb, f3, 9f, 8a, 9d, 0, 5a, 6d, d6, 84]
[1F[0J[?25h[0;39;49mBench Clock Reset Complete
ATE0--> Send Flag error: #0 #0 #0 #0 AT+BLEINIT=0-->AT+BLEINIT=0
OK
AT+CWMODE=0-->AT+CWMODE=0
ERR CODE:0x01080000
ERROR
Cycle counts:          245548,   8230,   8213,   8213,   8203,   8201,   8207,   8204,   8204,   8204,   8204,   8204,   8204,   8204,   8204,   8204,   8204,   8204,   8204,   8204,   8204,   8204,   8204,   8204,   8204,   8204,   8204,   8204,   8204,   8204,   8204,   8204,   8204,   8204,   8204,   8204,   8204,   8204,   8204,   8204,   8204,   8204,   8204,   8204,   8204,   8204,   8204,   8204,   8204, 
Branch mispredictions:            28,     18,     14,     14,     11,     10,     13,     11,     12,     11,     12,     11,     12,     11,     12,     11,     12,     11,     12,     11,     12,     11,     12,     11,     12,     11,     12,     11,     12,     11,     12,     11,     12,     11,     12,     11,     12,     11,     12,     11,     12,     11,     12,     11,     12,     11,     12,     11,     12, 
ICache misses:       108,      0,      0,      0,      0,      0,      0,      0,      0,      0,      0,      0,      0,      0,      0,      0,      0,      0,      0,      0,      0,      0,      0,      0,      0,      0,      0,      0,      0,      0,      0,      0,      0,      0,      0,      0,      0,      0,      0,      0,      0,      0,      0,      0,      0,      0,      0,      0,      0, 
Result: b28a5a6de58481cde98db00119f0b6e5
Expected result: [b2, 8a, 5a, 6d, e5, 84, 81, cd, e9, 8d, b0, 1, 19, f0, b6, e5]
[1F[0J[?25h[0;39;49mBench Clock Reset Complete
ATE0-->ATE0
OK
AT+BLEINIT=0-->OK
AT+CWMODE=0-->OK
Cycle counts:          245558,   8234,   8230,   8225,   8224,   8215,   8219,   8215,   8219,   8215,   8219,   8215,   8219,   8215,   8219,   8215,   8219,   8215,   8219,   8215,   8219,   8215,   8219,   8215,   8219,   8215,   8219,   8215,   8219,   8215,   8219,   8215,   8219,   8215,   8219,   8215,   8219,   8215,   8219,   8215,   8219,   8215,   8219,   8215,   8219,   8215,   8219,   8215,   8219, 
Branch mispredictions:            32,     20,     20,     18,     17,     15,     16,     15,     16,     15,     16,     15,     16,     15,     16,     15,     16,     15,     16,     15,     16,     15,     16,     15,     16,     15,     16,     15,     16,     15,     16,     15,     16,     15,     16,     15,     16,     15,     16,     15,     16,     15,     16,     15,     16,     15,     16,     15,     16, 
ICache misses:       108,      0,      0,      0,      0,      0,      0,      0,      0,      0,      0,      0,      0,      0,      0,      0,      0,      0,      0,      0,      0,      0,      0,      0,      0,      0,      0,      0,      0,      0,      0,      0,      0,      0,      0,      0,      0,      0,      0,      0,      0,      0,      0,      0,      0,      0,      0,      0,      0, 
Result: a5e7dfe8781d5c1f5f17b9ef50ba7596
Expected result: [a5, e7, df, e8, 78, 1d, 5c, 1f, 5f, 17, b9, ef, 50, ba, 75, 96]
[1F[0J[?25h[0;39;49mBench Clock Reset Complete
ATE0-->ATE0
OK
AT+BLEINIT=0-->OK
AT+CWMODE=0-->OK
Cycle counts:          245554,   8242,   8221,   8225,   8227,   8222,   8212,   8207,   8219,   8207,   8216,   8207,   8216,   8207,   8216,   8207,   8216,   8207,   8216,   8207,   8216,   8207,   8216,   8207,   8216,   8207,   8216,   8207,   8216,   8207,   8216,   8207,   8216,   8207,   8216,   8207,   8216,   8207,   8216,   8207,   8216,   8207,   8216,   8207,   8216,   8207,   8216,   8207,   8216, 
Branch mispredictions:            31,     23,     16,     18,     18,     16,     13,     12,     15,     12,     14,     12,     14,     12,     14,     12,     14,     12,     14,     12,     14,     12,     14,     12,     14,     12,     14,     12,     14,     12,     14,     12,     14,     12,     14,     12,     14,     12,     14,     12,     14,     12,     14,     12,     14,     12,     14,     12,     14, 
ICache misses:       108,      0,      0,      0,      0,      0,      0,      0,      0,      0,      0,      0,      0,      0,      0,      0,      0,      0,      0,      0,      0,      0,      0,      0,      0,      0,      0,      0,      0,      0,      0,      0,      0,      0,      0,      0,      0,      0,      0,      0,      0,      0,      0,      0,      0,      0,      0,      0,      0, 
Result: 3afc0551b17442e2d6eac1a1e662c456
Expected result: [3a, fc, 5, 51, b1, 74, 42, e2, d6, ea, c1, a1, e6, 62, c4, 56]
[1F[0J[?25h[0;39;49mBench Clock Reset Complete
ATE0-->OK
AT+BLEINIT=0-->OK
AT+CWMODE=0-->OK
Cycle counts:          245549,   8234,   8213,   8224,   8214,   8212,   8208,   8212,   8208,   8212,   8208,   8212,   8208,   8212,   8208,   8212,   8208,   8212,   8208,   8212,   8208,   8212,   8208,   8212,   8208,   8212,   8208,   8212,   8208,   8212,   8208,   8212,   8208,   8212,   8208,   8212,   8208,   8212,   8208,   8212,   8208,   8212,   8208,   8212,   8208,   8212,   8208,   8212,   8208, 
Branch mispredictions:            29,     20,     14,     17,     14,     13,     12,     13,     12,     13,     12,     13,     12,     13,     12,     13,     12,     13,     12,     13,     12,     13,     12,     13,     12,     13,     12,     13,     12,     13,     12,     13,     12,     13,     12,     13,     12,     13,     12,     13,     12,     13,     12,     13,     12,     13,     12,     13,     12, 
ICache misses:       108,      0,      0,      0,      0,      0,      0,      0,      0,      0,      0,      0,      0,      0,      0,      0,      0,      0,      0,      0,      0,      0,      0,      0,      0,      0,      0,      0,      0,      0,      0,      0,      0,      0,      0,      0,      0,      0,      0,      0,      0,      0,      0,      0,      0,      0,      0,      0,      0, 
Result: da920c2b8f45339a916accf3c4534e70
Expected result: [da, 92, c, 2b, 8f, 45, 33, 9a, 91, 6a, cc, f3, c4, 53, 4e, 70]
[1F[0J[?25h[0;39;49mBench Clock Reset Complete
ATE0-->ATE0
OK
AT+BLEINIT=0-->OK
AT+CWMODE=0-->OK
Cycle counts:          245553,   8234,   8218,   8216,   8230,   8214,   8205,   8212,   8205,   8212,   8205,   8212,   8205,   8212,   8205,   8212,   8205,   8212,   8205,   8212,   8205,   8212,   8205,   8212,   8205,   8212,   8205,   8212,   8205,   8212,   8205,   8212,   8205,   8212,   8205,   8212,   8205,   8212,   8205,   8212,   8205,   8212,   8205,   8212,   8205,   8212,   8205,   8212,   8205, 
Branch mispredictions:            30,     20,     16,     15,     19,     15,     12,     14,     12,     14,     12,     14,     12,     14,     12,     14,     12,     14,     12,     14,     12,     14,     12,     14,     12,     14,     12,     14,     12,     14,     12,     14,     12,     14,     12,     14,     12,     14,     12,     14,     12,     14,     12,     14,     12,     14,     12,     14,     12, 
ICache misses:       108,      0,      0,      0,      0,      0,      0,      0,      0,      0,      0,      0,      0,      0,      0,      0,      0,      0,      0,      0,      0,      0,      0,      0,      0,      0,      0,      0,      0,      0,      0,      0,      0,      0,      0,      0,      0,      0,      0,      0,      0,      0,      0,      0,      0,      0,      0,      0,      0, 
Result: 0be2420288e3564be6a81451a6b34775
Expected result: [b, e2, 42, 2, 88, e3, 56, 4b, e6, a8, 14, 51, a6, b3, 47, 75]
[1F[0J[?25h[0;39;49mBench Clock Reset Complete
ATE0-->OK
AT+BLEINIT=0-->OK
AT+CWMODE=0-->OK
Cycle counts:          245553,   8249,   8233,   8222,   8201,   8209,   8201,   8209,   8201,   8209,   8201,   8209,   8201,   8209,   8201,   8209,   8201,   8209,   8201,   8209,   8201,   8209,   8201,   8209,   8201,   8209,   8201,   8209,   8201,   8209,   8201,   8209,   8201,   8209,   8201,   8209,   8201,   8209,   8201,   8209,   8201,   8209,   8201,   8209,   8201,   8209,   8201,   8209,   8201, 
Branch mispredictions:            30,     26,     21,     17,     11,     13,     11,     13,     11,     13,     11,     13,     11,     13,     11,     13,     11,     13,     11,     13,     11,     13,     11,     13,     11,     13,     11,     13,     11,     13,     11,     13,     11,     13,     11,     13,     11,     13,     11,     13,     11,     13,     11,     13,     11,     13,     11,     13,     11, 
ICache misses:       108,      0,      0,      0,      0,      0,      0,      0,      0,      0,      0,      0,      0,      0,      0,      0,      0,      0,      0,      0,      0,      0,      0,      0,      0,      0,      0,      0,      0,      0,      0,      0,      0,      0,      0,      0,      0,      0,      0,      0,      0,      0,      0,      0,      0,      0,      0,      0,      0, 
Result: 9057733a8e29a737d704d342a9b751b9
Expected result: [90, 57, 73, 3a, 8e, 29, a7, 37, d7, 4, d3, 42, a9, b7, 51, b9]
[1F[0J[?25h[0;39;49mBench Clock Reset Complete
ATE0-->ATE0
OK
AT+BLEINIT=0-->OK
AT+CWMODE=0-->OK
Cycle counts:          245550,   8255,   8222,   8208,   8206,   8199,   8203,   8199,   8203,   8199,   8203,   8199,   8203,   8199,   8203,   8199,   8203,   8199,   8203,   8199,   8203,   8199,   8203,   8199,   8203,   8199,   8203,   8199,   8203,   8199,   8203,   8199,   8203,   8199,   8203,   8199,   8203,   8199,   8203,   8199,   8203,   8199,   8203,   8199,   8203,   8199,   8203,   8199,   8203, 
Branch mispredictions:            29,     27,     17,     13,     12,     10,     11,     10,     11,     10,     11,     10,     11,     10,     11,     10,     11,     10,     11,     10,     11,     10,     11,     10,     11,     10,     11,     10,     11,     10,     11,     10,     11,     10,     11,     10,     11,     10,     11,     10,     11,     10,     11,     10,     11,     10,     11,     10,     11, 
ICache misses:       108,      0,      0,      0,      0,      0,      0,      0,      0,      0,      0,      0,      0,      0,      0,      0,      0,      0,      0,      0,      0,      0,      0,      0,      0,      0,      0,      0,      0,      0,      0,      0,      0,      0,      0,      0,      0,      0,      0,      0,      0,      0,      0,      0,      0,      0,      0,      0,      0, 
Result: 43336bb76439562c1b263c52bc868e64
Expected result: [43, 33, 6b, b7, 64, 39, 56, 2c, 1b, 26, 3c, 52, bc, 86, 8e, 64]
[1F[0J[?25h[0;39;49mBench Clock Reset Complete
ATE0-->OK
AT+BLEINIT=0-->OK
AT+CWMODE=0-->OK
Cycle counts:          245549,   8249,   8225,   8210,   8218,   8208,   8209,   8213,   8206,   8216,   8206,   8216,   8206,   8216,   8206,   8216,   8206,   8216,   8206,   8216,   8206,   8216,   8206,   8216,   8206,   8216,   8206,   8216,   8206,   8216,   8206,   8216,   8206,   8216,   8206,   8216,   8206,   8216,   8206,   8216,   8206,   8216,   8206,   8216,   8206,   8216,   8206,   8216,   8206, 
Branch mispredictions:            29,     25,     17,     13,     15,     12,     13,     14,     12,     15,     12,     15,     12,     15,     12,     15,     12,     15,     12,     15,     12,     15,     12,     15,     12,     15,     12,     15,     12,     15,     12,     15,     12,     15,     12,     15,     12,     15,     12,     15,     12,     15,     12,     15,     12,     15,     12,     15,     12, 
ICache misses:       108,      0,      0,      0,      0,      0,      0,      0,      0,      0,      0,      0,      0,      0,      0,      0,      0,      0,      0,      0,      0,      0,      0,      0,      0,      0,      0,      0,      0,      0,      0,      0,      0,      0,      0,      0,      0,      0,      0,      0,      0,      0,      0,      0,      0,      0,      0,      0,      0, 
Result: 7c1596e44a7baceb87c4f7d32b486d21
Expected result: [7c, 15, 96, e4, 4a, 7b, ac, eb, 87, c4, f7, d3, 2b, 48, 6d, 21]
[1F[0J[?25h[0;39;49mBench Clock Reset Complete
ATE0-->ATE0
OK
AT+BLEINIT=0-->OK
AT+CWMODE=0-->OK
Cycle counts:          245555,   8246,   8216,   8239,   8213,   8212,   8202,   8212,   8202,   8212,   8202,   8212,   8202,   8212,   8202,   8212,   8202,   8212,   8202,   8212,   8202,   8212,   8202,   8212,   8202,   8212,   8202,   8212,   8202,   8212,   8202,   8212,   8202,   8212,   8202,   8212,   8202,   8212,   8202,   8212,   8202,   8212,   8202,   8212,   8202,   8212,   8202,   8212,   8202, 
Branch mispredictions:            31,     24,     14,     22,     14,     14,     11,     14,     11,     14,     11,     14,     11,     14,     11,     14,     11,     14,     11,     14,     11,     14,     11,     14,     11,     14,     11,     14,     11,     14,     11,     14,     11,     14,     11,     14,     11,     14,     11,     14,     11,     14,     11,     14,     11,     14,     11,     14,     11, 
ICache misses:       108,      0,      0,      0,      0,      0,      0,      0,      0,      0,      0,      0,      0,      0,      0,      0,      0,      0,      0,      0,      0,      0,      0,      0,      0,      0,      0,      0,      0,      0,      0,      0,      0,      0,      0,      0,      0,      0,      0,      0,      0,      0,      0,      0,      0,      0,      0,      0,      0, 
Result: 81ed9d72c201e061da034033925600e2
Expected result: [81, ed, 9d, 72, c2, 1, e0, 61, da, 3, 40, 33, 92, 56, 0, e2]
[1F[0J[?25h[0;39;49mBench Clock Reset Complete
ATE0-->OK
AT+BLEINIT=0-->OK
AT+CWMODE=0-->OK
Cycle counts:          245554,   8248,   8208,   8218,   8217,   8218,   8200,   8209,   8199,   8209,   8199,   8209,   8199,   8209,   8199,   8209,   8199,   8209,   8199,   8209,   8199,   8209,   8199,   8209,   8199,   8209,   8199,   8209,   8199,   8209,   8199,   8209,   8199,   8209,   8199,   8209,   8199,   8209,   8199,   8209,   8199,   8209,   8199,   8209,   8199,   8209,   8199,   8209,   8199, 
Branch mispredictions:            31,     24,     12,     15,     15,     15,      9,     12,      9,     12,      9,     12,      9,     12,      9,     12,      9,     12,      9,     12,      9,     12,      9,     12,      9,     12,      9,     12,      9,     12,      9,     12,      9,     12,      9,     12,      9,     12,      9,     12,      9,     12,      9,     12,      9,     12,      9,     12,      9, 
ICache misses:       108,      0,      0,      0,      0,      0,      0,      0,      0,      0,      0,      0,      0,      0,      0,      0,      0,      0,      0,      0,      0,      0,      0,      0,      0,      0,      0,      0,      0,      0,      0,      0,      0,      0,      0,      0,      0,      0,      0,      0,      0,      0,      0,      0,      0,      0,      0,      0,      0, 
Result: 1e7bb830d365f5e788ca597a4ca6ef83
Expected result: [1e, 7b, b8, 30, d3, 65, f5, e7, 88, ca, 59, 7a, 4c, a6, ef, 83]
[1F[0J[?25h[0;39;49mBench Clock Reset Complete
ATE0-->ATE0
OK
AT+BLEINIT=0-->OK
AT+CWMODE=0-->OK
Cycle counts:          245559,   8247,   8225,   8213,   8211,   8207,   8211,   8207,   8211,   8207,   8211,   8207,   8211,   8207,   8211,   8207,   8211,   8207,   8211,   8207,   8211,   8207,   8211,   8207,   8211,   8207,   8211,   8207,   8211,   8207,   8211,   8207,   8211,   8207,   8211,   8207,   8211,   8207,   8211,   8207,   8211,   8207,   8211,   8207,   8211,   8207,   8211,   8207,   8211, 
Branch mispredictions:            32,     25,     18,     14,     13,     12,     13,     12,     13,     12,     13,     12,     13,     12,     13,     12,     13,     12,     13,     12,     13,     12,     13,     12,     13,     12,     13,     12,     13,     12,     13,     12,     13,     12,     13,     12,     13,     12,     13,     12,     13,     12,     13,     12,     13,     12,     13,     12,     13, 
ICache misses:       108,      0,      0,      0,      0,      0,      0,      0,      0,      0,      0,      0,      0,      0,      0,      0,      0,      0,      0,      0,      0,      0,      0,      0,      0,      0,      0,      0,      0,      0,      0,      0,      0,      0,      0,      0,      0,      0,      0,      0,      0,      0,      0,      0,      0,      0,      0,      0,      0, 
Result: b224fbae70bf95fbf1f3b8e8dadbdcc3
Expected result: [b2, 24, fb, ae, 70, bf, 95, fb, f1, f3, b8, e8, da, db, dc, c3]
