[1F[0J[?25h[0;39;49mBench Clock Reset Complete
ATE0-->OK
AT+BLEINIT=0-->OK
AT+CWMODE=0-->OK
Cycle counts:          245555,   8250,   8220,   8215,   8203,   8206,   8200,   8204,   8197,   8204,   8197,   8204,   8197,   8204,   8197,   8204,   8197,   8204,   8197,   8204,   8197,   8204,   8197,   8204,   8197,   8204,   8197,   8204,   8197,   8204,   8197,   8204,   8197,   8204,   8197,   8204,   8197,   8204,   8197,   8204,   8197,   8204,   8197,   8204,   8197,   8204,   8197,   8204,   8197, 
Branch mispredictions:            31,     26,     16,     14,     11,     11,     10,     11,      9,     11,      9,     11,      9,     11,      9,     11,      9,     11,      9,     11,      9,     11,      9,     11,      9,     11,      9,     11,      9,     11,      9,     11,      9,     11,      9,     11,      9,     11,      9,     11,      9,     11,      9,     11,      9,     11,      9,     11,      9, 
ICache misses:       108,      0,      0,      0,      0,      0,      0,      0,      0,      0,      0,      0,      0,      0,      0,      0,      0,      0,      0,      0,      0,      0,      0,      0,      0,      0,      0,      0,      0,      0,      0,      0,      0,      0,      0,      0,      0,      0,      0,      0,      0,      0,      0,      0,      0,      0,      0,      0,      0, 
Result: 9f97a51805838d855aee359760ed19bd
Expected result: [9f, 97, a5, 18, 5, 83, 8d, 85, 5a, ee, 35, 97, 60, ed, 19, bd]
[1F[0J[?25h[0;39;49mBench Clock Reset Complete
ATE0-->ATE0
OK
AT+BLEINIT=0-->OK
AT+CWMODE=0-->OK
Cycle counts:          245556,   8232,   8216,   8215,   8226,   8208,   8212,   8205,   8212,   8205,   8212,   8205,   8212,   8205,   8212,   8205,   8212,   8205,   8212,   8205,   8212,   8205,   8212,   8205,   8212,   8205,   8212,   8205,   8212,   8205,   8212,   8205,   8212,   8205,   8212,   8205,   8212,   8205,   8212,   8205,   8212,   8205,   8212,   8205,   8212,   8205,   8212,   8205,   8212, 
Branch mispredictions:            31,     20,     15,     15,     18,     13,     14,     12,     14,     12,     14,     12,     14,     12,     14,     12,     14,     12,     14,     12,     14,     12,     14,     12,     14,     12,     14,     12,     14,     12,     14,     12,     14,     12,     14,     12,     14,     12,     14,     12,     14,     12,     14,     12,     14,     12,     14,     12,     14, 
ICache misses:       108,      0,      0,      0,      0,      0,      0,      0,      0,      0,      0,      0,      0,      0,      0,      0,      0,      0,      0,      0,      0,      0,      0,      0,      0,      0,      0,      0,      0,      0,      0,      0,      0,      0,      0,      0,      0,      0,      0,      0,      0,      0,      0,      0,      0,      0,      0,      0,      0, 
Result: 7344cc86725e3d16ee0c5792d2da64cc
Expected result: [73, 44, cc, 86, 72, 5e, 3d, 16, ee, c, 57, 92, d2, da, 64, cc]
[1F[0J[?25h[0;39;49mBench Clock Reset Complete
ATE0-->OK
AT+BLEINIT=0-->OK
AT+CWMODE=0-->OK
Cycle counts:          245549,   8234,   8213,   8221,   8211,   8212,   8208,   8212,   8208,   8212,   8208,   8212,   8208,   8212,   8208,   8212,   8208,   8212,   8208,   8212,   8208,   8212,   8208,   8212,   8208,   8212,   8208,   8212,   8208,   8212,   8208,   8212,   8208,   8212,   8208,   8212,   8208,   8212,   8208,   8212,   8208,   8212,   8208,   8212,   8208,   8212,   8208,   8212,   8208, 
Branch mispredictions:            29,     20,     14,     16,     13,     13,     12,     13,     12,     13,     12,     13,     12,     13,     12,     13,     12,     13,     12,     13,     12,     13,     12,     13,     12,     13,     12,     13,     12,     13,     12,     13,     12,     13,     12,     13,     12,     13,     12,     13,     12,     13,     12,     13,     12,     13,     12,     13,     12, 
ICache misses:       108,      0,      0,      0,      0,      0,      0,      0,      0,      0,      0,      0,      0,      0,      0,      0,      0,      0,      0,      0,      0,      0,      0,      0,      0,      0,      0,      0,      0,      0,      0,      0,      0,      0,      0,      0,      0,      0,      0,      0,      0,      0,      0,      0,      0,      0,      0,      0,      0, 
Result: fd437f75bd40702b0a238c1120c987fc
Expected result: [fd, 43, 7f, 75, bd, 40, 70, 2b, a, 23, 8c, 11, 20, c9, 87, fc]
[1F[0J[?25h[0;39;49mBench Clock Reset Complete
ATE0-->ATE0
OK
AT+BLEINIT=0-->OK
AT+CWMODE=0-->OK
Cycle counts:          245551,   8231,   8228,   8209,   8219,   8205,   8212,   8205,   8212,   8205,   8212,   8205,   8212,   8205,   8212,   8205,   8212,   8205,   8212,   8205,   8212,   8205,   8212,   8205,   8212,   8205,   8212,   8205,   8212,   8205,   8212,   8205,   8212,   8205,   8212,   8205,   8212,   8205,   8212,   8205,   8212,   8205,   8212,   8205,   8212,   8205,   8212,   8205,   8212, 
Branch mispredictions:            29,     20,     19,     13,     16,     12,     14,     12,     14,     12,     14,     12,     14,     12,     14,     12,     14,     12,     14,     12,     14,     12,     14,     12,     14,     12,     14,     12,     14,     12,     14,     12,     14,     12,     14,     12,     14,     12,     14,     12,     14,     12,     14,     12,     14,     12,     14,     12,     14, 
ICache misses:       108,      0,      0,      0,      0,      0,      0,      0,      0,      0,      0,      0,      0,      0,      0,      0,      0,      0,      0,      0,      0,      0,      0,      0,      0,      0,      0,      0,      0,      0,      0,      0,      0,      0,      0,      0,      0,      0,      0,      0,      0,      0,      0,      0,      0,      0,      0,      0,      0, 
Result: cb92fd22918b9c399844e1e7cde54b74
Expected result: [cb, 92, fd, 22, 91, 8b, 9c, 39, 98, 44, e1, e7, cd, e5, 4b, 74]
[1F[0J[?25h[0;39;49mBench Clock Reset Complete
ATE0-->CMD Length Timed Out Busy
 Send sync error AT+BLEINIT=0-->OK
AT+CWMODE=0-->OK
Cycle counts:          245558,   8225,   8211,   8212,   8205,   8212,   8205,   8212,   8205,   8212,   8205,   8212,   8205,   8212,   8205,   8212,   8205,   8212,   8205,   8212,   8205,   8212,   8205,   8212,   8205,   8212,   8205,   8212,   8205,   8212,   8205,   8212,   8205,   8212,   8205,   8212,   8205,   8212,   8205,   8212,   8205,   8212,   8205,   8212,   8205,   8212,   8205,   8212,   8205, 
Branch mispredictions:            32,     18,     14,     14,     12,     14,     12,     14,     12,     14,     12,     14,     12,     14,     12,     14,     12,     14,     12,     14,     12,     14,     12,     14,     12,     14,     12,     14,     12,     14,     12,     14,     12,     14,     12,     14,     12,     14,     12,     14,     12,     14,     12,     14,     12,     14,     12,     14,     12, 
ICache misses:       108,      0,      0,      0,      0,      0,      0,      0,      0,      0,      0,      0,      0,      0,      0,      0,      0,      0,      0,      0,      0,      0,      0,      0,      0,      0,      0,      0,      0,      0,      0,      0,      0,      0,      0,      0,      0,      0,      0,      0,      0,      0,      0,      0,      0,      0,      0,      0,      0, 
Result: 26a09884323205a0be84fef7a9741618
Expected result: [26, a0, 98, 84, 32, 32, 5, a0, be, 84, fe, f7, a9, 74, 16, 18]
[1F[0J[?25h[0;39;49mBench Clock Reset Complete
ATE0-->ATE0
OK
AT+BLEINIT=0-->OK
AT+CWMODE=0-->OK
Cycle counts:          245555,   8243,   8235,   8235,   8222,   8213,   8216,   8197,   8210,   8197,   8210,   8197,   8210,   8197,   8210,   8197,   8210,   8197,   8210,   8197,   8210,   8197,   8210,   8197,   8210,   8197,   8210,   8197,   8210,   8197,   8210,   8197,   8210,   8197,   8210,   8197,   8210,   8197,   8210,   8197,   8210,   8197,   8210,   8197,   8210,   8197,   8210,   8197,   8210, 
Branch mispredictions:            31,     23,     21,     21,     16,     14,     15,      9,     13,      9,     13,      9,     13,      9,     13,      9,     13,      9,     13,      9,     13,      9,     13,      9,     13,      9,     13,      9,     13,      9,     13,      9,     13,      9,     13,      9,     13,      9,     13,      9,     13,      9,     13,      9,     13,      9,     13,      9,     13, 
ICache misses:       108,      0,      0,      0,      0,      0,      0,      0,      0,      0,      0,      0,      0,      0,      0,      0,      0,      0,      0,      0,      0,      0,      0,      0,      0,      0,      0,      0,      0,      0,      0,      0,      0,      0,      0,      0,      0,      0,      0,      0,      0,      0,      0,      0,      0,      0,      0,      0,      0, 
Result: 20cb86fd8673e684cac41843fadd1418
Expected result: [20, cb, 86, fd, 86, 73, e6, 84, ca, c4, 18, 43, fa, dd, 14, 18]
[1F[0J[?25h[0;39;49mBench Clock Reset Complete
ATE0-->OK
AT+BLEINIT=0-->OK
AT+CWMODE=0-->ERR CODE:0x01080000
ERROR
Cycle counts:          245554,   8237,   8201,   8211,   8213,   8214,   8210,   8214,   8210,   8214,   8210,   8214,   8210,   8214,   8210,   8214,   8210,   8214,   8210,   8214,   8210,   8214,   8210,   8214,   8210,   8214,   8210,   8214,   8210,   8214,   8210,   8214,   8210,   8214,   8210,   8214,   8210,   8214,   8210,   8214,   8210,   8214,   8210,   8214,   8210,   8214,   8210,   8214,   8210, 
Branch mispredictions:            31,     21,     10,     13,     14,     14,     13,     14,     13,     14,     13,     14,     13,     14,     13,     14,     13,     14,     13,     14,     13,     14,     13,     14,     13,     14,     13,     14,     13,     14,     13,     14,     13,     14,     13,     14,     13,     14,     13,     14,     13,     14,     13,     14,     13,     14,     13,     14,     13, 
ICache misses:       108,      0,      0,      0,      0,      0,      0,      0,      0,      0,      0,      0,      0,      0,      0,      0,      0,      0,      0,      0,      0,      0,      0,      0,      0,      0,      0,      0,      0,      0,      0,      0,      0,      0,      0,      0,      0,      0,      0,      0,      0,      0,      0,      0,      0,      0,      0,      0,      0, 
Result: a9d79d5c704336bd475e284e978440f3
Expected result: [a9, d7, 9d, 5c, 70, 43, 36, bd, 47, 5e, 28, 4e, 97, 84, 40, f3]
[1F[0J[?25h[0;39;49mBench Clock Reset Complete
ATE0-->ATE0
OK
AT+BLEINIT=0-->OK
AT+CWMODE=0-->OK
Cycle counts:          245554,   8250,   8219,   8204,   8208,   8204,   8211,   8201,   8211,   8201,   8211,   8201,   8211,   8201,   8211,   8201,   8211,   8201,   8211,   8201,   8211,   8201,   8211,   8201,   8211,   8201,   8211,   8201,   8211,   8201,   8211,   8201,   8211,   8201,   8211,   8201,   8211,   8201,   8211,   8201,   8211,   8201,   8211,   8201,   8211,   8201,   8211,   8201,   8211, 
Branch mispredictions:            30,     26,     16,     12,     13,     12,     14,     11,     14,     11,     14,     11,     14,     11,     14,     11,     14,     11,     14,     11,     14,     11,     14,     11,     14,     11,     14,     11,     14,     11,     14,     11,     14,     11,     14,     11,     14,     11,     14,     11,     14,     11,     14,     11,     14,     11,     14,     11,     14, 
ICache misses:       108,      0,      0,      0,      0,      0,      0,      0,      0,      0,      0,      0,      0,      0,      0,      0,      0,      0,      0,      0,      0,      0,      0,      0,      0,      0,      0,      0,      0,      0,      0,      0,      0,      0,      0,      0,      0,      0,      0,      0,      0,      0,      0,      0,      0,      0,      0,      0,      0, 
Result: b8b3368a6b8d4ab4d789b5aca0a505af
Expected result: [b8, b3, 36, 8a, 6b, 8d, 4a, b4, d7, 89, b5, ac, a0, a5, 5, af]
[1F[0J[?25h[0;39;49mBench Clock Reset Complete
ATE0-->OK
AT+BLEINIT=0-->OK
AT+CWMODE=0-->OK
Cycle counts:          245549,   8244,   8216,   8213,   8205,   8208,   8198,   8208,   8198,   8208,   8198,   8208,   8198,   8208,   8198,   8208,   8198,   8208,   8198,   8208,   8198,   8208,   8198,   8208,   8198,   8208,   8198,   8208,   8198,   8208,   8198,   8208,   8198,   8208,   8198,   8208,   8198,   8208,   8198,   8208,   8198,   8208,   8198,   8208,   8198,   8208,   8198,   8208,   8198, 
Branch mispredictions:            29,     24,     15,     14,     12,     13,     10,     13,     10,     13,     10,     13,     10,     13,     10,     13,     10,     13,     10,     13,     10,     13,     10,     13,     10,     13,     10,     13,     10,     13,     10,     13,     10,     13,     10,     13,     10,     13,     10,     13,     10,     13,     10,     13,     10,     13,     10,     13,     10, 
ICache misses:       108,      0,      0,      0,      0,      0,      0,      0,      0,      0,      0,      0,      0,      0,      0,      0,      0,      0,      0,      0,      0,      0,      0,      0,      0,      0,      0,      0,      0,      0,      0,      0,      0,      0,      0,      0,      0,      0,      0,      0,      0,      0,      0,      0,      0,      0,      0,      0,      0, 
Result: c7aad4aba8792a6df3d45555ac5d458d
Expected result: [c7, aa, d4, ab, a8, 79, 2a, 6d, f3, d4, 55, 55, ac, 5d, 45, 8d]
[1F[0J[?25h[0;39;49mBench Clock Reset Complete
ATE0-->ATE0
OK
AT+BLEINIT=0-->OK
AT+CWMODE=0-->OK
Cycle counts:          245546,   8237,   8205,   8211,   8211,   8217,   8220,   8216,   8220,   8205,   8220,   8208,   8212,   8205,   8212,   8205,   8212,   8205,   8212,   8205,   8212,   8205,   8212,   8205,   8212,   8205,   8212,   8205,   8212,   8205,   8212,   8205,   8212,   8205,   8212,   8205,   8212,   8205,   8212,   8205,   8212,   8205,   8212,   8205,   8212,   8205,   8212,   8205,   8212, 
Branch mispredictions:            27,     20,     12,     13,     14,     16,     17,     16,     17,     12,     16,     13,     14,     12,     14,     12,     14,     12,     14,     12,     14,     12,     14,     12,     14,     12,     14,     12,     14,     12,     14,     12,     14,     12,     14,     12,     14,     12,     14,     12,     14,     12,     14,     12,     14,     12,     14,     12,     14, 
ICache misses:       108,      0,      0,      0,      0,      0,      0,      0,      0,      0,      0,      0,      0,      0,      0,      0,      0,      0,      0,      0,      0,      0,      0,      0,      0,      0,      0,      0,      0,      0,      0,      0,      0,      0,      0,      0,      0,      0,      0,      0,      0,      0,      0,      0,      0,      0,      0,      0,      0, 
Result: cd52f92dfba02fcf42d2a196d074847b
Expected result: [cd, 52, f9, 2d, fb, a0, 2f, cf, 42, d2, a1, 96, d0, 74, 84, 7b]
[1F[0J[?25h[0;39;49mBench Clock Reset Complete
ATE0-->OK
AT+BLEINIT=0-->OK
AT+CWMODE=0-->OK
Cycle counts:          245549,   8243,   8235,   8213,   8222,   8206,   8212,   8205,   8215,   8205,   8215,   8205,   8215,   8205,   8215,   8205,   8215,   8205,   8215,   8205,   8215,   8205,   8215,   8205,   8215,   8205,   8215,   8205,   8215,   8205,   8215,   8205,   8215,   8205,   8215,   8205,   8215,   8205,   8215,   8205,   8215,   8205,   8215,   8205,   8215,   8205,   8215,   8205,   8215, 
Branch mispredictions:            29,     24,     21,     14,     17,     12,     14,     12,     15,     12,     15,     12,     15,     12,     15,     12,     15,     12,     15,     12,     15,     12,     15,     12,     15,     12,     15,     12,     15,     12,     15,     12,     15,     12,     15,     12,     15,     12,     15,     12,     15,     12,     15,     12,     15,     12,     15,     12,     15, 
ICache misses:       108,      0,      0,      0,      0,      0,      0,      0,      0,      0,      0,      0,      0,      0,      0,      0,      0,      0,      0,      0,      0,      0,      0,      0,      0,      0,      0,      0,      0,      0,      0,      0,      0,      0,      0,      0,      0,      0,      0,      0,      0,      0,      0,      0,      0,      0,      0,      0,      0, 
Result: fc23180a3ce46dd2c4e2bcab3803fc25
Expected result: [fc, 23, 18, a, 3c, e4, 6d, d2, c4, e2, bc, ab, 38, 3, fc, 25]
[1F[0J[?25h[0;39;49mBench Clock Reset Complete
ATE0-->ATE0
OK
AT+BLEINIT=0-->OK
AT+CWMODE=0-->OK
Cycle counts:          245552,   8240,   8225,   8224,   8222,   8207,   8212,   8208,   8212,   8205,   8212,   8205,   8212,   8205,   8212,   8205,   8212,   8205,   8212,   8205,   8212,   8205,   8212,   8205,   8212,   8205,   8212,   8205,   8212,   8205,   8212,   8205,   8212,   8205,   8212,   8205,   8212,   8205,   8212,   8205,   8212,   8205,   8212,   8205,   8212,   8205,   8212,   8205,   8212, 
Branch mispredictions:            30,     23,     18,     18,     17,     13,     14,     13,     14,     12,     14,     12,     14,     12,     14,     12,     14,     12,     14,     12,     14,     12,     14,     12,     14,     12,     14,     12,     14,     12,     14,     12,     14,     12,     14,     12,     14,     12,     14,     12,     14,     12,     14,     12,     14,     12,     14,     12,     14, 
ICache misses:       108,      0,      0,      0,      0,      0,      0,      0,      0,      0,      0,      0,      0,      0,      0,      0,      0,      0,      0,      0,      0,      0,      0,      0,      0,      0,      0,      0,      0,      0,      0,      0,      0,      0,      0,      0,      0,      0,      0,      0,      0,      0,      0,      0,      0,      0,      0,      0,      0, 
Result: 1750b150fa716723e01cee6f71b18f2b
Expected result: [17, 50, b1, 50, fa, 71, 67, 23, e0, 1c, ee, 6f, 71, b1, 8f, 2b]
[1F[0J[?25h[0;39;49mBench Clock Reset Complete
ATE0-->OK
AT+BLEINIT=0-->OK
AT+CWMODE=0-->OK
Cycle counts:          245553,   8234,   8222,   8215,   8213,   8209,   8213,   8209,   8213,   8209,   8213,   8209,   8213,   8209,   8213,   8209,   8213,   8209,   8213,   8209,   8213,   8209,   8213,   8209,   8213,   8209,   8213,   8209,   8213,   8209,   8213,   8209,   8213,   8209,   8213,   8209,   8213,   8209,   8213,   8209,   8213,   8209,   8213,   8209,   8213,   8209,   8213,   8209,   8213, 
Branch mispredictions:            30,     21,     17,     15,     14,     13,     14,     13,     14,     13,     14,     13,     14,     13,     14,     13,     14,     13,     14,     13,     14,     13,     14,     13,     14,     13,     14,     13,     14,     13,     14,     13,     14,     13,     14,     13,     14,     13,     14,     13,     14,     13,     14,     13,     14,     13,     14,     13,     14, 
ICache misses:       108,      0,      0,      0,      0,      0,      0,      0,      0,      0,      0,      0,      0,      0,      0,      0,      0,      0,      0,      0,      0,      0,      0,      0,      0,      0,      0,      0,      0,      0,      0,      0,      0,      0,      0,      0,      0,      0,      0,      0,      0,      0,      0,      0,      0,      0,      0,      0,      0, 
Result: d1229e816af9dadeee9bada9c8685393
Expected result: [d1, 22, 9e, 81, 6a, f9, da, de, ee, 9b, ad, a9, c8, 68, 53, 93]
[1F[0J[?25h[0;39;49mBench Clock Reset Complete
ATE0-->ATE0
OK
AT+BLEINIT=0-->OK
AT+CWMODE=0-->OK
Cycle counts:          245558,   8243,   8230,   8231,   8226,   8211,   8221,   8211,   8221,   8211,   8221,   8211,   8221,   8211,   8221,   8211,   8221,   8211,   8221,   8211,   8221,   8211,   8221,   8211,   8221,   8211,   8221,   8211,   8221,   8211,   8221,   8211,   8221,   8211,   8221,   8211,   8221,   8211,   8221,   8211,   8221,   8211,   8221,   8211,   8221,   8211,   8221,   8211,   8221, 
Branch mispredictions:            32,     23,     20,     20,     18,     14,     17,     14,     17,     14,     17,     14,     17,     14,     17,     14,     17,     14,     17,     14,     17,     14,     17,     14,     17,     14,     17,     14,     17,     14,     17,     14,     17,     14,     17,     14,     17,     14,     17,     14,     17,     14,     17,     14,     17,     14,     17,     14,     17, 
ICache misses:       108,      0,      0,      0,      0,      0,      0,      0,      0,      0,      0,      0,      0,      0,      0,      0,      0,      0,      0,      0,      0,      0,      0,      0,      0,      0,      0,      0,      0,      0,      0,      0,      0,      0,      0,      0,      0,      0,      0,      0,      0,      0,      0,      0,      0,      0,      0,      0,      0, 
Result: c6654822557fc90847e78ed4cd51bf0d
Expected result: [c6, 65, 48, 22, 55, 7f, c9, 8, 47, e7, 8e, d4, cd, 51, bf, d]
[1F[0J[?25h[0;39;49mBench Clock Reset Complete
ATE0-->OK
AT+BLEINIT=0-->OK
AT+CWMODE=0-->OK
Cycle counts:          245547,   8229,   8228,   8220,   8218,   8204,   8215,   8204,   8215,   8204,   8215,   8204,   8215,   8204,   8215,   8204,   8215,   8204,   8215,   8204,   8215,   8204,   8215,   8204,   8215,   8204,   8215,   8204,   8215,   8204,   8215,   8204,   8215,   8204,   8215,   8204,   8215,   8204,   8215,   8204,   8215,   8204,   8215,   8204,   8215,   8204,   8215,   8204,   8215, 
Branch mispredictions:            28,     19,     18,     16,     15,     11,     14,     11,     14,     11,     14,     11,     14,     11,     14,     11,     14,     11,     14,     11,     14,     11,     14,     11,     14,     11,     14,     11,     14,     11,     14,     11,     14,     11,     14,     11,     14,     11,     14,     11,     14,     11,     14,     11,     14,     11,     14,     11,     14, 
ICache misses:       108,      0,      0,      0,      0,      0,      0,      0,      0,      0,      0,      0,      0,      0,      0,      0,      0,      0,      0,      0,      0,      0,      0,      0,      0,      0,      0,      0,      0,      0,      0,      0,      0,      0,      0,      0,      0,      0,      0,      0,      0,      0,      0,      0,      0,      0,      0,      0,      0, 
Result: b20d43fea73abeb8760811e0336cd646
Expected result: [b2, d, 43, fe, a7, 3a, be, b8, 76, 8, 11, e0, 33, 6c, d6, 46]
[1F[0J[?25h[0;39;49mBench Clock Reset Complete
ATE0-->ATE0
OK
AT+BLEINIT=0-->OK
AT+CWMODE=0-->OK
Cycle counts:          245559,   8228,   8227,   8216,   8203,   8208,   8199,   8206,   8196,   8206,   8196,   8206,   8196,   8206,   8196,   8206,   8196,   8206,   8196,   8206,   8196,   8206,   8196,   8206,   8196,   8206,   8196,   8206,   8196,   8206,   8196,   8206,   8196,   8206,   8196,   8206,   8196,   8206,   8196,   8206,   8196,   8206,   8196,   8206,   8196,   8206,   8196,   8206,   8196, 
Branch mispredictions:            32,     19,     18,     14,     11,     12,     10,     12,      9,     12,      9,     12,      9,     12,      9,     12,      9,     12,      9,     12,      9,     12,      9,     12,      9,     12,      9,     12,      9,     12,      9,     12,      9,     12,      9,     12,      9,     12,      9,     12,      9,     12,      9,     12,      9,     12,      9,     12,      9, 
ICache misses:       108,      0,      0,      0,      0,      0,      0,      0,      0,      0,      0,      0,      0,      0,      0,      0,      0,      0,      0,      0,      0,      0,      0,      0,      0,      0,      0,      0,      0,      0,      0,      0,      0,      0,      0,      0,      0,      0,      0,      0,      0,      0,      0,      0,      0,      0,      0,      0,      0, 
Result: 6b3a76688812f42e7580dd23dc0e983e
Expected result: [6b, 3a, 76, 68, 88, 12, f4, 2e, 75, 80, dd, 23, dc, e, 98, 3e]
