before mainloop
before mainloop
passed mainloop
before mainloop
passed mainloop
Cycle counts:          276968491, 3988099946, 16000001, 2131488248,   6184, 2147472863,      0, 2147488129,   6336, 2147669440, 4294770687, 537000221, 1610494308, 2415941004, 4026499059, 537000503, 3773966794, 4278967295,      0, 536999065, 
Branch dir mis:        13451852, 2443305905, 2147473168, 15999744, 520999884, 3758082612, 4294852095, 16000001, 520991852, 3758090644, 2147372928, 2147479167, 2147488129, 2415947400, 4026499063,      0, 2147488249, 2147594248, 4294852095,      0, 
Branch target mis:    8580555, 1496473873, 3758425644, 4294508800, 4294967039, 2147488129, 2163479168, 4278967552, 4294967039, 2147488129,   6384, 2147472783, 16000001, 2131488128,   6432, 2147472735,      0, 16000001, 2131494576, 2147472719, 
Result: 69acb23ce52048e041cfda63add89544eda32de6a1a80ea5c4e66e18a8d8f26c
Expected result: 69acb23ce52048e041cfda63add89544eda32de6a1a80ea5c4e66e18a8d8f26c
before mainloop
passed mainloop
before mainloop
passed mainloop
Cycle counts:          278155943, 3986574039, 16000001, 2131488248,   6184, 2147472863,      0, 2147488129,   6336, 2147669440, 4294770687, 537000221, 1610494308, 2415941004, 4026499059, 537000503, 3773966794, 4278967295,      0, 536999065, 
Branch dir mis:        13516584, 2416192028, 2147473168, 15999744, 520999884, 3758082612, 4294852095, 16000001, 520991852, 3758090644, 2147372928, 2147479167, 2147488129, 2415947400, 4026499063,      0, 2147488249, 2147594248, 4294852095,      0, 
Branch target mis:    8711132, 1479167624, 3758425644, 4294508800, 4294967039, 2147488129, 2163479168, 4278967552, 4294967039, 2147488129,   6384, 2147472783, 16000001, 2131488128,   6432, 2147472735,      0, 16000001, 2131494576, 2147472719, 
Result: b56e26dfea3f36d2f300d0423094279d89d6e00892c09dffdd35dca85df7b150
Expected result: b56e26dfea3f36d2f300d0423094279d89d6e00892c09dffdd35dca85df7b150
before mainloop
passed mainloop
before mainloop
passed mainloop
Cycle counts:          277361904, 3987711678, 16000001, 2131488248,   6184, 2147472863,      0, 2147488129,   6336, 2147669440, 4294770687, 537000221, 1610494308, 2415941004, 4026499059, 537000503, 3773966794, 4278967295,      1, 536999064, 
Branch dir mis:        13435620, 2389083246, 2147473168, 15999744, 520999884, 3758082612, 4294852095, 16000001, 520991852, 3758090644, 2147372928, 2147479167, 2147488129, 2415947400, 1879015480, 2147483583, 2147488249, 2147594248, 4294852096, 33554560, 
Branch target mis:    8573344, 1461856205, 3758425644, 4294508800, 4294967039, 2147488129, 2163479168, 4278967552, 4294967039, 2147488129,   6384, 2147472783, 16000001, 2131488128,   6432, 4294957404, 2147482627, 16000001, 2131494576, 2181027280, 
Result: 2b3b15e9698100ff23b0c8ff8fbbf67edc1b718b67addf52df1bdf5a468c672f
Expected result: 39ab5481f555c4ce247c56edae0833060cebe9da9c71587843980aac3d5d2423
