1F[?[0;4enClk seompe
TE0>AT
OK+BNI0-OK
WM=0>OK
bre nlpassed mainloop
before mainloop
passed mainloop
Cycle counts:          277326970, 3987597776, 16000001, 2131488248,   6184, 2147472863,      0, 2147488129,   6336, 2147669440, 4294770687, 537000221, 1610494308, 2415941004, 4026499059, 537000503, 3773966794, 4278967295,      1, 536999064, 
Branch dir mis:        13485089, 2159735498, 2147473168, 15999744, 520999884, 3758082612, 4294852095, 16000001, 520991848, 3758090648, 2147372928, 2147479167, 2147488129, 2415947400, 1879015480, 2147483583, 2147488249, 2147594248, 4294852096, 33554560, 
Branch target mis:    8607393, 1315679677, 3758425644, 4294508800, 4294967039, 2147488129, 2163479168, 4278967552, 4294967039, 2147488129,   6384, 2147472783, 16000001, 2131488128,   6432, 4294957404, 2147482627, 16000001, 2131494576, 2181027280, 
Result: 273753365dc4ba5ad811ce80a7796ed911f6fbc0e961227d70dd1429721f6f58
Expected result: 273753365dc4ba5ad811ce80a7796ed911f6fbc0e961227d70dd1429721f6f58
before mainloop
passed mainloop
before mainloop
passed mainloop
Cycle counts:          277069744, 3988025381, 16000001, 2131488248,   6184, 2147472863,      0, 2147488129,   6336, 2147669440, 4294770687, 537000221, 1610494308, 2415941004, 4026499059, 537000503, 3773966794, 4278967295,      1, 536999064, 
Branch dir mis:        13398168, 2132707446, 2147473168, 15999744, 520999884, 3758082612, 4294852095, 16000001, 520991848, 3758090648, 2147372928, 2147479167, 2147488129, 2415947400, 1879015480, 2147483583, 2147488249, 2147594248, 4294852096, 33554560, 
Branch target mis:    8632383, 1298409848, 3758425644, 4294508800, 4294967039, 2147488129, 2163479168, 4278967552, 4294967039, 2147488129,   6384, 2147472783, 16000001, 2131488128,   6432, 4294957404, 2147482627, 16000001, 2131494576, 2181027280, 
Result: 2fcd2017bd54ddaa4867289f67837facb3ac957eb9cfec001900b032a0710c29
Expected result: 2fcd2017bd54ddaa4867289f67837facb3ac957eb9cfec001900b032a0710c29
before mainloop
passed mainloop
before mainloop
passed mainloop
Cycle counts:          276907413, 3987855022, 16000001, 2131488248,   6184, 2147472863,      0, 2147488129,   6336, 2147669440, 4294770687, 537000221, 1610494308, 2415941004, 4026499059, 537000503, 3773966794, 4278967295,      1, 536999064, 
Branch dir mis:        13361873, 2105842650, 2147473168, 15999744, 520999884, 3758082612, 4294852095, 16000001, 520991848, 3758090648, 2147372928, 2147479167, 2147488129, 2415947400, 1879015480, 2147483583, 2147488249, 2147594248, 4294852096, 33554560, 
Branch target mis:    8597655, 1281151626, 3758425644, 4294508800, 4294967039, 2147488129, 2163479168, 4278967552, 4294967039, 2147488129,   6384, 2147472783, 16000001, 2131488128,   6432, 4294957404, 2147482627, 16000001, 2131494576, 2181027280, 
Result: b04bc9cabfb65ebcd285109f236669864b1064f3160632c1c96e68be3a3d2261
Expected result: b04bc9cabfb65ebcd285109f236669864b1064f3160632c1c96e68be3a3d2261
before mainloop
passed mainloop
before mainloop
passed mainloop
Cycle counts:          277441072, 3987655161, 16000001, 2131488248,   6184, 2147472863,      0, 2147488129,   6336, 2147669440, 4294770687, 537000221, 1610494308, 2415941004, 4026499059, 537000503, 3773966794, 4278967295,      1, 536999064, 
Branch dir mis:        13506886, 2078815801, 2147473168, 15999744, 520999884, 3758082612, 4294852095, 16000001, 520991848, 3758090648, 2147372928, 2147479167, 2147488129, 2415947400, 1879015480, 2147483583, 2147488249, 2147594248, 4294852096, 33554560, 
Branch target mis:    8622971, 1263912330, 3758425644, 4294508800, 4294967039, 2147488129, 2163479168, 4278967552, 4294967039, 2147488129,   6384, 2147472783, 16000001, 2131488128,   6432, 4294957404, 2147482627, 16000001, 2131494576, 2181027280, 
Result: 99ed90a3fdc0ced9e3b9a905ee2d7c9752a66c79d564b4d15a018918f7d0af78
Expected result: 99ed90a3fdc0ced9e3b9a905ee2d7c9752a66c79d564b4d15a018918f7d0af78
before mainloop
passed mainloop
before mainloop
passed mainloop
Cycle counts:          275778308, 3988985276, 16000001, 2131488248,   6184, 2147472863,      0, 2147488129,   6336, 2147669440, 4294770687, 537000221, 1610494308, 2415941004, 4026499059, 537000503, 3773966794, 4278967295,      1, 536999064, 
Branch dir mis:        13314674, 2051843202, 2147473168, 15999744, 520999884, 3758082612, 4294852095, 16000001, 520991848, 3758090648, 2147372928, 2147479167, 2147488129, 2415947400, 1879015480, 2147483583, 2147488249, 2147594248, 4294852096, 33554560, 
Branch target mis:    8458452, 1246812874, 3758425644, 4294508800, 4294967039, 2147488129, 2163479168, 4278967552, 4294967039, 2147488129,   6384, 2147472783, 16000001, 2131488128,   6432, 4294957404, 2147482627, 16000001, 2131494576, 2181027280, 
Result: 2f43684ad83b9d9f14eb568a691c35cd2120a34851593d0b23335ab6e230bb00
Expected result: 2f43684ad83b9d9f14eb568a691c35cd2120a34851593d0b23335ab6e230bb00
before mainloop
passed mainloop
before mainloop
passed mainloop
Cycle counts:          276628918, 3988467260, 16000001, 2131488248,   6184, 2147472863,      0, 2147488129,   6336, 2147669440, 4294770687, 537000221, 1610494308, 2415941004, 4026499059, 537000503, 3773966794, 4278967295,      1, 536999064, 
Branch dir mis:        13386678, 2025006782, 2147473168, 15999744, 520999884, 3758082612, 4294852095, 16000001, 520991848, 3758090648, 2147372928, 2147479167, 2147488129, 2415947400, 1879015480, 2147483583, 2147488249, 2147594248, 4294852096, 33554560, 
Branch target mis:    8597044, 1229739052, 3758425644, 4294508800, 4294967039, 2147488129, 2163479168, 4278967552, 4294967039, 2147488129,   6384, 2147472783, 16000001, 2131488128,   6432, 4294957404, 2147482627, 16000001, 2131494576, 2181027280, 
Result: d7f15520f2ee283fb3223597cb24ed9ece6660c9a459e7433b4f8204bbe4a46d
Expected result: d7f15520f2ee283fb3223597cb24ed9ece6660c9a459e7433b4f8204bbe4a46d
