Cycle counts:          11717267, 10901625, 10862525, 10861054, 10890161, 10874720, 10911746, 10893627, 10906715, 10888606, 10905372, 10837626, 10831528, 10872954, 10895827, 10863277, 10886940, 10882634, 10883793, 10884831, 
Branch dir mis:            31,     25,     25,     24,     24,     24,     24,     24,     24,     24,     24,     24,     24,     24,     24,     24,     24,     24,     24,     24, 
Branch target mis:     30539,  30646,  30641,  30625,  30646,  30642,  30826,  30626,  30645,  30645,  30621,  30645,  30641,  30624,  30645,  30852,  31021,  30643,  30645,  30620, 
Result: 92af631ff74921e4c782e66a6c78c67b27ee0bc32ade33012fb0c93c3e24a83c
Expected result: 92af631ff74921e4c782e66a6c78c67b27ee0bc32ade33012fb0c93c3e24a83c
Cycle counts:          11775273, 10929502, 10901685, 10893874, 10886093, 10896261, 10854527, 10858009, 10928031, 10882993, 10840727, 10927754, 10914947, 10863663, 10901913, 10848014, 10873622, 10832148, 10857300, 10917630, 
Branch dir mis:            39,     25,     24,     24,     24,     24,     24,     24,     24,     24,     24,     24,     24,     24,     24,     24,     24,     24,     24,     24, 
Branch target mis:     29383,  30642,  30905,  31021,  30621,  30645,  30624,  30646,  30626,  30620,  30645,  30625,  30642,  30641,  30642,  30621,  30901,  31021,  30643,  30641, 
Result: 27cebbac9b21d3159191000c170004fc8b098a8b938b8938b675ca1016054f78
Expected result: 27cebbac9b21d3159191000c170004fc8b098a8b938b8938b675ca1016054f78
Cycle counts:          11712715, 10901615, 10862536, 10861054, 10890161, 10874720, 10911746, 10893627, 10906715, 10888606, 10905372, 10837626, 10831528, 10872954, 10895827, 10863277, 10886940, 10882634, 10883793, 10884831, 
Branch dir mis:            40,     25,     24,     24,     24,     24,     24,     24,     24,     24,     24,     24,     24,     24,     24,     24,     24,     24,     24,     24, 
Branch target mis:     29435,  30642,  30641,  30625,  30646,  30642,  30826,  30626,  30645,  30645,  30621,  30645,  30641,  30624,  30645,  30852,  31021,  30643,  30645,  30620, 
Result: f37efa9017beb9f7feb0e0696aea2bcf95b768414e655fe6f1c5afbcb5c4205e
Expected result: f37efa9017beb9f7feb0e0696aea2bcf95b768414e655fe6f1c5afbcb5c4205e
Cycle counts:          11778558, 10929502, 10901685, 10893874, 10886093, 10896261, 10854527, 10858009, 10928031, 10882993, 10840727, 10927754, 10914947, 10863663, 10901913, 10848014, 10873622, 10832148, 10857300, 10917630, 
Branch dir mis:            40,     25,     24,     24,     24,     24,     24,     24,     24,     24,     24,     24,     24,     24,     24,     24,     24,     24,     24,     24, 
Branch target mis:     31207,  30642,  30905,  31021,  30621,  30645,  30624,  30646,  30626,  30620,  30645,  30625,  30642,  30641,  30642,  30621,  30901,  31021,  30643,  30641, 
Result: a28bd77982de50ce343a10d43773415ada239811022ebff7155f39ef04bcbf2a
Expected result: a28bd77982de50ce343a10d43773415ada239811022ebff7155f39ef04bcbf2a
Cycle counts:          11712718, 10901615, 10862536, 10861054, 10890161, 10874720, 10911746, 10893627, 10906715, 10888606, 10905372, 10837626, 10831528, 10872954, 10895827, 10863277, 10886940, 10882634, 10883793, 10884831, 
Branch dir mis:            41,     25,     24,     24,     24,     24,     24,     24,     24,     24,     24,     24,     24,     24,     24,     24,     24,     24,     24,     24, 
Branch target mis:     29435,  30642,  30641,  30625,  30646,  30642,  30826,  30626,  30645,  30645,  30621,  30645,  30641,  30624,  30645,  30852,  31021,  30643,  30645,  30620, 
Result: 9e4a556c94e6872fdbaf662c246807d5e0a0c75c9670e4631c067623817d8826
Expected result: 9e4a556c94e6872fdbaf662c246807d5e0a0c75c9670e4631c067623817d8826
Cycle counts:          11775276, 10929502, 10901685, 10893874, 10886093, 10896261, 10854527, 10858009, 10928031, 10882993, 10840727, 10927754, 10914947, 10863663, 10901913, 10848014, 10873622, 10832148, 10857300, 10917630, 
Branch dir mis:            40,     25,     24,     24,     24,     24,     24,     24,     24,     24,     24,     24,     24,     24,     24,     24,     24,     24,     24,     24, 
Branch target mis:     29383,  30642,  30905,  31021,  30621,  30645,  30624,  30646,  30626,  30620,  30645,  30625,  30642,  30641,  30642,  30621,  30901,  31021,  30643,  30641, 
Result: c48577ba0b396e5712e4c757e029fd330c3df17586be083fcf1bbce3496c1473
Expected result: c48577ba0b396e5712e4c757e029fd330c3df17586be083fcf1bbce3496c1473
Cycle counts:          11712715, 10901615, 10862536, 10861054, 10890161, 10874720, 10911746, 10893627, 10906715, 10888606, 10905372, 10837626, 10831528, 10872954, 10895827, 10863277, 10886940, 10882634, 10883793, 10884831, 
Branch dir mis:            40,     25,     24,     24,     24,     24,     24,     24,     24,     24,     24,     24,     24,     24,     24,     24,     24,     24,     24,     24, 
Branch target mis:     29435,  30642,  30641,  30625,  30646,  30642,  30826,  30626,  30645,  30645,  30621,  30645,  30641,  30624,  30645,  30852,  31021,  30643,  30645,  30620, 
Result: 121ef1933151a9c69d9271085bdde8cadd76af6944fbabbf36e52cb763e34306
Expected result: 121ef1933151a9c69d9271085bdde8cadd76af6944fbabbf36e52cb763e34306
Cycle counts:          11778558, 10929502, 10901685, 10893874, 10886093, 10896261, 10854527, 10858009, 10928031, 10882993, 10840727, 10927754, 10914947, 10863663, 10901913, 10848014, 10873622, 10832148, 10857300, 10917630, 
Branch dir mis:            40,     25,     24,     24,     24,     24,     24,     24,     24,     24,     24,     24,     24,     24,     24,     24,     24,     24,     24,     24, 
Branch target mis:     31207,  30642,  30905,  31021,  30621,  30645,  30624,  30646,  30626,  30620,  30645,  30625,  30642,  30641,  30642,  30621,  30901,  31021,  30643,  30641, 
Result: 5ceacffd6953425073f33dcc0919549c376bc296c9fc8ab2403c353b9a668454
Expected result: 5ceacffd6953425073f33dcc0919549c376bc296c9fc8ab2403c353b9a668454
Cycle counts:          11712719, 10901610, 10862525, 10861054, 10890161, 10874720, 10911746, 10893627, 10906715, 10888606, 10905372, 10837626, 10831528, 10872954, 10895827, 10863277, 10886940, 10882634, 10883793, 10884831, 
Branch dir mis:            41,     24,     25,     24,     24,     24,     24,     24,     24,     24,     24,     24,     24,     24,     24,     24,     24,     24,     24,     24, 
Branch target mis:     29435,  30642,  30641,  30625,  30646,  30642,  30826,  30626,  30645,  30645,  30621,  30645,  30641,  30624,  30645,  30852,  31021,  30643,  30645,  30620, 
Result: 8eb73c5ab11256ceb2cb2bb0c971dd95267991367e6d8b80e83087aee8d1af22
Expected result: 8eb73c5ab11256ceb2cb2bb0c971dd95267991367e6d8b80e83087aee8d1af22
Cycle counts:          11775276, 10929502, 10901685, 10893874, 10886093, 10896261, 10854527, 10858009, 10928031, 10882993, 10840727, 10927754, 10914947, 10863663, 10901913, 10848014, 10873622, 10832148, 10857300, 10917630, 
Branch dir mis:            40,     25,     24,     24,     24,     24,     24,     24,     24,     24,     24,     24,     24,     24,     24,     24,     24,     24,     24,     24, 
Branch target mis:     29383,  30642,  30905,  31021,  30621,  30645,  30624,  30646,  30626,  30620,  30645,  30625,  30642,  30641,  30642,  30621,  30901,  31021,  30643,  30641, 
Result: c42e80465724b4bd76cc5e3f272cf57ba749b34a44ece277e41b45d597f96d73
Expected result: c42e80465724b4bd76cc5e3f272cf57ba749b34a44ece277e41b45d597f96d73
Cycle counts:          11715824, 10901615, 10862536, 10861054, 10890161, 10874720, 10911746, 10893627, 10906715, 10888606, 10905372, 10837626, 10831528, 10872954, 10895827, 10863277, 10886940, 10882634, 10883793, 10884831, 
Branch dir mis:            41,     25,     24,     24,     24,     24,     24,     24,     24,     24,     24,     24,     24,     24,     24,     24,     24,     24,     24,     24, 
Branch target mis:     31203,  30642,  30641,  30625,  30646,  30642,  30826,  30626,  30645,  30645,  30621,  30645,  30641,  30624,  30645,  30852,  31021,  30643,  30645,  30620, 
Result: f3b61fcdb66dc4636001882038b5bd9af9ad4c334feb8c43292c64028f27c503
Expected result: f3b61fcdb66dc4636001882038b5bd9af9ad4c334feb8c43292c64028f27c503
Cycle counts:          11778555, 10929502, 10901685, 10893874, 10886093, 10896261, 10854527, 10858009, 10928031, 10882993, 10840727, 10927754, 10914947, 10863663, 10901913, 10848014, 10873622, 10832148, 10857300, 10917630, 
Branch dir mis:            39,     25,     24,     24,     24,     24,     24,     24,     24,     24,     24,     24,     24,     24,     24,     24,     24,     24,     24,     24, 
Branch target mis:     31207,  30642,  30905,  31021,  30621,  30645,  30624,  30646,  30626,  30620,  30645,  30625,  30642,  30641,  30642,  30621,  30901,  31021,  30643,  30641, 
Result: 12ac70cd8430403a88880cfdd13e4d93858a20ab9a0827cc1c605bcf584fd160
Expected result: 12ac70cd8430403a88880cfdd13e4d93858a20ab9a0827cc1c605bcf584fd160
Cycle counts:          11715821, 10901615, 10862536, 10861054, 10890161, 10874720, 10911746, 10893627, 10906715, 10888606, 10905372, 10837626, 10831528, 10872954, 10895827, 10863277, 10886940, 10882634, 10883793, 10884831, 
Branch dir mis:            40,     25,     24,     24,     24,     24,     24,     24,     24,     24,     24,     24,     24,     24,     24,     24,     24,     24,     24,     24, 
Branch target mis:     31203,  30642,  30641,  30625,  30646,  30642,  30826,  30626,  30645,  30645,  30621,  30645,  30641,  30624,  30645,  30852,  31021,  30643,  30645,  30620, 
Result: aadb47687263244b9de787edb084abb06392b4b8395fa72ad5437e7deb04752a
Expected result: aadb47687263244b9de787edb084abb06392b4b8395fa72ad5437e7deb04752a
Cycle counts:          11778555, 10929502, 10901685, 10893874, 10886093, 10896261, 10854527, 10858009, 10928031, 10882993, 10840727, 10927754, 10914947, 10863663, 10901913, 10848014, 10873622, 10832148, 10857300, 10917630, 
Branch dir mis:            39,     25,     24,     24,     24,     24,     24,     24,     24,     24,     24,     24,     24,     24,     24,     24,     24,     24,     24,     24, 
Branch target mis:     31207,  30642,  30905,  31021,  30621,  30645,  30624,  30646,  30626,  30620,  30645,  30625,  30642,  30641,  30642,  30621,  30901,  31021,  30643,  30641, 
Result: b42dfa271d9be85e23b3ac5750c234d973058fcaebb5f1533d838022f98da758
Expected result: b42dfa271d9be85e23b3ac5750c234d973058fcaebb5f1533d838022f98da758
Cycle counts:          11765464, 10963185, 10867433, 10926402, 10904040, 10887526, 10849378, 10899868, 10855958, 10889086, 10814730, 10883860, 10931801, 10845333, 10948393, 10873652, 10820811, 10879959, 10866509, 10857164, 
Branch dir mis:            41,     25,     24,     24,     24,     24,     24,     24,     24,     24,     24,     24,     24,     24,     24,     24,     24,     24,     24,     24, 
Branch target mis:     29448,  28531,  30625,  30646,  30645,  30624,  30645,  30625,  30624,  30620,  30621,  30624,  30646,  30624,  30856,  30625,  30905,  30646,  30646,  30645, 
Result: aa677b8a0ae56b2f9e6cb2cd70a0f6caa1b6ba34bf4db2d2d18777a436f44e1f
Expected result: aa677b8a0ae56b2f9e6cb2cd70a0f6caa1b6ba34bf4db2d2d18777a436f44e1f
Cycle counts:          11778558, 10929502, 10901685, 10893874, 10886093, 10896261, 10854527, 10858009, 10928031, 10882993, 10840727, 10927754, 10914947, 10863663, 10901913, 10848014, 10873622, 10832148, 10857300, 10917630, 
Branch dir mis:            40,     25,     24,     24,     24,     24,     24,     24,     24,     24,     24,     24,     24,     24,     24,     24,     24,     24,     24,     24, 
Branch target mis:     31207,  30642,  30905,  31021,  30621,  30645,  30624,  30646,  30626,  30620,  30645,  30625,  30642,  30641,  30642,  30621,  30901,  31021,  30643,  30641, 
Result: b4532b771de3987e4d19a5ff653e3ff57f8d9761c4b351c60327bd88e27a344e
Expected result: b4532b771de3987e4d19a5ff653e3ff57f8d9761c4b351c60327bd88e27a344e
Cycle counts:          11715828, 10901613, 10862525, 10861054, 10890161, 10874720, 10911746, 10893627, 10906715, 10888606, 10905372, 10837626, 10831528, 10872954, 10895827, 10863277, 10886940, 10882634, 10883793, 10884831, 
Branch dir mis:            41,     25,     25,     24,     24,     24,     24,     24,     24,     24,     24,     24,     24,     24,     24,     24,     24,     24,     24,     24, 
Branch target mis:     31203,  30642,  30641,  30625,  30646,  30642,  30826,  30626,  30645,  30645,  30621,  30645,  30641,  30624,  30645,  30852,  31021,  30643,  30645,  30620, 
Result: 585393c8bff58df486830f99699730b457e9eac49d78e26e3f202bd52868296e
Expected result: 585393c8bff58df486830f99699730b457e9eac49d78e26e3f202bd52868296e
Cycle counts:          11775277, 10929497, 10901674, 10893874, 10886093, 10896261, 10854527, 10858009, 10928031, 10882993, 10840727, 10927754, 10914947, 10863663, 10901913, 10848014, 10873622, 10832148, 10857300, 10917630, 
Branch dir mis:            40,     24,     25,     24,     24,     24,     24,     24,     24,     24,     24,     24,     24,     24,     24,     24,     24,     24,     24,     24, 
Branch target mis:     29383,  30642,  30905,  31021,  30621,  30645,  30624,  30646,  30626,  30620,  30645,  30625,  30642,  30641,  30642,  30621,  30901,  31021,  30643,  30641, 
Result: c57046c0a6610a033d06d5e0a7d5228e2036a1519d78949b383c3770ad45fe28
Expected result: c57046c0a6610a033d06d5e0a7d5228e2036a1519d78949b383c3770ad45fe28
Cycle counts:          11712715, 10901615, 10862536, 10861054, 10890161, 10874720, 10911746, 10893627, 10906715, 10888606, 10905372, 10837626, 10831528, 10872954, 10895827, 10863277, 10886940, 10882634, 10883793, 10884831, 
Branch dir mis:            40,     25,     24,     24,     24,     24,     24,     24,     24,     24,     24,     24,     24,     24,     24,     24,     24,     24,     24,     24, 
Branch target mis:     29435,  30642,  30641,  30625,  30646,  30642,  30826,  30626,  30645,  30645,  30621,  30645,  30641,  30624,  30645,  30852,  31021,  30643,  30645,  30620, 
Result: dc58093af8019b1aa85ef7c0fa9574aec7862f44c67ad0256b0ad9e98a2c190a
Expected result: dc58093af8019b1aa85ef7c0fa9574aec7862f44c67ad0256b0ad9e98a2c190a
Cycle counts:          11775276, 10929502, 10901685, 10893874, 10886093, 10896261, 10854527, 10858009, 10928031, 10882993, 10840727, 10927754, 10914947, 10863663, 10901913, 10848014, 10873622, 10832148, 10857300, 10917630, 
Branch dir mis:            40,     25,     24,     24,     24,     24,     24,     24,     24,     24,     24,     24,     24,     24,     24,     24,     24,     24,     24,     24, 
Branch target mis:     29383,  30642,  30905,  31021,  30621,  30645,  30624,  30646,  30626,  30620,  30645,  30625,  30642,  30641,  30642,  30621,  30901,  31021,  30643,  30641, 
Result: 57bf344f1fa1ee3fd4ef32a45972b8e31edd45b74e36e53feda09c0013fc5660
Expected result: 57bf344f1fa1ee3fd4ef32a45972b8e31edd45b74e36e53feda09c0013fc5660
Cycle counts:          11712722, 10901625, 10862525, 10861054, 10890161, 10874720, 10911746, 10893627, 10906715, 10888606, 10905372, 10837626, 10831528, 10872954, 10895827, 10863277, 10886940, 10882634, 10883793, 10884831, 
Branch dir mis:            42,     25,     25,     24,     24,     24,     24,     24,     24,     24,     24,     24,     24,     24,     24,     24,     24,     24,     24,     24, 
Branch target mis:     29435,  30646,  30641,  30625,  30646,  30642,  30826,  30626,  30645,  30645,  30621,  30645,  30641,  30624,  30645,  30852,  31021,  30643,  30645,  30620, 
Result: 45f1d0e07ec7fa998dc51ba940cdf682c842fceadf004a81e99446e581813d5e
Expected result: 45f1d0e07ec7fa998dc51ba940cdf682c842fceadf004a81e99446e581813d5e
Cycle counts:          11778555, 10929502, 10901685, 10893874, 10886093, 10896261, 10854527, 10858009, 10928031, 10882993, 10840727, 10927754, 10914947, 10863663, 10901913, 10848014, 10873622, 10832148, 10857300, 10917630, 
Branch dir mis:            39,     25,     24,     24,     24,     24,     24,     24,     24,     24,     24,     24,     24,     24,     24,     24,     24,     24,     24,     24, 
Branch target mis:     31207,  30642,  30905,  31021,  30621,  30645,  30624,  30646,  30626,  30620,  30645,  30625,  30642,  30641,  30642,  30621,  30901,  31021,  30643,  30641, 
Result: 5fe4af53f37d5e4ae9401a6e17de9fa728f62594c5593cba5f17510d459ad46a
Expected result: 5fe4af53f37d5e4ae9401a6e17de9fa728f62594c5593cba5f17510d459ad46a
Cycle counts:          11715827, 10901615, 10862536, 10861054, 10890161, 10874720, 10911746, 10893627, 10906715, 10888606, 10905372, 10837626, 10831528, 10872954, 10895827, 10863277, 10886940, 10882634, 10883793, 10884831, 
Branch dir mis:            41,     25,     24,     24,     24,     24,     24,     24,     24,     24,     24,     24,     24,     24,     24,     24,     24,     24,     24,     24, 
Branch target mis:     31203,  30642,  30641,  30625,  30646,  30642,  30826,  30626,  30645,  30645,  30621,  30645,  30641,  30624,  30645,  30852,  31021,  30643,  30645,  30620, 
Result: 89b3c7caece0f6a3a2bb637ae7402d9905edbb490687fa9038406cf57d698740
Expected result: 89b3c7caece0f6a3a2bb637ae7402d9905edbb490687fa9038406cf57d698740
Cycle counts:          11775276, 10929502, 10901685, 10893874, 10886093, 10896261, 10854527, 10858009, 10928031, 10882993, 10840727, 10927754, 10914947, 10863663, 10901913, 10848014, 10873622, 10832148, 10857300, 10917630, 
Branch dir mis:            40,     25,     24,     24,     24,     24,     24,     24,     24,     24,     24,     24,     24,     24,     24,     24,     24,     24,     24,     24, 
Branch target mis:     29383,  30642,  30905,  31021,  30621,  30645,  30624,  30646,  30626,  30620,  30645,  30625,  30642,  30641,  30642,  30621,  30901,  31021,  30643,  30641, 
Result: df1408034b073d0d90cc0414a5c251a3c26df4b146c3d3b1fbbc5b724df91753
Expected result: df1408034b073d0d90cc0414a5c251a3c26df4b146c3d3b1fbbc5b724df91753
Cycle counts:          11712718, 10901615, 10862536, 10861054, 10890161, 10874720, 10911746, 10893627, 10906715, 10888606, 10905372, 10837626, 10831528, 10872954, 10895827, 10863277, 10886940, 10882634, 10883793, 10884831, 
Branch dir mis:            41,     25,     24,     24,     24,     24,     24,     24,     24,     24,     24,     24,     24,     24,     24,     24,     24,     24,     24,     24, 
Branch target mis:     29435,  30642,  30641,  30625,  30646,  30642,  30826,  30626,  30645,  30645,  30621,  30645,  30641,  30624,  30645,  30852,  31021,  30643,  30645,  30620, 
Result: ec843c92ed4480ca9bdb335cc002577e91e4d26a839cba7d2337f5df267f056d
Expected result: ec843c92ed4480ca9bdb335cc002577e91e4d26a839cba7d2337f5df267f056d
Cycle counts:          11778555, 10929502, 10901685, 10893874, 10886093, 10896261, 10854527, 10858009, 10928031, 10882993, 10840727, 10927754, 10914947, 10863663, 10901913, 10848014, 10873622, 10832148, 10857300, 10917630, 
Branch dir mis:            39,     25,     24,     24,     24,     24,     24,     24,     24,     24,     24,     24,     24,     24,     24,     24,     24,     24,     24,     24, 
Branch target mis:     31207,  30642,  30905,  31021,  30621,  30645,  30624,  30646,  30626,  30620,  30645,  30625,  30642,  30641,  30642,  30621,  30901,  31021,  30643,  30641, 
Result: bff3337f4507f6310ec99e30311b92425e6224f2cb7046f576027ee7722e6055
Expected result: bff3337f4507f6310ec99e30311b92425e6224f2cb7046f576027ee7722e6055
Cycle counts:          11712715, 10901615, 10862536, 10861054, 10890161, 10874720, 10911746, 10893627, 10906715, 10888606, 10905372, 10837626, 10831528, 10872954, 10895827, 10863277, 10886940, 10882634, 10883793, 10884831, 
Branch dir mis:            40,     25,     24,     24,     24,     24,     24,     24,     24,     24,     24,     24,     24,     24,     24,     24,     24,     24,     24,     24, 
Branch target mis:     29435,  30642,  30641,  30625,  30646,  30642,  30826,  30626,  30645,  30645,  30621,  30645,  30641,  30624,  30645,  30852,  31021,  30643,  30645,  30620, 
Result: 3a7b697933ef440e898bfcc35d4a24fff0b9c3df3ab8b2d4d52841aad1851137
Expected result: 3a7b697933ef440e898bfcc35d4a24fff0b9c3df3ab8b2d4d52841aad1851137
Cycle counts:          11778562, 10929497, 10901674, 10893874, 10886093, 10896261, 10854527, 10858009, 10928031, 10882993, 10840727, 10927754, 10914947, 10863663, 10901913, 10848014, 10873622, 10832148, 10857300, 10917630, 
Branch dir mis:            40,     24,     25,     24,     24,     24,     24,     24,     24,     24,     24,     24,     24,     24,     24,     24,     24,     24,     24,     24, 
Branch target mis:     31207,  30642,  30905,  31021,  30621,  30645,  30624,  30646,  30626,  30620,  30645,  30625,  30642,  30641,  30642,  30621,  30901,  31021,  30643,  30641, 
Result: 220fee37d0910355a6694acddb7cd863c6ec67cdcb2d25444ae36f8cf755813b
Expected result: 220fee37d0910355a6694acddb7cd863c6ec67cdcb2d25444ae36f8cf755813b
Cycle counts:          11712718, 10901615, 10862536, 10861054, 10890161, 10874720, 10911746, 10893627, 10906715, 10888606, 10905372, 10837626, 10831528, 10872954, 10895827, 10863277, 10886940, 10882634, 10883793, 10884831, 
Branch dir mis:            41,     25,     24,     24,     24,     24,     24,     24,     24,     24,     24,     24,     24,     24,     24,     24,     24,     24,     24,     24, 
Branch target mis:     29435,  30642,  30641,  30625,  30646,  30642,  30826,  30626,  30645,  30645,  30621,  30645,  30641,  30624,  30645,  30852,  31021,  30643,  30645,  30620, 
Result: 438a84df23780bb0afc59031d9c34f4bd5f4150c791633478f927ecd02f80a18
Expected result: 438a84df23780bb0afc59031d9c34f4bd5f4150c791633478f927ecd02f80a18
Cycle counts:          11779671, 10929497, 10901674, 10893874, 10886093, 10896261, 10854527, 10858009, 10928031, 10882993, 10840727, 10927754, 10914947, 10863663, 10901913, 10848014, 10873622, 10832148, 10857300, 10917630, 
Branch dir mis:            38,     24,     25,     24,     24,     24,     24,     24,     24,     24,     24,     24,     24,     24,     24,     24,     24,     24,     24,     24, 
Branch target mis:     30445,  30642,  30905,  31021,  30621,  30645,  30624,  30646,  30626,  30620,  30645,  30625,  30642,  30641,  30642,  30621,  30901,  31021,  30643,  30641, 
Result: 9884e1715b51062d29fbedf79db2cbdaaedfb0ceb0136e56ef50a11e2ae1442b
Expected result: 9884e1715b51062d29fbedf79db2cbdaaedfb0ceb0136e56ef50a11e2ae1442b
Cycle counts:          11712719, 10901610, 10862525, 10861054, 10890161, 10874720, 10911746, 10893627, 10906715, 10888606, 10905372, 10837626, 10831528, 10872954, 10895827, 10863277, 10886940, 10882634, 10883793, 10884831, 
Branch dir mis:            41,     24,     25,     24,     24,     24,     24,     24,     24,     24,     24,     24,     24,     24,     24,     24,     24,     24,     24,     24, 
Branch target mis:     29435,  30642,  30641,  30625,  30646,  30642,  30826,  30626,  30645,  30645,  30621,  30645,  30641,  30624,  30645,  30852,  31021,  30643,  30645,  30620, 
Result: 7e6e94e22bb050c9f196d05245565ead481ef22bd160f175332bb4dad231c140
Expected result: 7e6e94e22bb050c9f196d05245565ead481ef22bd160f175332bb4dad231c140
Cycle counts:          11778562, 10929509, 10901674, 10893874, 10886093, 10896261, 10854527, 10858009, 10928031, 10882993, 10840727, 10927754, 10914947, 10863663, 10901913, 10848014, 10873622, 10832148, 10857300, 10917630, 
Branch dir mis:            40,     24,     25,     24,     24,     24,     24,     24,     24,     24,     24,     24,     24,     24,     24,     24,     24,     24,     24,     24, 
Branch target mis:     31207,  30646,  30905,  31021,  30621,  30645,  30624,  30646,  30626,  30620,  30645,  30625,  30642,  30641,  30642,  30621,  30901,  31021,  30643,  30641, 
Result: dc4f6ce3e3d49cab1df30dd60f79bc7321de9e9af5aeb02d3d313d1b8ebe1312
Expected result: dc4f6ce3e3d49cab1df30dd60f79bc7321de9e9af5aeb02d3d313d1b8ebe1312
Cycle counts:          11765464, 10963185, 10867433, 10926402, 10904040, 10887526, 10849378, 10899868, 10855958, 10889086, 10814730, 10883860, 10931801, 10845333, 10948393, 10873652, 10820811, 10879959, 10866509, 10857164, 
Branch dir mis:            41,     25,     24,     24,     24,     24,     24,     24,     24,     24,     24,     24,     24,     24,     24,     24,     24,     24,     24,     24, 
Branch target mis:     29448,  28531,  30625,  30646,  30645,  30624,  30645,  30625,  30624,  30620,  30621,  30624,  30646,  30624,  30856,  30625,  30905,  30646,  30646,  30645, 
Result: 4907a7552be62d173fcb68c8ccc0eb4d6dac623b06572e49993bfa8783575716
Expected result: 4907a7552be62d173fcb68c8ccc0eb4d6dac623b06572e49993bfa8783575716
Cycle counts:          11778568, 10929509, 10901674, 10893874, 10886093, 10896261, 10854527, 10858009, 10928031, 10882993, 10840727, 10927754, 10914947, 10863663, 10901913, 10848014, 10873622, 10832148, 10857300, 10917630, 
Branch dir mis:            42,     24,     25,     24,     24,     24,     24,     24,     24,     24,     24,     24,     24,     24,     24,     24,     24,     24,     24,     24, 
Branch target mis:     31207,  30646,  30905,  31021,  30621,  30645,  30624,  30646,  30626,  30620,  30645,  30625,  30642,  30641,  30642,  30621,  30901,  31021,  30643,  30641, 
Result: ba59894c6ceed34a402b5f9aff008fc822cefe58d6b02360f27357c1e231c943
Expected result: ba59894c6ceed34a402b5f9aff008fc822cefe58d6b02360f27357c1e231c943
Cycle counts:          11715821, 10901615, 10862536, 10861054, 10890161, 10874720, 10911746, 10893627, 10906715, 10888606, 10905372, 10837626, 10831528, 10872954, 10895827, 10863277, 10886940, 10882634, 10883793, 10884831, 
Branch dir mis:            40,     25,     24,     24,     24,     24,     24,     24,     24,     24,     24,     24,     24,     24,     24,     24,     24,     24,     24,     24, 
Branch target mis:     31203,  30642,  30641,  30625,  30646,  30642,  30826,  30626,  30645,  30645,  30621,  30645,  30641,  30624,  30645,  30852,  31021,  30643,  30645,  30620, 
Result: 0245be4ca791f9bcd65ff861d2b748531afe77433f19fa4576f5ce0b0d235f3c
Expected result: 0245be4ca791f9bcd65ff861d2b748531afe77433f19fa4576f5ce0b0d235f3c
Cycle counts:          11779674, 10929509, 10901674, 10893874, 10886093, 10896261, 10854527, 10858009, 10928031, 10882993, 10840727, 10927754, 10914947, 10863663, 10901913, 10848014, 10873622, 10832148, 10857300, 10917630, 
Branch dir mis:            39,     24,     25,     24,     24,     24,     24,     24,     24,     24,     24,     24,     24,     24,     24,     24,     24,     24,     24,     24, 
Branch target mis:     30445,  30646,  30905,  31021,  30621,  30645,  30624,  30646,  30626,  30620,  30645,  30625,  30642,  30641,  30642,  30621,  30901,  31021,  30643,  30641, 
Result: 462cf21e90acd0a948da5920eee085a1715a6903b0b395c5d02994a76e371263
Expected result: 462cf21e90acd0a948da5920eee085a1715a6903b0b395c5d02994a76e371263
Cycle counts:          11712715, 10901615, 10862536, 10861054, 10890161, 10874720, 10911746, 10893627, 10906715, 10888606, 10905372, 10837626, 10831528, 10872954, 10895827, 10863277, 10886940, 10882634, 10883793, 10884831, 
Branch dir mis:            40,     25,     24,     24,     24,     24,     24,     24,     24,     24,     24,     24,     24,     24,     24,     24,     24,     24,     24,     24, 
Branch target mis:     29435,  30642,  30641,  30625,  30646,  30642,  30826,  30626,  30645,  30645,  30621,  30645,  30641,  30624,  30645,  30852,  31021,  30643,  30645,  30620, 
Result: ebdbb878ab76e4c0212cb3abb2f3da3b0f31aec31c2f2182256ff51a32eee72e
Expected result: ebdbb878ab76e4c0212cb3abb2f3da3b0f31aec31c2f2182256ff51a32eee72e
Cycle counts:          11778555, 10929502, 10901685, 10893874, 10886093, 10896261, 10854527, 10858009, 10928031, 10882993, 10840727, 10927754, 10914947, 10863663, 10901913, 10848014, 10873622, 10832148, 10857300, 10917630, 
Branch dir mis:            39,     25,     24,     24,     24,     24,     24,     24,     24,     24,     24,     24,     24,     24,     24,     24,     24,     24,     24,     24, 
Branch target mis:     31207,  30642,  30905,  31021,  30621,  30645,  30624,  30646,  30626,  30620,  30645,  30625,  30642,  30641,  30642,  30621,  30901,  31021,  30643,  30641, 
Result: 8a3a20a4a79a3feed255ab8f80ffb43313ddb65633838bb432e84bb38ecfed08
Expected result: 8a3a20a4a79a3feed255ab8f80ffb43313ddb65633838bb432e84bb38ecfed08
Cycle counts:          11712715, 10901615, 10862536, 10861054, 10890161, 10874720, 10911746, 10893627, 10906715, 10888606, 10905372, 10837626, 10831528, 10872954, 10895827, 10863277, 10886940, 10882634, 10883793, 10884831, 
Branch dir mis:            40,     25,     24,     24,     24,     24,     24,     24,     24,     24,     24,     24,     24,     24,     24,     24,     24,     24,     24,     24, 
Branch target mis:     29435,  30642,  30641,  30625,  30646,  30642,  30826,  30626,  30645,  30645,  30621,  30645,  30641,  30624,  30645,  30852,  31021,  30643,  30645,  30620, 
Result: d500279fe36cc43bc2ae551559068a2fb5d56aaeb6f5f2ad9a7e6830d15a2001
Expected result: d500279fe36cc43bc2ae551559068a2fb5d56aaeb6f5f2ad9a7e6830d15a2001
Cycle counts:          11779674, 10929500, 10901674, 10893874, 10886093, 10896261, 10854527, 10858009, 10928031, 10882993, 10840727, 10927754, 10914947, 10863663, 10901913, 10848014, 10873622, 10832148, 10857300, 10917630, 
Branch dir mis:            39,     25,     25,     24,     24,     24,     24,     24,     24,     24,     24,     24,     24,     24,     24,     24,     24,     24,     24,     24, 
Branch target mis:     30445,  30642,  30905,  31021,  30621,  30645,  30624,  30646,  30626,  30620,  30645,  30625,  30642,  30641,  30642,  30621,  30901,  31021,  30643,  30641, 
Result: b0f149d9f3d5be8094ef7424cf3d4ab9d387a0c6494b7f69df622deda672bf0e
Expected result: b0f149d9f3d5be8094ef7424cf3d4ab9d387a0c6494b7f69df622deda672bf0e
Cycle counts:          11715828, 10901622, 10862525, 10861054, 10890161, 10874720, 10911746, 10893627, 10906715, 10888606, 10905372, 10837626, 10831528, 10872954, 10895827, 10863277, 10886940, 10882634, 10883793, 10884831, 
Branch dir mis:            42,     24,     25,     24,     24,     24,     24,     24,     24,     24,     24,     24,     24,     24,     24,     24,     24,     24,     24,     24, 
Branch target mis:     31203,  30646,  30641,  30625,  30646,  30642,  30826,  30626,  30645,  30645,  30621,  30645,  30641,  30624,  30645,  30852,  31021,  30643,  30645,  30620, 
Result: e8a38b6d90f88e461e2d5e280e74484c80edce006be51779598a241943ea227f
Expected result: e8a38b6d90f88e461e2d5e280e74484c80edce006be51779598a241943ea227f
Cycle counts:          11778558, 10929502, 10901685, 10893874, 10886093, 10896261, 10854527, 10858009, 10928031, 10882993, 10840727, 10927754, 10914947, 10863663, 10901913, 10848014, 10873622, 10832148, 10857300, 10917630, 
Branch dir mis:            39,     25,     24,     24,     24,     24,     24,     24,     24,     24,     24,     24,     24,     24,     24,     24,     24,     24,     24,     24, 
Branch target mis:     31207,  30642,  30905,  31021,  30621,  30645,  30624,  30646,  30626,  30620,  30645,  30625,  30642,  30641,  30642,  30621,  30901,  31021,  30643,  30641, 
Result: 755a7c7959d2d88689c697fb9250e5462a0b93cfa720b788799f6afaa120f377
Expected result: 755a7c7959d2d88689c697fb9250e5462a0b93cfa720b788799f6afaa120f377
Cycle counts:          11712718, 10901615, 10862536, 10861054, 10890161, 10874720, 10911746, 10893627, 10906715, 10888606, 10905372, 10837626, 10831528, 10872954, 10895827, 10863277, 10886940, 10882634, 10883793, 10884831, 
Branch dir mis:            41,     25,     24,     24,     24,     24,     24,     24,     24,     24,     24,     24,     24,     24,     24,     24,     24,     24,     24,     24, 
Branch target mis:     29435,  30642,  30641,  30625,  30646,  30642,  30826,  30626,  30645,  30645,  30621,  30645,  30641,  30624,  30645,  30852,  31021,  30643,  30645,  30620, 
Result: 529e99c19cc53c762e2bca025ff5f0884537134c9069cbb72c7863d344d0f404
Expected result: 529e99c19cc53c762e2bca025ff5f0884537134c9069cbb72c7863d344d0f404
Cycle counts:          11778566, 10929500, 10901674, 10893874, 10886093, 10896261, 10854527, 10858009, 10928031, 10882993, 10840727, 10927754, 10914947, 10863663, 10901913, 10848014, 10873622, 10832148, 10857300, 10917630, 
Branch dir mis:            39,     25,     25,     24,     24,     24,     24,     24,     24,     24,     24,     24,     24,     24,     24,     24,     24,     24,     24,     24, 
Branch target mis:     31213,  30642,  30905,  31021,  30621,  30645,  30624,  30646,  30626,  30620,  30645,  30625,  30642,  30641,  30642,  30621,  30901,  31021,  30643,  30641, 
Result: c4ce3a73247016ee200fde9db97efc8d9860e62dff234e7c4854894a7f0f150a
Expected result: c4ce3a73247016ee200fde9db97efc8d9860e62dff234e7c4854894a7f0f150a
Cycle counts:          11712718, 10901615, 10862536, 10861054, 10890161, 10874720, 10911746, 10893627, 10906715, 10888606, 10905372, 10837626, 10831528, 10872954, 10895827, 10863277, 10886940, 10882634, 10883793, 10884831, 
Branch dir mis:            41,     25,     24,     24,     24,     24,     24,     24,     24,     24,     24,     24,     24,     24,     24,     24,     24,     24,     24,     24, 
Branch target mis:     29435,  30642,  30641,  30625,  30646,  30642,  30826,  30626,  30645,  30645,  30621,  30645,  30641,  30624,  30645,  30852,  31021,  30643,  30645,  30620, 
Result: 7d255db9d50cf93df52ade91cabaea209778f04d581351ce403723427b99de5d
Expected result: 7d255db9d50cf93df52ade91cabaea209778f04d581351ce403723427b99de5d
Cycle counts:          11775277, 10929509, 10901674, 10893874, 10886093, 10896261, 10854527, 10858009, 10928031, 10882993, 10840727, 10927754, 10914947, 10863663, 10901913, 10848014, 10873622, 10832148, 10857300, 10917630, 
Branch dir mis:            40,     24,     25,     24,     24,     24,     24,     24,     24,     24,     24,     24,     24,     24,     24,     24,     24,     24,     24,     24, 
Branch target mis:     29383,  30646,  30905,  31021,  30621,  30645,  30624,  30646,  30626,  30620,  30645,  30625,  30642,  30641,  30642,  30621,  30901,  31021,  30643,  30641, 
Result: 66d59d1e5fc9aadede1569b5d5ea9dbd0d08c86b331932f684055cbf321fbb3d
Expected result: 66d59d1e5fc9aadede1569b5d5ea9dbd0d08c86b331932f684055cbf321fbb3d
Cycle counts:          11712719, 10901615, 10862536, 10861054, 10890161, 10874720, 10911746, 10893627, 10906715, 10888606, 10905372, 10837626, 10831528, 10872954, 10895827, 10863277, 10886940, 10882634, 10883793, 10884831, 
Branch dir mis:            41,     25,     24,     24,     24,     24,     24,     24,     24,     24,     24,     24,     24,     24,     24,     24,     24,     24,     24,     24, 
Branch target mis:     29435,  30642,  30641,  30625,  30646,  30642,  30826,  30626,  30645,  30645,  30621,  30645,  30641,  30624,  30645,  30852,  31021,  30643,  30645,  30620, 
Result: 4418a9ed11ba6abc6ca9f0bd6b422aac4b49fadb9d9761cc636772ed4d233926
Expected result: 4418a9ed11ba6abc6ca9f0bd6b422aac4b49fadb9d9761cc636772ed4d233926
Cycle counts:          11778558, 10929502, 10901685, 10893874, 10886093, 10896261, 10854527, 10858009, 10928031, 10882993, 10840727, 10927754, 10914947, 10863663, 10901913, 10848014, 10873622, 10832148, 10857300, 10917630, 
Branch dir mis:            40,     25,     24,     24,     24,     24,     24,     24,     24,     24,     24,     24,     24,     24,     24,     24,     24,     24,     24,     24, 
Branch target mis:     31207,  30642,  30905,  31021,  30621,  30645,  30624,  30646,  30626,  30620,  30645,  30625,  30642,  30641,  30642,  30621,  30901,  31021,  30643,  30641, 
Result: 668950383936ef62cf6e78a2795093d27764abf671c00c6e83ea9886031deb75
Expected result: 668950383936ef62cf6e78a2795093d27764abf671c00c6e83ea9886031deb75
Cycle counts:          11712719, 10901610, 10862525, 10861054, 10890161, 10874720, 10911746, 10893627, 10906715, 10888606, 10905372, 10837626, 10831528, 10872954, 10895827, 10863277, 10886940, 10882634, 10883793, 10884831, 
Branch dir mis:            41,     24,     25,     24,     24,     24,     24,     24,     24,     24,     24,     24,     24,     24,     24,     24,     24,     24,     24,     24, 
Branch target mis:     29435,  30642,  30641,  30625,  30646,  30642,  30826,  30626,  30645,  30645,  30621,  30645,  30641,  30624,  30645,  30852,  31021,  30643,  30645,  30620, 
Result: cf9e1acdf61fdfa5b3635924e6f4af7473670e299946e40ef49f7c285cf5427b
Expected result: cf9e1acdf61fdfa5b3635924e6f4af7473670e299946e40ef49f7c285cf5427b
Cycle counts:          11778559, 10929509, 10901677, 10893874, 10886093, 10896261, 10854527, 10858009, 10928031, 10882993, 10840727, 10927754, 10914947, 10863663, 10901913, 10848014, 10873622, 10832148, 10857300, 10917630, 
Branch dir mis:            40,     24,     26,     24,     24,     24,     24,     24,     24,     24,     24,     24,     24,     24,     24,     24,     24,     24,     24,     24, 
Branch target mis:     31207,  30646,  30905,  31021,  30621,  30645,  30624,  30646,  30626,  30620,  30645,  30625,  30642,  30641,  30642,  30621,  30901,  31021,  30643,  30641, 
Result: 65fa5f4d17bf3c0a2c822a323ce197b282911d30ab6b4ab3538194d607a2dc6d
Expected result: 65fa5f4d17bf3c0a2c822a323ce197b282911d30ab6b4ab3538194d607a2dc6d
Cycle counts:          11715829, 10901615, 10862536, 10861054, 10890161, 10874720, 10911746, 10893627, 10906715, 10888606, 10905372, 10837626, 10831528, 10872954, 10895827, 10863277, 10886940, 10882634, 10883793, 10884831, 
Branch dir mis:            40,     25,     24,     24,     24,     24,     24,     24,     24,     24,     24,     24,     24,     24,     24,     24,     24,     24,     24,     24, 
Branch target mis:     31209,  30642,  30641,  30625,  30646,  30642,  30826,  30626,  30645,  30645,  30621,  30645,  30641,  30624,  30645,  30852,  31021,  30643,  30645,  30620, 
Result: bf2d644a033563ccfcb338dc8e70f8be42d0aa379dcefe615f7e6c0d44770459
Expected result: ea2937106e717a8486ea04148516e70817505b25646f233ecdba1da2f2f7627c
