[1F[0J[?25h[0;39;49mBench Clock Reset Complete
ATE0-->ATE0
OK
AT+BLEINIT=0-->OK
AT+CWMODE=0-->OK
Cycle counts:          245558,   8244,   8215,   8202,   8212,   8193,   8203,   8202,   8203,   8199,   8203,   8199,   8203,   8199,   8203,   8199,   8203,   8199,   8203,   8199,   8203,   8199,   8203,   8199,   8203,   8199,   8203,   8199,   8203,   8199,   8203,   8199,   8203,   8199,   8203,   8199,   8203,   8199,   8203,   8199,   8203,   8199,   8203,   8199,   8203,   8199,   8203,   8199,   8203, 
Branch mispredictions:            32,     23,     14,     10,     13,      7,     10,     10,     10,      9,     10,      9,     10,      9,     10,      9,     10,      9,     10,      9,     10,      9,     10,      9,     10,      9,     10,      9,     10,      9,     10,      9,     10,      9,     10,      9,     10,      9,     10,      9,     10,      9,     10,      9,     10,      9,     10,      9,     10, 
ICache misses:       108,      0,      0,      0,      0,      0,      0,      0,      0,      0,      0,      0,      0,      0,      0,      0,      0,      0,      0,      0,      0,      0,      0,      0,      0,      0,      0,      0,      0,      0,      0,      0,      0,      0,      0,      0,      0,      0,      0,      0,      0,      0,      0,      0,      0,      0,      0,      0,      0, 
Result: ef30b9d086841b407ee8f9d32d3d4d8e
Expected result: [ef, 30, b9, d0, 86, 84, 1b, 40, 7e, e8, f9, d3, 2d, 3d, 4d, 8e]
[1F[0J[?25h[0;39;49mBench Clock Reset Complete
ATE0-->OK
AT+BLEINIT=0-->OK
AT+CWMODE=0-->OK
Cycle counts:          245550,   8239,   8208,   8215,   8224,   8214,   8224,   8214,   8224,   8214,   8224,   8214,   8224,   8214,   8224,   8214,   8224,   8214,   8224,   8214,   8224,   8214,   8224,   8214,   8224,   8214,   8224,   8214,   8224,   8214,   8224,   8214,   8224,   8214,   8224,   8214,   8224,   8214,   8224,   8214,   8224,   8214,   8224,   8214,   8224,   8214,   8224,   8214,   8224, 
Branch mispredictions:            29,     22,     13,     15,     18,     15,     18,     15,     18,     15,     18,     15,     18,     15,     18,     15,     18,     15,     18,     15,     18,     15,     18,     15,     18,     15,     18,     15,     18,     15,     18,     15,     18,     15,     18,     15,     18,     15,     18,     15,     18,     15,     18,     15,     18,     15,     18,     15,     18, 
ICache misses:       108,      0,      0,      0,      0,      0,      0,      0,      0,      0,      0,      0,      0,      0,      0,      0,      0,      0,      0,      0,      0,      0,      0,      0,      0,      0,      0,      0,      0,      0,      0,      0,      0,      0,      0,      0,      0,      0,      0,      0,      0,      0,      0,      0,      0,      0,      0,      0,      0, 
Result: 4965a9f5720ce56f020433cd5f68d1d6
Expected result: [49, 65, a9, f5, 72, c, e5, 6f, 2, 4, 33, cd, 5f, 68, d1, d6]
[1F[0J[?25h[0;39;49mBench Clock Reset Complete
ATE0-->ATE0
OK
AT+BLEINIT=0-->OK
AT+CWMODE=0-->OK
Cycle counts:          245551,   8249,   8231,   8218,   8228,   8213,   8217,   8207,   8217,   8207,   8217,   8207,   8217,   8207,   8217,   8207,   8217,   8207,   8217,   8207,   8217,   8207,   8217,   8207,   8217,   8207,   8217,   8207,   8217,   8207,   8217,   8207,   8217,   8207,   8217,   8207,   8217,   8207,   8217,   8207,   8217,   8207,   8217,   8207,   8217,   8207,   8217,   8207,   8217, 
Branch mispredictions:            29,     26,     20,     16,     19,     15,     16,     13,     16,     13,     16,     13,     16,     13,     16,     13,     16,     13,     16,     13,     16,     13,     16,     13,     16,     13,     16,     13,     16,     13,     16,     13,     16,     13,     16,     13,     16,     13,     16,     13,     16,     13,     16,     13,     16,     13,     16,     13,     16, 
ICache misses:       108,      0,      0,      0,      0,      0,      0,      0,      0,      0,      0,      0,      0,      0,      0,      0,      0,      0,      0,      0,      0,      0,      0,      0,      0,      0,      0,      0,      0,      0,      0,      0,      0,      0,      0,      0,      0,      0,      0,      0,      0,      0,      0,      0,      0,      0,      0,      0,      0, 
Result: 514479cc06b5db2bae14133c28c032ad
Expected result: [51, 44, 79, cc, 6, b5, db, 2b, ae, 14, 13, 3c, 28, c0, 32, ad]
