[1F[0J[?25h[0;39;49mBench Clock Reset Complete
ATE0-->OK
AT+BLEINIT=0-->OK
AT+CWMODE=0-->OK
Cycle counts:          245547,   8232,   8217,   8210,   8198,   8203,   8195,   8203,   8195,   8203,   8195,   8203,   8195,   8203,   8195,   8203,   8195,   8203,   8195,   8203,   8195,   8203,   8195,   8203,   8195,   8203,   8195,   8203,   8195,   8203,   8195,   8203,   8195,   8203,   8195,   8203,   8195,   8203,   8195,   8203,   8195,   8203,   8195,   8203,   8195,   8203,   8195,   8203,   8195, 
Branch mispredictions:            28,     20,     16,     13,     10,     11,      9,     11,      9,     11,      9,     11,      9,     11,      9,     11,      9,     11,      9,     11,      9,     11,      9,     11,      9,     11,      9,     11,      9,     11,      9,     11,      9,     11,      9,     11,      9,     11,      9,     11,      9,     11,      9,     11,      9,     11,      9,     11,      9, 
ICache misses:       108,      0,      0,      0,      0,      0,      0,      0,      0,      0,      0,      0,      0,      0,      0,      0,      0,      0,      0,      0,      0,      0,      0,      0,      0,      0,      0,      0,      0,      0,      0,      0,      0,      0,      0,      0,      0,      0,      0,      0,      0,      0,      0,      0,      0,      0,      0,      0,      0, 
Result: 77b9bdb6bd8e45f9f051c39bf2269f24
Expected result: [77, b9, bd, b6, bd, 8e, 45, f9, f0, 51, c3, 9b, f2, 26, 9f, 24]
[1F[0J[?25h[0;39;49mBench Clock Reset Complete
ATE0-->ATE0
OK
AT+BLEINIT=0-->OK
AT+CWMODE=0-->OK
Cycle counts:          245553,   8234,   8236,   8231,   8226,   8214,   8221,   8211,   8221,   8211,   8221,   8211,   8221,   8211,   8221,   8211,   8221,   8211,   8221,   8211,   8221,   8211,   8221,   8211,   8221,   8211,   8221,   8211,   8221,   8211,   8221,   8211,   8221,   8211,   8221,   8211,   8221,   8211,   8221,   8211,   8221,   8211,   8221,   8211,   8221,   8211,   8221,   8211,   8221, 
Branch mispredictions:            30,     20,     22,     20,     18,     15,     17,     14,     17,     14,     17,     14,     17,     14,     17,     14,     17,     14,     17,     14,     17,     14,     17,     14,     17,     14,     17,     14,     17,     14,     17,     14,     17,     14,     17,     14,     17,     14,     17,     14,     17,     14,     17,     14,     17,     14,     17,     14,     17, 
ICache misses:       108,      0,      0,      0,      0,      0,      0,      0,      0,      0,      0,      0,      0,      0,      0,      0,      0,      0,      0,      0,      0,      0,      0,      0,      0,      0,      0,      0,      0,      0,      0,      0,      0,      0,      0,      0,      0,      0,      0,      0,      0,      0,      0,      0,      0,      0,      0,      0,      0, 
Result: 3ad58280e04fdf230ecb9342bc6cb78f
Expected result: [3a, d5, 82, 80, e0, 4f, df, 23, e, cb, 93, 42, bc, 6c, b7, 8f]
[1F[0J[?25h[0;39;49mBench Clock Reset Complete
ATE0-->OK
AT+BLEINIT=0-->OK
AT+CWMODE=0-->OK
Cycle counts:          245551,   8229,   8219,   8209,   8207,   8210,   8208,   8210,   8208,   8210,   8208,   8210,   8208,   8210,   8208,   8210,   8208,   8210,   8208,   8210,   8208,   8210,   8208,   8210,   8208,   8210,   8208,   8210,   8208,   8210,   8208,   8210,   8208,   8210,   8208,   8210,   8208,   8210,   8208,   8210,   8208,   8210,   8208,   8210,   8208,   8210,   8208,   8210,   8208, 
Branch mispredictions:            29,     19,     16,     13,     12,     13,     12,     13,     12,     13,     12,     13,     12,     13,     12,     13,     12,     13,     12,     13,     12,     13,     12,     13,     12,     13,     12,     13,     12,     13,     12,     13,     12,     13,     12,     13,     12,     13,     12,     13,     12,     13,     12,     13,     12,     13,     12,     13,     12, 
ICache misses:       108,      0,      0,      0,      0,      0,      0,      0,      0,      0,      0,      0,      0,      0,      0,      0,      0,      0,      0,      0,      0,      0,      0,      0,      0,      0,      0,      0,      0,      0,      0,      0,      0,      0,      0,      0,      0,      0,      0,      0,      0,      0,      0,      0,      0,      0,      0,      0,      0, 
Result: f7ada4db33981bee1461f60f444258f9
Expected result: [f7, ad, a4, db, 33, 98, 1b, ee, 14, 61, f6, f, 44, 42, 58, f9]
[1F[0J[?25h[0;39;49mBench Clock Reset Complete
ATE0-->ATE0
OK
AT+BLEINIT=0-->OK
AT+CWMODE=0-->OK
Cycle counts:          245554,   8226,   8213,   8217,   8215,   8205,   8207,   8199,   8207,   8199,   8207,   8199,   8207,   8199,   8207,   8199,   8207,   8199,   8207,   8199,   8207,   8199,   8207,   8199,   8207,   8199,   8207,   8199,   8207,   8199,   8207,   8199,   8207,   8199,   8207,   8199,   8207,   8199,   8207,   8199,   8207,   8199,   8207,   8199,   8207,   8199,   8207,   8199,   8207, 
Branch mispredictions:            31,     17,     13,     15,     14,     12,     12,     10,     12,     10,     12,     10,     12,     10,     12,     10,     12,     10,     12,     10,     12,     10,     12,     10,     12,     10,     12,     10,     12,     10,     12,     10,     12,     10,     12,     10,     12,     10,     12,     10,     12,     10,     12,     10,     12,     10,     12,     10,     12, 
ICache misses:       108,      0,      0,      0,      0,      0,      0,      0,      0,      0,      0,      0,      0,      0,      0,      0,      0,      0,      0,      0,      0,      0,      0,      0,      0,      0,      0,      0,      0,      0,      0,      0,      0,      0,      0,      0,      0,      0,      0,      0,      0,      0,      0,      0,      0,      0,      0,      0,      0, 
Result: 60102da7d5df0f971afad3e932b87013
Expected result: [60, 10, 2d, a7, d5, df, f, 97, 1a, fa, d3, e9, 32, b8, 70, 13]
