[1F[0J[?25h[0;39;49mBench Clock Reset Complete
ATE0-->ATE0
OK
AT+BLEINIT=0-->OK
AT+CWMODE=0-->OK
Cycle counts:          651994, 369680, 364463, 364469, 364460, 364463, 363521, 364463, 363521, 364463, 363521, 364463, 364460, 364463, 364463, 363520, 364463, 364463, 364463, 363521, 364463, 364463, 364463, 363521, 364463, 364463, 364463, 363521, 364463, 364463, 364463, 363521, 364463, 364463, 364463, 363521, 364463, 364463, 364463, 363521, 364463, 364463, 364463, 363521, 364463, 364463, 364463, 363521, 364463, 364463, 
Branch mispredictions:           434,    487,    353,    355,    352,    353,     39,    353,     39,    353,     39,    353,    352,    353,    353,     39,    353,    353,    353,     39,    353,    353,    353,     39,    353,    353,    353,     39,    353,    353,    353,     39,    353,    353,    353,     39,    353,    353,    353,     39,    353,    353,    353,     39,    353,    353,    353,     39,    353,    353, 
ICache misses:       132,      2,      0,      0,      0,      0,      0,      0,      0,      0,      0,      0,      0,      0,      0,      0,      0,      0,      0,      0,      0,      0,      0,      0,      0,      0,      0,      0,      0,      0,      0,      0,      0,      0,      0,      0,      0,      0,      0,      0,      0,      0,      0,      0,      0,      0,      0,      0,      0,      0, 
Result: ca2541aa46745b6585228b0da7aa472b
Expected result: 0xca, 0x25, 0x41, 0xaa, 0x46, 0x74, 0x5b, 0x65, 0x85, 0x22, 0x8b, 0x0d, 0xa7, 0xaa, 0x47, 0x2b
[1F[0J[?25h[0;39;49mBench Clock Reset Complete
ATE0-->ATE0
OK
AT+BLEINIT=0-->OK
AT+CWMODE=0-->OK
Cycle counts:          651998, 372087, 364463, 364466, 364463, 364463, 364273, 364463, 364469, 364460, 364463, 363518, 364463, 364460, 364463, 363518, 364463, 364460, 364463, 363518, 364463, 364460, 364463, 363518, 364463, 364460, 364463, 363518, 364463, 364460, 364463, 363518, 364463, 364460, 364463, 363518, 364463, 364460, 364463, 363518, 364463, 364460, 364463, 363518, 364463, 364460, 364463, 363518, 364463, 364460, 
Branch mispredictions:           435,    487,    353,    354,    353,    353,    290,    353,    355,    352,    353,     38,    353,    352,    353,     38,    353,    352,    353,     38,    353,    352,    353,     38,    353,    352,    353,     38,    353,    352,    353,     38,    353,    352,    353,     38,    353,    352,    353,     38,    353,    352,    353,     38,    353,    352,    353,     38,    353,    352, 
ICache misses:       132,      3,      0,      0,      0,      0,      0,      0,      0,      0,      0,      0,      0,      0,      0,      0,      0,      0,      0,      0,      0,      0,      0,      0,      0,      0,      0,      0,      0,      0,      0,      0,      0,      0,      0,      0,      0,      0,      0,      0,      0,      0,      0,      0,      0,      0,      0,      0,      0,      0, 
Result: ef1ef171f474f4163c9b980c0fded768
Expected result: 0xef, 0x1e, 0xf1, 0x71, 0xf4, 0x74, 0xf4, 0x16, 0x3c, 0x9b, 0x98, 0x0c, 0x0f, 0xde, 0xd7, 0x68
[1F[0J[?25h[0;39;49mBench Clock Reset Complete
ATE0-->OK
AT+BLEINIT=0-->OK
AT+CWMODE=0-->OK
Cycle counts:          651232, 369678, 364463, 364463, 364463, 363521, 364463, 364463, 364463, 363521, 364463, 364463, 364463, 363521, 364463, 364463, 364463, 363521, 364463, 364463, 364463, 363521, 364463, 364463, 364463, 363521, 364463, 364463, 364463, 363521, 364463, 364463, 364463, 363521, 364463, 364463, 364463, 363521, 364463, 364463, 364463, 363521, 364463, 364463, 364463, 363521, 364463, 364463, 364463, 363521, 
Branch mispredictions:           180,    486,    353,    353,    353,     39,    353,    353,    353,     39,    353,    353,    353,     39,    353,    353,    353,     39,    353,    353,    353,     39,    353,    353,    353,     39,    353,    353,    353,     39,    353,    353,    353,     39,    353,    353,    353,     39,    353,    353,    353,     39,    353,    353,    353,     39,    353,    353,    353,     39, 
ICache misses:       132,      2,      0,      0,      0,      0,      0,      0,      0,      0,      0,      0,      0,      0,      0,      0,      0,      0,      0,      0,      0,      0,      0,      0,      0,      0,      0,      0,      0,      0,      0,      0,      0,      0,      0,      0,      0,      0,      0,      0,      0,      0,      0,      0,      0,      0,      0,      0,      0,      0, 
Result: e66d575e672316de195e5ffdb3efe621
Expected result: 0xe6, 0x6d, 0x57, 0x5e, 0x67, 0x23, 0x16, 0xde, 0x19, 0x5e, 0x5f, 0xfd, 0xb3, 0xef, 0xe6, 0x21
[1F[0J[?25h[0;39;49mBench Clock Reset Complete
ATE0-->ATE0
OK
AT+BLEINIT=0-->OK
AT+CWMODE=0-->OK
Cycle counts:          651237, 370773, 364465, 363520, 363520, 363520, 363520, 363520, 363520, 363520, 363520, 363520, 363520, 363520, 363520, 363520, 363520, 363520, 363520, 363520, 363520, 363520, 363520, 363520, 363520, 363520, 363520, 363520, 363520, 363520, 363520, 363520, 363520, 363520, 363520, 363520, 363520, 363520, 363520, 363520, 363520, 363520, 363520, 363520, 363520, 363520, 363520, 363520, 363520, 363520, 
Branch mispredictions:           182,     49,    354,     39,     39,     39,     39,     39,     39,     39,     39,     39,     39,     39,     39,     39,     39,     39,     39,     39,     39,     39,     39,     39,     39,     39,     39,     39,     39,     39,     39,     39,     39,     39,     39,     39,     39,     39,     39,     39,     39,     39,     39,     39,     39,     39,     39,     39,     39,     39, 
ICache misses:       132,      3,      0,      0,      0,      0,      0,      0,      0,      0,      0,      0,      0,      0,      0,      0,      0,      0,      0,      0,      0,      0,      0,      0,      0,      0,      0,      0,      0,      0,      0,      0,      0,      0,      0,      0,      0,      0,      0,      0,      0,      0,      0,      0,      0,      0,      0,      0,      0,      0, 
Result: 70cbe51588016e60f92e212e57f836b6
Expected result: 0x70, 0xcb, 0xe5, 0x15, 0x88, 0x01, 0x6e, 0x60, 0xf9, 0x2e, 0x21, 0x2e, 0x57, 0xf8, 0x36, 0xb6
[1F[0J[?25h[0;39;49mBench Clock Reset Complete
ATE0-->OK
AT+BLEINIT=0-->OK
AT+CWMODE=0-->OK
Cycle counts:          651990, 369680, 364465, 364461, 364465, 364462, 364465, 364461, 364465, 363523, 364465, 364461, 364465, 364462, 364465, 364461, 364465, 363523, 364465, 364461, 364465, 364462, 364465, 364461, 364465, 363523, 364465, 364461, 364465, 364462, 364465, 364461, 364465, 363523, 364465, 364461, 364465, 364462, 364465, 364461, 364465, 363523, 364465, 364461, 364465, 364462, 364465, 364461, 364465, 363523, 
Branch mispredictions:           433,    487,    354,    353,    354,    353,    354,    353,    354,     40,    354,    353,    354,    353,    354,    353,    354,     40,    354,    353,    354,    353,    354,    353,    354,     40,    354,    353,    354,    353,    354,    353,    354,     40,    354,    353,    354,    353,    354,    353,    354,     40,    354,    353,    354,    353,    354,    353,    354,     40, 
ICache misses:       132,      2,      0,      0,      0,      0,      0,      0,      0,      0,      0,      0,      0,      0,      0,      0,      0,      0,      0,      0,      0,      0,      0,      0,      0,      0,      0,      0,      0,      0,      0,      0,      0,      0,      0,      0,      0,      0,      0,      0,      0,      0,      0,      0,      0,      0,      0,      0,      0,      0, 
Result: 46c76b8a61b3fe69f995ed163ba6068e
Expected result: 0x46, 0xc7, 0x6b, 0x8a, 0x61, 0xb3, 0xfe, 0x69, 0xf9, 0x95, 0xed, 0x16, 0x3b, 0xa6, 0x06, 0x8e
[1F[0J[?25h[0;39;49mBench Clock Reset Complete
ATE0-->ATE0
OK
AT+BLEINIT=0-->OK
AT+CWMODE=0-->OK
Cycle counts:          651237, 370757, 364465, 363523, 364465, 364461, 364465, 364462, 364465, 363523, 363520, 363519, 364465, 364461, 364465, 364462, 364465, 363523, 363520, 363519, 364465, 364461, 364465, 364462, 364465, 363523, 363520, 363519, 364465, 364461, 364465, 364462, 364465, 363523, 363520, 363519, 364465, 364461, 364465, 364462, 364465, 363523, 363520, 363519, 364465, 364461, 364465, 364462, 364465, 363523, 
Branch mispredictions:           182,     44,    354,     40,    354,    353,    354,    353,    354,     40,     39,     39,    354,    353,    354,    353,    354,     40,     39,     39,    354,    353,    354,    353,    354,     40,     39,     39,    354,    353,    354,    353,    354,     40,     39,     39,    354,    353,    354,    353,    354,     40,     39,     39,    354,    353,    354,    353,    354,     40, 
ICache misses:       132,      3,      0,      0,      0,      0,      0,      0,      0,      0,      0,      0,      0,      0,      0,      0,      0,      0,      0,      0,      0,      0,      0,      0,      0,      0,      0,      0,      0,      0,      0,      0,      0,      0,      0,      0,      0,      0,      0,      0,      0,      0,      0,      0,      0,      0,      0,      0,      0,      0, 
Result: 23f0eb3e058d02e83f694ab78946eb86
Expected result: 0x23, 0xf0, 0xeb, 0x3e, 0x05, 0x8d, 0x02, 0xe8, 0x3f, 0x69, 0x4a, 0xb7, 0x89, 0x46, 0xeb, 0x86
[1F[0J[?25h[0;39;49mBench Clock Reset Complete
ATE0-->OK
AT+BLEINIT=0-->OK
AT+CWMODE=0-->OK
Cycle counts:          653127, 369682, 364858, 363523, 364465, 364275, 364465, 364462, 363519, 363523, 364465, 363520, 363520, 363520, 363520, 363520, 363520, 363520, 363520, 363520, 363520, 363520, 363520, 363520, 363520, 363520, 363520, 363520, 363520, 363520, 363520, 363520, 363520, 363520, 363520, 363520, 363520, 363520, 363520, 363520, 363520, 363520, 363520, 363520, 363520, 363520, 363520, 363520, 363520, 363520, 
Branch mispredictions:           812,    488,    485,     40,    354,    291,    354,    353,     39,     40,    354,     39,     39,     39,     39,     39,     39,     39,     39,     39,     39,     39,     39,     39,     39,     39,     39,     39,     39,     39,     39,     39,     39,     39,     39,     39,     39,     39,     39,     39,     39,     39,     39,     39,     39,     39,     39,     39,     39,     39, 
ICache misses:       132,      2,      0,      0,      0,      0,      0,      0,      0,      0,      0,      0,      0,      0,      0,      0,      0,      0,      0,      0,      0,      0,      0,      0,      0,      0,      0,      0,      0,      0,      0,      0,      0,      0,      0,      0,      0,      0,      0,      0,      0,      0,      0,      0,      0,      0,      0,      0,      0,      0, 
Result: ec119817e2123cfb82f27bf2551e4927
Expected result: 0xec, 0x11, 0x98, 0x17, 0xe2, 0x12, 0x3c, 0xfb, 0x82, 0xf2, 0x7b, 0xf2, 0x55, 0x1e, 0x49, 0x27
[1F[0J[?25h[0;39;49mBench Clock Reset Complete
ATE0-->ATE0
OK
AT+BLEINIT=0-->OK
AT+CWMODE=0-->OK
Cycle counts:          651237, 370775, 364465, 364275, 364465, 364276, 364465, 363523, 364465, 364461, 364465, 363523, 364273, 363523, 364465, 364275, 364465, 363523, 364465, 364275, 364465, 364276, 364465, 363523, 364465, 364461, 364465, 363523, 364273, 363523, 364465, 364275, 364465, 363523, 364465, 364275, 364465, 364276, 364465, 363523, 364465, 364461, 364465, 363523, 364273, 363523, 364465, 364275, 364465, 363523, 
Branch mispredictions:           182,     50,    354,    291,    354,    291,    354,     40,    354,    353,    354,     40,    290,     40,    354,    291,    354,     40,    354,    291,    354,    291,    354,     40,    354,    353,    354,     40,    290,     40,    354,    291,    354,     40,    354,    291,    354,    291,    354,     40,    354,    353,    354,     40,    290,     40,    354,    291,    354,     40, 
ICache misses:       132,      3,      0,      0,      0,      0,      0,      0,      0,      0,      0,      0,      0,      0,      0,      0,      0,      0,      0,      0,      0,      0,      0,      0,      0,      0,      0,      0,      0,      0,      0,      0,      0,      0,      0,      0,      0,      0,      0,      0,      0,      0,      0,      0,      0,      0,      0,      0,      0,      0, 
Result: b34289256bfbe29fabed6da092c2926e
Expected result: 0xb3, 0x42, 0x89, 0x25, 0x6b, 0xfb, 0xe2, 0x9f, 0xab, 0xed, 0x6d, 0xa0, 0x92, 0xc2, 0x92, 0x6e
[1F[0J[?25h[0;39;49mBench Clock Reset Complete
ATE0-->OK
AT+BLEINIT=0-->OK
AT+CWMODE=0-->OK
Cycle counts:          651244, 369682, 364465, 363523, 364465, 363523, 364465, 363523, 364465, 363523, 364465, 364462, 364465, 363523, 364465, 363523, 364465, 363523, 364465, 364462, 364465, 363523, 364465, 363523, 364465, 363523, 364465, 364462, 364465, 363523, 364465, 363523, 364465, 363523, 364465, 364462, 364465, 363523, 364465, 363523, 364465, 363523, 364465, 364462, 364465, 363523, 364465, 363523, 364465, 363523, 
Branch mispredictions:           184,    488,    354,     40,    354,     40,    354,     40,    354,     40,    354,    353,    354,     40,    354,     40,    354,     40,    354,    353,    354,     40,    354,     40,    354,     40,    354,    353,    354,     40,    354,     40,    354,     40,    354,    353,    354,     40,    354,     40,    354,     40,    354,    353,    354,     40,    354,     40,    354,     40, 
ICache misses:       132,      2,      0,      0,      0,      0,      0,      0,      0,      0,      0,      0,      0,      0,      0,      0,      0,      0,      0,      0,      0,      0,      0,      0,      0,      0,      0,      0,      0,      0,      0,      0,      0,      0,      0,      0,      0,      0,      0,      0,      0,      0,      0,      0,      0,      0,      0,      0,      0,      0, 
Result: da39197587c0f00449fa09120ef839c6
Expected result: 0xda, 0x39, 0x19, 0x75, 0x87, 0xc0, 0xf0, 0x04, 0x49, 0xfa, 0x09, 0x12, 0x0e, 0xf8, 0x39, 0xc6
[1F[0J[?25h[0;39;49mBench Clock Reset Complete
ATE0-->ATE0
OK
AT+BLEINIT=0-->OK
AT+CWMODE=0-->OK
Cycle counts:          651244, 372089, 364465, 364275, 364465, 363523, 363520, 363519, 364465, 364461, 364465, 364462, 364465, 363523, 363520, 363519, 364465, 364461, 364465, 364462, 364465, 363523, 363520, 363519, 364465, 364461, 364465, 364462, 364465, 363523, 363520, 363519, 364465, 364461, 364465, 364462, 364465, 363523, 363520, 363519, 364465, 364461, 364465, 364462, 364465, 363523, 363520, 363519, 364465, 364461, 
Branch mispredictions:           184,    488,    354,    291,    354,     40,     39,     39,    354,    353,    354,    353,    354,     40,     39,     39,    354,    353,    354,    353,    354,     40,     39,     39,    354,    353,    354,    353,    354,     40,     39,     39,    354,    353,    354,    353,    354,     40,     39,     39,    354,    353,    354,    353,    354,     40,     39,     39,    354,    353, 
ICache misses:       132,      3,      0,      0,      0,      0,      0,      0,      0,      0,      0,      0,      0,      0,      0,      0,      0,      0,      0,      0,      0,      0,      0,      0,      0,      0,      0,      0,      0,      0,      0,      0,      0,      0,      0,      0,      0,      0,      0,      0,      0,      0,      0,      0,      0,      0,      0,      0,      0,      0, 
Result: 176c0c983267429d93c0a0456c073781
Expected result: 0x17, 0x6c, 0x0c, 0x98, 0x32, 0x67, 0x42, 0x9d, 0x93, 0xc0, 0xa0, 0x45, 0x6c, 0x07, 0x37, 0x81
[1F[0J[?25h[0;39;49mBench Clock Reset Complete
ATE0-->OK
AT+BLEINIT=0-->OK
AT+CWMODE=0-->OK
Cycle counts:          651988, 369289, 363535, 364465, 364461, 364465, 363523, 364465, 364461, 364465, 363523, 364465, 364461, 364465, 364462, 364465, 364461, 364465, 363523, 364465, 364461, 364465, 364462, 364465, 364461, 364465, 363523, 364465, 364461, 364465, 364462, 364465, 364461, 364465, 363523, 364465, 364461, 364465, 364462, 364465, 364461, 364465, 363523, 364465, 364461, 364465, 364462, 364465, 364461, 364465, 
Branch mispredictions:           432,    357,     44,    354,    353,    354,     40,    354,    353,    354,     40,    354,    353,    354,    353,    354,    353,    354,     40,    354,    353,    354,    353,    354,    353,    354,     40,    354,    353,    354,    353,    354,    353,    354,     40,    354,    353,    354,    353,    354,    353,    354,     40,    354,    353,    354,    353,    354,    353,    354, 
ICache misses:       132,      2,      0,      0,      0,      0,      0,      0,      0,      0,      0,      0,      0,      0,      0,      0,      0,      0,      0,      0,      0,      0,      0,      0,      0,      0,      0,      0,      0,      0,      0,      0,      0,      0,      0,      0,      0,      0,      0,      0,      0,      0,      0,      0,      0,      0,      0,      0,      0,      0, 
Result: 3532f38ec302d484e757ef662d3d94e7
Expected result: 0x35, 0x32, 0xf3, 0x8e, 0xc3, 0x02, 0xd4, 0x84, 0xe7, 0x57, 0xef, 0x66, 0x2d, 0x3d, 0x94, 0xe7
[1F[0J[?25h[0;39;49mBench Clock Reset Complete
ATE0-->ATE0
OK
AT+BLEINIT=0-->OK
AT+CWMODE=0-->OK
Cycle counts:          651241, 370775, 364465, 364461, 364465, 364462, 364465, 364462, 364465, 363523, 364465, 364461, 364465, 364462, 364465, 364275, 364465, 363523, 364465, 364461, 364465, 363523, 364465, 364461, 364465, 363523, 364465, 364461, 364465, 363523, 364465, 364461, 364465, 363523, 364465, 364461, 364465, 363523, 364465, 364461, 364465, 363523, 364465, 364461, 364465, 363523, 364465, 364461, 364465, 363523, 
Branch mispredictions:           183,     50,    354,    353,    354,    353,    354,    353,    354,     40,    354,    353,    354,    353,    354,    291,    354,     40,    354,    353,    354,     40,    354,    353,    354,     40,    354,    353,    354,     40,    354,    353,    354,     40,    354,    353,    354,     40,    354,    353,    354,     40,    354,    353,    354,     40,    354,    353,    354,     40, 
ICache misses:       132,      3,      0,      0,      0,      0,      0,      0,      0,      0,      0,      0,      0,      0,      0,      0,      0,      0,      0,      0,      0,      0,      0,      0,      0,      0,      0,      0,      0,      0,      0,      0,      0,      0,      0,      0,      0,      0,      0,      0,      0,      0,      0,      0,      0,      0,      0,      0,      0,      0, 
Result: af906553b0c5e1dbb1f5a9c0922b55bc
Expected result: 0xaf, 0x90, 0x65, 0x53, 0xb0, 0xc5, 0xe1, 0xdb, 0xb1, 0xf5, 0xa9, 0xc0, 0x92, 0x2b, 0x55, 0xbc
[1F[0J[?25h[0;39;49mBench Clock Reset Complete
ATE0-->OK
AT+BLEINIT=0-->OK
AT+CWMODE=0-->OK
Cycle counts:          651240, 368728, 364465, 363523, 364465, 364461, 364465, 364275, 364465, 363523, 364465, 364275, 364465, 364276, 364465, 364275, 364465, 363523, 364465, 364275, 364465, 364276, 364465, 364275, 364465, 363523, 364465, 364275, 364465, 364276, 364465, 364275, 364465, 363523, 364465, 364275, 364465, 364276, 364465, 364275, 364465, 363523, 364465, 364275, 364465, 364276, 364465, 364275, 364465, 363523, 
Branch mispredictions:           183,    170,    354,     40,    354,    353,    354,    291,    354,     40,    354,    291,    354,    291,    354,    291,    354,     40,    354,    291,    354,    291,    354,    291,    354,     40,    354,    291,    354,    291,    354,    291,    354,     40,    354,    291,    354,    291,    354,    291,    354,     40,    354,    291,    354,    291,    354,    291,    354,     40, 
ICache misses:       132,      2,      0,      0,      0,      0,      0,      0,      0,      0,      0,      0,      0,      0,      0,      0,      0,      0,      0,      0,      0,      0,      0,      0,      0,      0,      0,      0,      0,      0,      0,      0,      0,      0,      0,      0,      0,      0,      0,      0,      0,      0,      0,      0,      0,      0,      0,      0,      0,      0, 
Result: b33f3df25e6861011e119cc53c0eac74
Expected result: 0xb3, 0x3f, 0x3d, 0xf2, 0x5e, 0x68, 0x61, 0x01, 0x1e, 0x11, 0x9c, 0xc5, 0x3c, 0x0e, 0xac, 0x74
[1F[0J[?25h[0;39;49mBench Clock Reset Complete
ATE0-->ATE0
OK
AT+BLEINIT=0-->OK
AT+CWMODE=0-->OK
Cycle counts:          651240, 370768, 363523, 364273, 363523, 364465, 363523, 364465, 364461, 364465, 363523, 364465, 364461, 364465, 364462, 363519, 363519, 363520, 363523, 364273, 363523, 364465, 363523, 364465, 364461, 364465, 364462, 363519, 363519, 364465, 363523, 364465, 364461, 364465, 364462, 363519, 363519, 363520, 363520, 364465, 364461, 364465, 363523, 364273, 363523, 364465, 363523, 364465, 364461, 364465, 
Branch mispredictions:           183,     48,     40,    290,     40,    354,     40,    354,    353,    354,     40,    354,    353,    354,    353,     39,     39,     39,     40,    290,     40,    354,     40,    354,    353,    354,    353,     39,     39,    354,     40,    354,    353,    354,    353,     39,     39,     39,     39,    354,    353,    354,     40,    290,     40,    354,     40,    354,    353,    354, 
ICache misses:       132,      3,      0,      0,      0,      0,      0,      0,      0,      0,      0,      0,      0,      0,      0,      0,      0,      0,      0,      0,      0,      0,      0,      0,      0,      0,      0,      0,      0,      0,      0,      0,      0,      0,      0,      0,      0,      0,      0,      0,      0,      0,      0,      0,      0,      0,      0,      0,      0,      0, 
Result: ff8bd1fdbd7c24289c3a3f23b6756274
Expected result: 0xff, 0x8b, 0xd1, 0xfd, 0xbd, 0x7c, 0x24, 0x28, 0x9c, 0x3a, 0x3f, 0x23, 0xb6, 0x75, 0x62, 0x74
[1F[0J[?25h[0;39;49mBench Clock Reset Complete
ATE0-->OK
AT+BLEINIT=0-->OK
AT+CWMODE=0-->OK
Cycle counts:          651238, 369680, 364852, 363523, 364465, 364461, 364465, 363523, 364465, 364461, 364465, 363523, 364465, 364461, 364465, 363523, 364465, 364461, 364465, 363523, 364465, 364461, 364465, 363523, 364465, 364461, 364465, 363523, 364465, 364461, 364465, 363523, 364465, 364461, 364465, 363523, 364465, 364461, 364465, 363523, 364465, 364461, 364465, 363523, 364465, 364461, 364465, 363523, 364465, 364461, 
Branch mispredictions:           182,    487,    483,     40,    354,    353,    354,     40,    354,    353,    354,     40,    354,    353,    354,     40,    354,    353,    354,     40,    354,    353,    354,     40,    354,    353,    354,     40,    354,    353,    354,     40,    354,    353,    354,     40,    354,    353,    354,     40,    354,    353,    354,     40,    354,    353,    354,     40,    354,    353, 
ICache misses:       132,      2,      0,      0,      0,      0,      0,      0,      0,      0,      0,      0,      0,      0,      0,      0,      0,      0,      0,      0,      0,      0,      0,      0,      0,      0,      0,      0,      0,      0,      0,      0,      0,      0,      0,      0,      0,      0,      0,      0,      0,      0,      0,      0,      0,      0,      0,      0,      0,      0, 
Result: 11ec5da55a7545c7e2f94c3b8f7c1d5d
Expected result: 0x11, 0xec, 0x5d, 0xa5, 0x5a, 0x75, 0x45, 0xc7, 0xe2, 0xf9, 0x4c, 0x3b, 0x8f, 0x7c, 0x1d, 0x5d
[1F[0J[?25h[0;39;49mBench Clock Reset Complete
ATE0-->ATE0
OK
AT+BLEINIT=0-->OK
AT+CWMODE=0-->OK
Cycle counts:          651237, 370775, 364858, 363523, 364465, 364461, 364465, 363523, 364465, 364461, 364465, 363523, 364465, 364461, 364465, 363523, 364465, 364461, 364465, 363523, 364465, 364461, 364465, 363523, 364465, 364461, 364465, 363523, 364465, 364461, 364465, 363523, 364465, 364461, 364465, 363523, 364465, 364461, 364465, 363523, 364465, 364461, 364465, 363523, 364465, 364461, 364465, 363523, 364465, 364461, 
Branch mispredictions:           182,     50,    485,     40,    354,    353,    354,     40,    354,    353,    354,     40,    354,    353,    354,     40,    354,    353,    354,     40,    354,    353,    354,     40,    354,    353,    354,     40,    354,    353,    354,     40,    354,    353,    354,     40,    354,    353,    354,     40,    354,    353,    354,     40,    354,    353,    354,     40,    354,    353, 
ICache misses:       132,      3,      0,      0,      0,      0,      0,      0,      0,      0,      0,      0,      0,      0,      0,      0,      0,      0,      0,      0,      0,      0,      0,      0,      0,      0,      0,      0,      0,      0,      0,      0,      0,      0,      0,      0,      0,      0,      0,      0,      0,      0,      0,      0,      0,      0,      0,      0,      0,      0, 
Result: e616d5d2a49c592da827e02aefc9180b
Expected result: 0xe6, 0x16, 0xd5, 0xd2, 0xa4, 0x9c, 0x59, 0x2d, 0xa8, 0x27, 0xe0, 0x2a, 0xef, 0xc9, 0x18, 0x0b
[1F[0J[?25h[0;39;49mBench Clock Reset Complete
ATE0-->OK
AT+BLEINIT=0-->OK
AT+CWMODE=0-->OK
Cycle counts:          651990, 368350, 364465, 363523, 364465, 363523, 364465, 364462, 364465, 363523, 364465, 363523, 364465, 363523, 364465, 364462, 364465, 363523, 364465, 363523, 364465, 363523, 364465, 364462, 364465, 363523, 364465, 363523, 364465, 363523, 364465, 364462, 364465, 363523, 364465, 363523, 364465, 363523, 364465, 364462, 364465, 363523, 364465, 363523, 364465, 363523, 364465, 364462, 364465, 363523, 
Branch mispredictions:           433,     44,    354,     40,    354,     40,    354,    353,    354,     40,    354,     40,    354,     40,    354,    353,    354,     40,    354,     40,    354,     40,    354,    353,    354,     40,    354,     40,    354,     40,    354,    353,    354,     40,    354,     40,    354,     40,    354,    353,    354,     40,    354,     40,    354,     40,    354,    353,    354,     40, 
ICache misses:       132,      2,      0,      0,      0,      0,      0,      0,      0,      0,      0,      0,      0,      0,      0,      0,      0,      0,      0,      0,      0,      0,      0,      0,      0,      0,      0,      0,      0,      0,      0,      0,      0,      0,      0,      0,      0,      0,      0,      0,      0,      0,      0,      0,      0,      0,      0,      0,      0,      0, 
Result: 0d26747059bd929df3ffe37994de3556
Expected result: 0x0d, 0x26, 0x74, 0x70, 0x59, 0xbd, 0x92, 0x9d, 0xf3, 0xff, 0xe3, 0x79, 0x94, 0xde, 0x35, 0x56
[1F[0J[?25h[0;39;49mBench Clock Reset Complete
ATE0-->ATE0
OK
AT+BLEINIT=0-->OK
AT+CWMODE=0-->OK
Cycle counts:          651237, 372089, 364855, 363523, 364465, 364461, 364465, 363523, 364465, 364461, 364465, 363523, 364465, 364461, 364465, 363523, 364465, 364461, 364465, 363523, 364465, 364461, 364465, 363523, 364465, 364461, 364465, 363523, 364465, 364461, 364465, 363523, 364465, 364461, 364465, 363523, 364465, 364461, 364465, 363523, 364465, 364461, 364465, 363523, 364465, 364461, 364465, 363523, 364465, 364461, 
Branch mispredictions:           182,    488,    484,     40,    354,    353,    354,     40,    354,    353,    354,     40,    354,    353,    354,     40,    354,    353,    354,     40,    354,    353,    354,     40,    354,    353,    354,     40,    354,    353,    354,     40,    354,    353,    354,     40,    354,    353,    354,     40,    354,    353,    354,     40,    354,    353,    354,     40,    354,    353, 
ICache misses:       132,      3,      0,      0,      0,      0,      0,      0,      0,      0,      0,      0,      0,      0,      0,      0,      0,      0,      0,      0,      0,      0,      0,      0,      0,      0,      0,      0,      0,      0,      0,      0,      0,      0,      0,      0,      0,      0,      0,      0,      0,      0,      0,      0,      0,      0,      0,      0,      0,      0, 
Result: 6514476d624ff7d30de2e7d19e629c00
Expected result: 0x65, 0x14, 0x47, 0x6d, 0x62, 0x4f, 0xf7, 0xd3, 0x0d, 0xe2, 0xe7, 0xd1, 0x9e, 0x62, 0x9c, 0x00
[1F[0J[?25h[0;39;49mBench Clock Reset Complete
ATE0-->OK
AT+BLEINIT=0-->OK
AT+CWMODE=0-->OK
Cycle counts:          651230, 368876, 364849, 363904, 363904, 363904, 363904, 363904, 363904, 363904, 363904, 363904, 363904, 363904, 363904, 363904, 363904, 363904, 363904, 363904, 363904, 363904, 363904, 363904, 363904, 363904, 363904, 363904, 363904, 363904, 363904, 363904, 363904, 363904, 363904, 363904, 363904, 363904, 363904, 363904, 363904, 363904, 363904, 363904, 363904, 363904, 363904, 363904, 363904, 363904, 
Branch mispredictions:           179,    219,    482,    167,    167,    167,    167,    167,    167,    167,    167,    167,    167,    167,    167,    167,    167,    167,    167,    167,    167,    167,    167,    167,    167,    167,    167,    167,    167,    167,    167,    167,    167,    167,    167,    167,    167,    167,    167,    167,    167,    167,    167,    167,    167,    167,    167,    167,    167,    167, 
ICache misses:       132,      2,      0,      0,      0,      0,      0,      0,      0,      0,      0,      0,      0,      0,      0,      0,      0,      0,      0,      0,      0,      0,      0,      0,      0,      0,      0,      0,      0,      0,      0,      0,      0,      0,      0,      0,      0,      0,      0,      0,      0,      0,      0,      0,      0,      0,      0,      0,      0,      0, 
Result: 8b7d241fe9217a3423c5d0197e99c288
Expected result: 0x8b, 0x7d, 0x24, 0x1f, 0xe9, 0x21, 0x7a, 0x34, 0x23, 0xc5, 0xd0, 0x19, 0x7e, 0x99, 0xc2, 0x88
[1F[0J[?25h[0;39;49mBench Clock Reset Complete
ATE0-->ATE0
OK
AT+BLEINIT=0-->OK
AT+CWMODE=0-->OK
Cycle counts:          651240, 372087, 364465, 363523, 364465, 363523, 364273, 363523, 364465, 363523, 364465, 364461, 364465, 364462, 363519, 363519, 363520, 363523, 364465, 364461, 364465, 364462, 363519, 363519, 363520, 363523, 364465, 364461, 364465, 364462, 363519, 363519, 363520, 363523, 364465, 364461, 364465, 364462, 363519, 363519, 363520, 363523, 364465, 364461, 364465, 364462, 363519, 363519, 363520, 363523, 
Branch mispredictions:           183,    487,    354,     40,    354,     40,    290,     40,    354,     40,    354,    353,    354,    353,     39,     39,     39,     40,    354,    353,    354,    353,     39,     39,     39,     40,    354,    353,    354,    353,     39,     39,     39,     40,    354,    353,    354,    353,     39,     39,     39,     40,    354,    353,    354,    353,     39,     39,     39,     40, 
ICache misses:       132,      3,      0,      0,      0,      0,      0,      0,      0,      0,      0,      0,      0,      0,      0,      0,      0,      0,      0,      0,      0,      0,      0,      0,      0,      0,      0,      0,      0,      0,      0,      0,      0,      0,      0,      0,      0,      0,      0,      0,      0,      0,      0,      0,      0,      0,      0,      0,      0,      0, 
Result: 823c35bba3ac9a21481e81517eafbb5b
Expected result: 0x82, 0x3c, 0x35, 0xbb, 0xa3, 0xac, 0x9a, 0x21, 0x48, 0x1e, 0x81, 0x51, 0x7e, 0xaf, 0xbb, 0x5b
