Cycle counts:          43289801, 42360370, 42292172, 42293678, 42293589, 42293589, 42293589, 42293589, 42293589, 42293589, 42293589, 42293589, 42293589, 42293589, 42293589, 42293589, 42293589, 42293589, 42293589, 42293589, 42293589, 42293589, 42293589, 42293589, 42293589, 42293589, 42293589, 42293589, 42293589, 42293589, 42293589, 42293589, 42293589, 42293589, 42293589, 42293589, 42293589, 42293589, 42293589, 42293589, 42293589, 42293589, 42293589, 42293589, 42293589, 42293589, 42293589, 42293589, 42293589, 42293589, 
Branch mispredictions:         43089,  18078,  14373,  18087,  18056,  18056,  18056,  18056,  18056,  18056,  18056,  18056,  18056,  18056,  18056,  18056,  18056,  18056,  18056,  18056,  18056,  18056,  18056,  18056,  18056,  18056,  18056,  18056,  18056,  18056,  18056,  18056,  18056,  18056,  18056,  18056,  18056,  18056,  18056,  18056,  18056,  18056,  18056,  18056,  18056,  18056,  18056,  18056,  18056,  18056, 
ICache misses:       420,     29,      4,      0,      0,      0,      0,      0,      0,      0,      0,      0,      0,      0,      0,      0,      0,      0,      0,      0,      0,      0,      0,      0,      0,      0,      0,      0,      0,      0,      0,      0,      0,      0,      0,      0,      0,      0,      0,      0,      0,      0,      0,      0,      0,      0,      0,      0,      0,      0, 
Result: 84692ab89f6e5ec9e3661aac79d2ce516e12ac5de09324ca96fa4af98c7c4842
Expected result: 0x84, 0x69, 0x2a, 0xb8, 0x9f, 0x6e, 0x5e, 0xc9, 0xe3, 0x66, 0x1a, 0xac, 0x79, 0xd2, 0xce, 0x51, 0x6e, 0x12, 0xac, 0x5d, 0xe0, 0x93, 0x24, 0xca, 0x96, 0xfa, 0x4a, 0xf9, 0x8c, 0x7c, 0x48, 0x42
[1F[0J[?25h[0;39;49mBench Clock Reset Complete
ATE0-->ATE0
OK
AT+BLEINIT=0-->OK
AT+CWMODE=0-->OK
Cycle counts:          43233412, 42354404, 42308136, 42322061, 42296271, 42319651, 42296265, 42296226, 42296226, 42296226, 42296226, 42296226, 42296226, 42296226, 42296226, 42296226, 42296226, 42296226, 42296226, 42296226, 42296226, 42296226, 42296226, 42296226, 42296226, 42296226, 42296226, 42296226, 42296226, 42296226, 42296226, 42296226, 42296226, 42296226, 42296226, 42296226, 42296226, 42296226, 42296226, 42296226, 42296226, 42296226, 42296226, 42296226, 42296226, 42296226, 42296226, 42296226, 42296226, 42296226, 
Branch mispredictions:         32219,  18733,  18091,  26746,  18951,  26745,  18949,  18936,  18936,  18936,  18936,  18936,  18936,  18936,  18936,  18936,  18936,  18936,  18936,  18936,  18936,  18936,  18936,  18936,  18936,  18936,  18936,  18936,  18936,  18936,  18936,  18936,  18936,  18936,  18936,  18936,  18936,  18936,  18936,  18936,  18936,  18936,  18936,  18936,  18936,  18936,  18936,  18936,  18936,  18936, 
ICache misses:       411,     24,      6,      1,      0,      0,      0,      0,      0,      0,      0,      0,      0,      0,      0,      0,      0,      0,      0,      0,      0,      0,      0,      0,      0,      0,      0,      0,      0,      0,      0,      0,      0,      0,      0,      0,      0,      0,      0,      0,      0,      0,      0,      0,      0,      0,      0,      0,      0,      0, 
Result: 2b97cee9e589ccbeca94c00356b60e49dcf9c46550dd08f281483302d53d6e32
Expected result: 0x2b, 0x97, 0xce, 0xe9, 0xe5, 0x89, 0xcc, 0xbe, 0xca, 0x94, 0xc0, 0x03, 0x56, 0xb6, 0x0e, 0x49, 0xdc, 0xf9, 0xc4, 0x65, 0x50, 0xdd, 0x08, 0xf2, 0x81, 0x48, 0x33, 0x02, 0xd5, 0x3d, 0x6e, 0x32
[1F[0J[?25h[0;39;49mBench Clock Reset Complete
ATE0-->OK
AT+BLEINIT=0-->OK
AT+CWMODE=0-->OK
Cycle counts:          43289873, 42360312, 42279047, 42330201, 42330183, 42330183, 42330183, 42330183, 42330183, 42330183, 42330183, 42330183, 42330183, 42330183, 42330183, 42330183, 42330183, 42330183, 42330183, 42330183, 42330183, 42330183, 42330183, 42330183, 42330183, 42330183, 42330183, 42330183, 42330183, 42330183, 42330183, 42330183, 42330183, 42330183, 42330183, 42330183, 42330183, 42330183, 42330183, 42330183, 42330183, 42330183, 42330183, 42330183, 42330183, 42330183, 42330183, 42330183, 42330183, 42330183, 
Branch mispredictions:         43113,  18057,   9998,  30209,  30203,  30203,  30203,  30203,  30203,  30203,  30203,  30203,  30203,  30203,  30203,  30203,  30203,  30203,  30203,  30203,  30203,  30203,  30203,  30203,  30203,  30203,  30203,  30203,  30203,  30203,  30203,  30203,  30203,  30203,  30203,  30203,  30203,  30203,  30203,  30203,  30203,  30203,  30203,  30203,  30203,  30203,  30203,  30203,  30203,  30203, 
ICache misses:       420,     29,      4,      0,      0,      0,      0,      0,      0,      0,      0,      0,      0,      0,      0,      0,      0,      0,      0,      0,      0,      0,      0,      0,      0,      0,      0,      0,      0,      0,      0,      0,      0,      0,      0,      0,      0,      0,      0,      0,      0,      0,      0,      0,      0,      0,      0,      0,      0,      0, 
Result: 9dc617b421482537fa39efd211121f00b6105976db01e9d9d74a581ba552d145
Expected result: 0x9d, 0xc6, 0x17, 0xb4, 0x21, 0x48, 0x25, 0x37, 0xfa, 0x39, 0xef, 0xd2, 0x11, 0x12, 0x1f, 0x00, 0xb6, 0x10, 0x59, 0x76, 0xdb, 0x01, 0xe9, 0xd9, 0xd7, 0x4a, 0x58, 0x1b, 0xa5, 0x52, 0xd1, 0x45
[1F[0J[?25h[0;39;49mBench Clock Reset Complete
ATE0-->ATE0
OK
AT+BLEINIT=0-->OK
AT+CWMODE=0-->OK
Cycle counts:          43266091, 42352370, 42283863, 42332609, 42330183, 42330183, 42330183, 42330183, 42330183, 42330183, 42330183, 42330183, 42330183, 42330183, 42330183, 42330183, 42330183, 42330183, 42330183, 42330183, 42330183, 42330183, 42330183, 42330183, 42330183, 42330183, 42330183, 42330183, 42330183, 42330183, 42330183, 42330183, 42330183, 42330183, 42330183, 42330183, 42330183, 42330183, 42330183, 42330183, 42330183, 42330183, 42330183, 42330183, 42330183, 42330183, 42330183, 42330183, 42330183, 42330183, 
Branch mispredictions:         43113,  18057,   9998,  30209,  30203,  30203,  30203,  30203,  30203,  30203,  30203,  30203,  30203,  30203,  30203,  30203,  30203,  30203,  30203,  30203,  30203,  30203,  30203,  30203,  30203,  30203,  30203,  30203,  30203,  30203,  30203,  30203,  30203,  30203,  30203,  30203,  30203,  30203,  30203,  30203,  30203,  30203,  30203,  30203,  30203,  30203,  30203,  30203,  30203,  30203, 
ICache misses:       411,     24,      6,      1,      0,      0,      0,      0,      0,      0,      0,      0,      0,      0,      0,      0,      0,      0,      0,      0,      0,      0,      0,      0,      0,      0,      0,      0,      0,      0,      0,      0,      0,      0,      0,      0,      0,      0,      0,      0,      0,      0,      0,      0,      0,      0,      0,      0,      0,      0, 
Result: ae304ecafa000b0a5d931c0314b141c285794c3be772fba3ba50c1a3ae5fe953
Expected result: 0xae, 0x30, 0x4e, 0xca, 0xfa, 0x00, 0x0b, 0x0a, 0x5d, 0x93, 0x1c, 0x03, 0x14, 0xb1, 0x41, 0xc2, 0x85, 0x79, 0x4c, 0x3b, 0xe7, 0x72, 0xfb, 0xa3, 0xba, 0x50, 0xc1, 0xa3, 0xae, 0x5f, 0xe9, 0x53
[1F[0J[?25h[0;39;49mBench Clock Reset Complete
ATE0-->OK
AT+BLEINIT=0-->OK
AT+CWMODE=0-->OK
Cycle counts:          43289873, 42360312, 42279047, 42330201, 42330183, 42330183, 42330183, 42330183, 42330183, 42330183, 42330183, 42330183, 42330183, 42330183, 42330183, 42330183, 42330183, 42330183, 42330183, 42330183, 42330183, 42330183, 42330183, 42330183, 42330183, 42330183, 42330183, 42330183, 42330183, 42330183, 42330183, 42330183, 42330183, 42330183, 42330183, 42330183, 42330183, 42330183, 42330183, 42330183, 42330183, 42330183, 42330183, 42330183, 42330183, 42330183, 42330183, 42330183, 42330183, 42330183, 
Branch mispredictions:         43113,  18057,   9998,  30209,  30203,  30203,  30203,  30203,  30203,  30203,  30203,  30203,  30203,  30203,  30203,  30203,  30203,  30203,  30203,  30203,  30203,  30203,  30203,  30203,  30203,  30203,  30203,  30203,  30203,  30203,  30203,  30203,  30203,  30203,  30203,  30203,  30203,  30203,  30203,  30203,  30203,  30203,  30203,  30203,  30203,  30203,  30203,  30203,  30203,  30203, 
ICache misses:       420,     29,      4,      0,      0,      0,      0,      0,      0,      0,      0,      0,      0,      0,      0,      0,      0,      0,      0,      0,      0,      0,      0,      0,      0,      0,      0,      0,      0,      0,      0,      0,      0,      0,      0,      0,      0,      0,      0,      0,      0,      0,      0,      0,      0,      0,      0,      0,      0,      0, 
Result: 64878cc434e2c4829707edc45bc509938c78b9b05d7de65d6c24d7e1fe818a04
Expected result: 0x64, 0x87, 0x8c, 0xc4, 0x34, 0xe2, 0xc4, 0x82, 0x97, 0x07, 0xed, 0xc4, 0x5b, 0xc5, 0x09, 0x93, 0x8c, 0x78, 0xb9, 0xb0, 0x5d, 0x7d, 0xe6, 0x5d, 0x6c, 0x24, 0xd7, 0xe1, 0xfe, 0x81, 0x8a, 0x04
[1F[0J[?25h[0;39;49mBench Clock Reset Complete
ATE0-->ATE0
OK
AT+BLEINIT=0-->OK
AT+CWMODE=0-->OK
Cycle counts:          43235883, 42352358, 42283863, 42332609, 42330183, 42330183, 42330183, 42330183, 42330183, 42330183, 42330183, 42330183, 42330183, 42330183, 42330183, 42330183, 42330183, 42330183, 42330183, 42330183, 42330183, 42330183, 42330183, 42330183, 42330183, 42330183, 42330183, 42330183, 42330183, 42330183, 42330183, 42330183, 42330183, 42330183, 42330183, 42330183, 42330183, 42330183, 42330183, 42330183, 42330183, 42330183, 42330183, 42330183, 42330183, 42330183, 42330183, 42330183, 42330183, 42330183, 
Branch mispredictions:         33043,  18053,   9998,  30209,  30203,  30203,  30203,  30203,  30203,  30203,  30203,  30203,  30203,  30203,  30203,  30203,  30203,  30203,  30203,  30203,  30203,  30203,  30203,  30203,  30203,  30203,  30203,  30203,  30203,  30203,  30203,  30203,  30203,  30203,  30203,  30203,  30203,  30203,  30203,  30203,  30203,  30203,  30203,  30203,  30203,  30203,  30203,  30203,  30203,  30203, 
ICache misses:       411,     24,      6,      1,      0,      0,      0,      0,      0,      0,      0,      0,      0,      0,      0,      0,      0,      0,      0,      0,      0,      0,      0,      0,      0,      0,      0,      0,      0,      0,      0,      0,      0,      0,      0,      0,      0,      0,      0,      0,      0,      0,      0,      0,      0,      0,      0,      0,      0,      0, 
Result: f979d96d0537fbc75f36cc15934c20a10cacc0750b423568f29ed75e8e248f0e
Expected result: 0xf9, 0x79, 0xd9, 0x6d, 0x05, 0x37, 0xfb, 0xc7, 0x5f, 0x36, 0xcc, 0x15, 0x93, 0x4c, 0x20, 0xa1, 0x0c, 0xac, 0xc0, 0x75, 0x0b, 0x42, 0x35, 0x68, 0xf2, 0x9e, 0xd7, 0x5e, 0x8e, 0x24, 0x8f, 0x0e
[1F[0J[?25h[0;39;49mBench Clock Reset Complete
ATE0-->OK
AT+BLEINIT=0-->OK
AT+CWMODE=0-->OK
Cycle counts:          43189947, 42360312, 42279047, 42330201, 42330183, 42330183, 42330183, 42330183, 42330183, 42330183, 42330183, 42330183, 42330183, 42330183, 42330183, 42330183, 42330183, 42330183, 42330183, 42330183, 42330183, 42330183, 42330183, 42330183, 42330183, 42330183, 42330183, 42330183, 42330183, 42330183, 42330183, 42330183, 42330183, 42330183, 42330183, 42330183, 42330183, 42330183, 42330183, 42330183, 42330183, 42330183, 42330183, 42330183, 42330183, 42330183, 42330183, 42330183, 42330183, 42330183, 
Branch mispredictions:          9803,  18057,   9998,  30209,  30203,  30203,  30203,  30203,  30203,  30203,  30203,  30203,  30203,  30203,  30203,  30203,  30203,  30203,  30203,  30203,  30203,  30203,  30203,  30203,  30203,  30203,  30203,  30203,  30203,  30203,  30203,  30203,  30203,  30203,  30203,  30203,  30203,  30203,  30203,  30203,  30203,  30203,  30203,  30203,  30203,  30203,  30203,  30203,  30203,  30203, 
ICache misses:       420,     29,      4,      0,      0,      0,      0,      0,      0,      0,      0,      0,      0,      0,      0,      0,      0,      0,      0,      0,      0,      0,      0,      0,      0,      0,      0,      0,      0,      0,      0,      0,      0,      0,      0,      0,      0,      0,      0,      0,      0,      0,      0,      0,      0,      0,      0,      0,      0,      0, 
Result: 3056866fe7d2495d4387f7c36cfe088eac22c2b063ba4ff2c25a9d49a368e809
Expected result: 0x30, 0x56, 0x86, 0x6f, 0xe7, 0xd2, 0x49, 0x5d, 0x43, 0x87, 0xf7, 0xc3, 0x6c, 0xfe, 0x08, 0x8e, 0xac, 0x22, 0xc2, 0xb0, 0x63, 0xba, 0x4f, 0xf2, 0xc2, 0x5a, 0x9d, 0x49, 0xa3, 0x68, 0xe8, 0x09
[1F[0J[?25h[0;39;49mBench Clock Reset Complete
ATE0-->ATE0
OK
AT+BLEINIT=0-->OK
AT+CWMODE=0-->OK
Cycle counts:          43235885, 42356214, 42306645, 42296089, 42293605, 42293605, 42293605, 42293605, 42293605, 42293605, 42293605, 42293605, 42293605, 42293605, 42293605, 42293605, 42293605, 42293605, 42293605, 42293605, 42293605, 42293605, 42293605, 42293605, 42293605, 42293605, 42293605, 42293605, 42293605, 42293605, 42293605, 42293605, 42293605, 42293605, 42293605, 42293605, 42293605, 42293605, 42293605, 42293605, 42293605, 42293605, 42293605, 42293605, 42293605, 42293605, 42293605, 42293605, 42293605, 42293605, 
Branch mispredictions:         33044,  19337,  17592,  18088,  18062,  18062,  18062,  18062,  18062,  18062,  18062,  18062,  18062,  18062,  18062,  18062,  18062,  18062,  18062,  18062,  18062,  18062,  18062,  18062,  18062,  18062,  18062,  18062,  18062,  18062,  18062,  18062,  18062,  18062,  18062,  18062,  18062,  18062,  18062,  18062,  18062,  18062,  18062,  18062,  18062,  18062,  18062,  18062,  18062,  18062, 
ICache misses:       411,     24,      6,      1,      0,      0,      0,      0,      0,      0,      0,      0,      0,      0,      0,      0,      0,      0,      0,      0,      0,      0,      0,      0,      0,      0,      0,      0,      0,      0,      0,      0,      0,      0,      0,      0,      0,      0,      0,      0,      0,      0,      0,      0,      0,      0,      0,      0,      0,      0, 
Result: 239d23c032391dd6fea25550aa5f81ea37a63ddfc1e790d75f594523f9f8ea51
Expected result: 0x23, 0x9d, 0x23, 0xc0, 0x32, 0x39, 0x1d, 0xd6, 0xfe, 0xa2, 0x55, 0x50, 0xaa, 0x5f, 0x81, 0xea, 0x37, 0xa6, 0x3d, 0xdf, 0xc1, 0xe7, 0x90, 0xd7, 0x5f, 0x59, 0x45, 0x23, 0xf9, 0xf8, 0xea, 0x51
[1F[0J[?25h[0;39;49mBench Clock Reset Complete
ATE0-->OK
AT+BLEINIT=0-->OK
AT+CWMODE=0-->OK
Cycle counts:          43189948, 42345305, 42293604, 42285593, 42278556, 42283836, 42285593, 42278556, 42283836, 42285593, 42278556, 42283836, 42285593, 42278556, 42283836, 42285593, 42278556, 42283836, 42285593, 42278556, 42283836, 42285593, 42278556, 42283836, 42285593, 42278556, 42283836, 42285593, 42278556, 42283836, 42285593, 42278556, 42283836, 42285593, 42278556, 42283836, 42285593, 42278556, 42283836, 42285593, 42278556, 42283836, 42285593, 42278556, 42283836, 42285593, 42278556, 42283836, 42285593, 42278556, 
Branch mispredictions:          9804,  13054,  14850,  15390,  13044,  14804,  15390,  13044,  14804,  15390,  13044,  14804,  15390,  13044,  14804,  15390,  13044,  14804,  15390,  13044,  14804,  15390,  13044,  14804,  15390,  13044,  14804,  15390,  13044,  14804,  15390,  13044,  14804,  15390,  13044,  14804,  15390,  13044,  14804,  15390,  13044,  14804,  15390,  13044,  14804,  15390,  13044,  14804,  15390,  13044, 
ICache misses:       420,     29,      4,      0,      0,      0,      0,      0,      0,      0,      0,      0,      0,      0,      0,      0,      0,      0,      0,      0,      0,      0,      0,      0,      0,      0,      0,      0,      0,      0,      0,      0,      0,      0,      0,      0,      0,      0,      0,      0,      0,      0,      0,      0,      0,      0,      0,      0,      0,      0, 
Result: 42758687c84d640a81aca355416c5ca1b61338f16f85427597786bcae566fc42
Expected result: 0x42, 0x75, 0x86, 0x87, 0xc8, 0x4d, 0x64, 0x0a, 0x81, 0xac, 0xa3, 0x55, 0x41, 0x6c, 0x5c, 0xa1, 0xb6, 0x13, 0x38, 0xf1, 0x6f, 0x85, 0x42, 0x75, 0x97, 0x78, 0x6b, 0xca, 0xe5, 0x66, 0xfc, 0x42
[1F[0J[?25h[0;39;49mBench Clock Reset Complete
ATE0-->ATE0
OK
AT+BLEINIT=0-->OK
AT+CWMODE=0-->OK
Cycle counts:          43265662, 42352370, 42283863, 42332609, 42330183, 42330183, 42330183, 42330183, 42330183, 42330183, 42330183, 42330183, 42330183, 42330183, 42330183, 42330183, 42330183, 42330183, 42330183, 42330183, 42330183, 42330183, 42330183, 42330183, 42330183, 42330183, 42330183, 42330183, 42330183, 42330183, 42330183, 42330183, 42330183, 42330183, 42330183, 42330183, 42330183, 42330183, 42330183, 42330183, 42330183, 42330183, 42330183, 42330183, 42330183, 42330183, 42330183, 42330183, 42330183, 42330183, 
Branch mispredictions:         42968,  18057,   9998,  30209,  30203,  30203,  30203,  30203,  30203,  30203,  30203,  30203,  30203,  30203,  30203,  30203,  30203,  30203,  30203,  30203,  30203,  30203,  30203,  30203,  30203,  30203,  30203,  30203,  30203,  30203,  30203,  30203,  30203,  30203,  30203,  30203,  30203,  30203,  30203,  30203,  30203,  30203,  30203,  30203,  30203,  30203,  30203,  30203,  30203,  30203, 
ICache misses:       411,     24,      6,      1,      0,      0,      0,      0,      0,      0,      0,      0,      0,      0,      0,      0,      0,      0,      0,      0,      0,      0,      0,      0,      0,      0,      0,      0,      0,      0,      0,      0,      0,      0,      0,      0,      0,      0,      0,      0,      0,      0,      0,      0,      0,      0,      0,      0,      0,      0, 
Result: 092538b737c38e999cbf8110a068b1589201530a87cd13c0af411d2cc591892e
Expected result: 0x09, 0x25, 0x38, 0xb7, 0x37, 0xc3, 0x8e, 0x99, 0x9c, 0xbf, 0x81, 0x10, 0xa0, 0x68, 0xb1, 0x58, 0x92, 0x01, 0x53, 0x0a, 0x87, 0xcd, 0x13, 0xc0, 0xaf, 0x41, 0x1d, 0x2c, 0xc5, 0x91, 0x89, 0x2e
[1F[0J[?25h[0;39;49mBench Clock Reset Complete
ATE0-->OK
AT+BLEINIT=0-->OK
AT+CWMODE=0-->ERR CODE:0x01080000
ERROR
Cycle counts:          43272749, 42340108, 42312952, 42322061, 42296271, 42319651, 42296265, 42296226, 42296226, 42296226, 42296226, 42296226, 42296226, 42296226, 42296226, 42296226, 42296226, 42296226, 42296226, 42296226, 42296226, 42296226, 42296226, 42296226, 42296226, 42296226, 42296226, 42296226, 42296226, 42296226, 42296226, 42296226, 42296226, 42296226, 42296226, 42296226, 42296226, 42296226, 42296226, 42296226, 42296226, 42296226, 42296226, 42296226, 42296226, 42296226, 42296226, 42296226, 42296226, 42296226, 
Branch mispredictions:         43111,  17177,  18091,  26746,  18951,  26745,  18949,  18936,  18936,  18936,  18936,  18936,  18936,  18936,  18936,  18936,  18936,  18936,  18936,  18936,  18936,  18936,  18936,  18936,  18936,  18936,  18936,  18936,  18936,  18936,  18936,  18936,  18936,  18936,  18936,  18936,  18936,  18936,  18936,  18936,  18936,  18936,  18936,  18936,  18936,  18936,  18936,  18936,  18936,  18936, 
ICache misses:       413,     21,      8,      1,      0,      0,      0,      0,      0,      0,      0,      0,      0,      0,      0,      0,      0,      0,      0,      0,      0,      0,      0,      0,      0,      0,      0,      0,      0,      0,      0,      0,      0,      0,      0,      0,      0,      0,      0,      0,      0,      0,      0,      0,      0,      0,      0,      0,      0,      0, 
Result: 45c25c1434c060d6d766d8c4d796125b3ec1832109c1bb20fd48547b79631414
Expected result: 0x45, 0xc2, 0x5c, 0x14, 0x34, 0xc0, 0x60, 0xd6, 0xd7, 0x66, 0xd8, 0xc4, 0xd7, 0x96, 0x12, 0x5b, 0x3e, 0xc1, 0x83, 0x21, 0x09, 0xc1, 0xbb, 0x20, 0xfd, 0x48, 0x54, 0x7b, 0x79, 0x63, 0x14, 0x14
[1F[0J[?25h[0;39;49mBench Clock Reset Complete
ATE0-->ATE0
OK
AT+BLEINIT=0-->OK
AT+CWMODE=0-->OK
Cycle counts:          43235880, 42352370, 42283863, 42332609, 42330183, 42330183, 42330183, 42330183, 42330183, 42330183, 42330183, 42330183, 42330183, 42330183, 42330183, 42330183, 42330183, 42330183, 42330183, 42330183, 42330183, 42330183, 42330183, 42330183, 42330183, 42330183, 42330183, 42330183, 42330183, 42330183, 42330183, 42330183, 42330183, 42330183, 42330183, 42330183, 42330183, 42330183, 42330183, 42330183, 42330183, 42330183, 42330183, 42330183, 42330183, 42330183, 42330183, 42330183, 42330183, 42330183, 
Branch mispredictions:         33042,  18057,   9998,  30209,  30203,  30203,  30203,  30203,  30203,  30203,  30203,  30203,  30203,  30203,  30203,  30203,  30203,  30203,  30203,  30203,  30203,  30203,  30203,  30203,  30203,  30203,  30203,  30203,  30203,  30203,  30203,  30203,  30203,  30203,  30203,  30203,  30203,  30203,  30203,  30203,  30203,  30203,  30203,  30203,  30203,  30203,  30203,  30203,  30203,  30203, 
ICache misses:       411,     24,      6,      1,      0,      0,      0,      0,      0,      0,      0,      0,      0,      0,      0,      0,      0,      0,      0,      0,      0,      0,      0,      0,      0,      0,      0,      0,      0,      0,      0,      0,      0,      0,      0,      0,      0,      0,      0,      0,      0,      0,      0,      0,      0,      0,      0,      0,      0,      0, 
Result: 80ef99a8376cd2f7e791e6b79826c2d65cfc0b1fed3d336cdd306fc2f8497f19
Expected result: 0x80, 0xef, 0x99, 0xa8, 0x37, 0x6c, 0xd2, 0xf7, 0xe7, 0x91, 0xe6, 0xb7, 0x98, 0x26, 0xc2, 0xd6, 0x5c, 0xfc, 0x0b, 0x1f, 0xed, 0x3d, 0x33, 0x6c, 0xdd, 0x30, 0x6f, 0xc2, 0xf8, 0x49, 0x7f, 0x19
[1F[0J[?25h[0;39;49mBench Clock Reset Complete
ATE0-->OK
AT+BLEINIT=0-->OK
AT+CWMODE=0-->OK
Cycle counts:          43258266, 42350962, 42293831, 42272328, 42283023, 42283014, 42283014, 42283014, 42283014, 42283014, 42283014, 42283014, 42283014, 42283014, 42283014, 42283014, 42283014, 42283014, 42283014, 42283014, 42283014, 42283014, 42283014, 42283014, 42283014, 42283014, 42283014, 42283014, 42283014, 42283014, 42283014, 42283014, 42283014, 42283014, 42283014, 42283014, 42283014, 42283014, 42283014, 42283014, 42283014, 42283014, 42283014, 42283014, 42283014, 42283014, 42283014, 42283014, 42283014, 42283014, 
Branch mispredictions:         32577,  14940,  14926,  10968,  14533,  14530,  14530,  14530,  14530,  14530,  14530,  14530,  14530,  14530,  14530,  14530,  14530,  14530,  14530,  14530,  14530,  14530,  14530,  14530,  14530,  14530,  14530,  14530,  14530,  14530,  14530,  14530,  14530,  14530,  14530,  14530,  14530,  14530,  14530,  14530,  14530,  14530,  14530,  14530,  14530,  14530,  14530,  14530,  14530,  14530, 
ICache misses:       420,     29,      4,      0,      0,      0,      0,      0,      0,      0,      0,      0,      0,      0,      0,      0,      0,      0,      0,      0,      0,      0,      0,      0,      0,      0,      0,      0,      0,      0,      0,      0,      0,      0,      0,      0,      0,      0,      0,      0,      0,      0,      0,      0,      0,      0,      0,      0,      0,      0, 
Result: 1f64a71bb35507151c0b37fd87d8ab62999da01e390eda0f20db874c54ca922b
Expected result: 0x1f, 0x64, 0xa7, 0x1b, 0xb3, 0x55, 0x07, 0x15, 0x1c, 0x0b, 0x37, 0xfd, 0x87, 0xd8, 0xab, 0x62, 0x99, 0x9d, 0xa0, 0x1e, 0x39, 0x0e, 0xda, 0x0f, 0x20, 0xdb, 0x87, 0x4c, 0x54, 0xca, 0x92, 0x2b
[1F[0J[?25h[0;39;49mBench Clock Reset Complete
ATE0-->ATE0
OK
AT+BLEINIT=0-->OK
AT+CWMODE=0-->OK
Cycle counts:          43234493, 42356208, 42308136, 42322061, 42296271, 42319651, 42296265, 42296226, 42296226, 42296226, 42296226, 42296226, 42296226, 42296226, 42296226, 42296226, 42296226, 42296226, 42296226, 42296226, 42296226, 42296226, 42296226, 42296226, 42296226, 42296226, 42296226, 42296226, 42296226, 42296226, 42296226, 42296226, 42296226, 42296226, 42296226, 42296226, 42296226, 42296226, 42296226, 42296226, 42296226, 42296226, 42296226, 42296226, 42296226, 42296226, 42296226, 42296226, 42296226, 42296226, 
Branch mispredictions:         32580,  19335,  18091,  26746,  18951,  26745,  18949,  18936,  18936,  18936,  18936,  18936,  18936,  18936,  18936,  18936,  18936,  18936,  18936,  18936,  18936,  18936,  18936,  18936,  18936,  18936,  18936,  18936,  18936,  18936,  18936,  18936,  18936,  18936,  18936,  18936,  18936,  18936,  18936,  18936,  18936,  18936,  18936,  18936,  18936,  18936,  18936,  18936,  18936,  18936, 
ICache misses:       411,     24,      6,      1,      0,      0,      0,      0,      0,      0,      0,      0,      0,      0,      0,      0,      0,      0,      0,      0,      0,      0,      0,      0,      0,      0,      0,      0,      0,      0,      0,      0,      0,      0,      0,      0,      0,      0,      0,      0,      0,      0,      0,      0,      0,      0,      0,      0,      0,      0, 
Result: 7a045dbee8639259f60fe0f3410e1f396a4cc4dd79b53ea14e108fd85d5e2340
Expected result: 0x7a, 0x04, 0x5d, 0xbe, 0xe8, 0x63, 0x92, 0x59, 0xf6, 0x0f, 0xe0, 0xf3, 0x41, 0x0e, 0x1f, 0x39, 0x6a, 0x4c, 0xc4, 0xdd, 0x79, 0xb5, 0x3e, 0xa1, 0x4e, 0x10, 0x8f, 0xd8, 0x5d, 0x5e, 0x23, 0x40
[1F[0J[?25h[0;39;49mBench Clock Reset Complete
ATE0-->OK
AT+BLEINIT=0-->OK
AT+CWMODE=0-->OK
Cycle counts:          43289879, 42360312, 42279047, 42330201, 42330183, 42330183, 42330183, 42330183, 42330183, 42330183, 42330183, 42330183, 42330183, 42330183, 42330183, 42330183, 42330183, 42330183, 42330183, 42330183, 42330183, 42330183, 42330183, 42330183, 42330183, 42330183, 42330183, 42330183, 42330183, 42330183, 42330183, 42330183, 42330183, 42330183, 42330183, 42330183, 42330183, 42330183, 42330183, 42330183, 42330183, 42330183, 42330183, 42330183, 42330183, 42330183, 42330183, 42330183, 42330183, 42330183, 
Branch mispredictions:         43115,  18057,   9998,  30209,  30203,  30203,  30203,  30203,  30203,  30203,  30203,  30203,  30203,  30203,  30203,  30203,  30203,  30203,  30203,  30203,  30203,  30203,  30203,  30203,  30203,  30203,  30203,  30203,  30203,  30203,  30203,  30203,  30203,  30203,  30203,  30203,  30203,  30203,  30203,  30203,  30203,  30203,  30203,  30203,  30203,  30203,  30203,  30203,  30203,  30203, 
ICache misses:       420,     29,      4,      0,      0,      0,      0,      0,      0,      0,      0,      0,      0,      0,      0,      0,      0,      0,      0,      0,      0,      0,      0,      0,      0,      0,      0,      0,      0,      0,      0,      0,      0,      0,      0,      0,      0,      0,      0,      0,      0,      0,      0,      0,      0,      0,      0,      0,      0,      0, 
Result: 901b7ed1fcc9df133b7d4208cc86009072b340feaded0aab869873ee54464961
Expected result: 0x90, 0x1b, 0x7e, 0xd1, 0xfc, 0xc9, 0xdf, 0x13, 0x3b, 0x7d, 0x42, 0x08, 0xcc, 0x86, 0x00, 0x90, 0x72, 0xb3, 0x40, 0xfe, 0xad, 0xed, 0x0a, 0xab, 0x86, 0x98, 0x73, 0xee, 0x54, 0x46, 0x49, 0x61
[1F[0J[?25h[0;39;49mBench Clock Reset Complete
ATE0-->ATE0
OK
AT+BLEINIT=0-->OK
AT+CWMODE=0-->OK
Cycle counts:          43266093, 42356208, 42308136, 42322061, 42296271, 42319651, 42296265, 42296226, 42296226, 42296226, 42296226, 42296226, 42296226, 42296226, 42296226, 42296226, 42296226, 42296226, 42296226, 42296226, 42296226, 42296226, 42296226, 42296226, 42296226, 42296226, 42296226, 42296226, 42296226, 42296226, 42296226, 42296226, 42296226, 42296226, 42296226, 42296226, 42296226, 42296226, 42296226, 42296226, 42296226, 42296226, 42296226, 42296226, 42296226, 42296226, 42296226, 42296226, 42296226, 42296226, 
Branch mispredictions:         43114,  19335,  18091,  26746,  18951,  26745,  18949,  18936,  18936,  18936,  18936,  18936,  18936,  18936,  18936,  18936,  18936,  18936,  18936,  18936,  18936,  18936,  18936,  18936,  18936,  18936,  18936,  18936,  18936,  18936,  18936,  18936,  18936,  18936,  18936,  18936,  18936,  18936,  18936,  18936,  18936,  18936,  18936,  18936,  18936,  18936,  18936,  18936,  18936,  18936, 
ICache misses:       411,     24,      6,      1,      0,      0,      0,      0,      0,      0,      0,      0,      0,      0,      0,      0,      0,      0,      0,      0,      0,      0,      0,      0,      0,      0,      0,      0,      0,      0,      0,      0,      0,      0,      0,      0,      0,      0,      0,      0,      0,      0,      0,      0,      0,      0,      0,      0,      0,      0, 
Result: 4c6ed9092ed7c31ed02847bbd2bb342d3725230a1d70db1480c713a0a04ea960
Expected result: 0x4c, 0x6e, 0xd9, 0x09, 0x2e, 0xd7, 0xc3, 0x1e, 0xd0, 0x28, 0x47, 0xbb, 0xd2, 0xbb, 0x34, 0x2d, 0x37, 0x25, 0x23, 0x0a, 0x1d, 0x70, 0xdb, 0x14, 0x80, 0xc7, 0x13, 0xa0, 0xa0, 0x4e, 0xa9, 0x60
[1F[0J[?25h[0;39;49mBench Clock Reset Complete
ATE0-->OK
AT+BLEINIT=0-->OK
AT+CWMODE=0-->OK
Cycle counts:          43289873, 42360312, 42279047, 42330201, 42330183, 42330183, 42330183, 42330183, 42330183, 42330183, 42330183, 42330183, 42330183, 42330183, 42330183, 42330183, 42330183, 42330183, 42330183, 42330183, 42330183, 42330183, 42330183, 42330183, 42330183, 42330183, 42330183, 42330183, 42330183, 42330183, 42330183, 42330183, 42330183, 42330183, 42330183, 42330183, 42330183, 42330183, 42330183, 42330183, 42330183, 42330183, 42330183, 42330183, 42330183, 42330183, 42330183, 42330183, 42330183, 42330183, 
Branch mispredictions:         43113,  18057,   9998,  30209,  30203,  30203,  30203,  30203,  30203,  30203,  30203,  30203,  30203,  30203,  30203,  30203,  30203,  30203,  30203,  30203,  30203,  30203,  30203,  30203,  30203,  30203,  30203,  30203,  30203,  30203,  30203,  30203,  30203,  30203,  30203,  30203,  30203,  30203,  30203,  30203,  30203,  30203,  30203,  30203,  30203,  30203,  30203,  30203,  30203,  30203, 
ICache misses:       420,     29,      4,      0,      0,      0,      0,      0,      0,      0,      0,      0,      0,      0,      0,      0,      0,      0,      0,      0,      0,      0,      0,      0,      0,      0,      0,      0,      0,      0,      0,      0,      0,      0,      0,      0,      0,      0,      0,      0,      0,      0,      0,      0,      0,      0,      0,      0,      0,      0, 
Result: 636ca3d74ccd0c47696c4b20341b52266534c99e78f45bcee2bf3f64881ddf1a
Expected result: 0x63, 0x6c, 0xa3, 0xd7, 0x4c, 0xcd, 0x0c, 0x47, 0x69, 0x6c, 0x4b, 0x20, 0x34, 0x1b, 0x52, 0x26, 0x65, 0x34, 0xc9, 0x9e, 0x78, 0xf4, 0x5b, 0xce, 0xe2, 0xbf, 0x3f, 0x64, 0x88, 0x1d, 0xdf, 0x1a
[1F[0J[?25h[0;39;49mBench Clock Reset Complete
ATE0-->ATE0
OK
AT+BLEINIT=0-->OK
AT+CWMODE=0-->OK
Cycle counts:          43266093, 42356208, 42308136, 42322061, 42296271, 42319651, 42296265, 42296226, 42296226, 42296226, 42296226, 42296226, 42296226, 42296226, 42296226, 42296226, 42296226, 42296226, 42296226, 42296226, 42296226, 42296226, 42296226, 42296226, 42296226, 42296226, 42296226, 42296226, 42296226, 42296226, 42296226, 42296226, 42296226, 42296226, 42296226, 42296226, 42296226, 42296226, 42296226, 42296226, 42296226, 42296226, 42296226, 42296226, 42296226, 42296226, 42296226, 42296226, 42296226, 42296226, 
Branch mispredictions:         43114,  19335,  18091,  26746,  18951,  26745,  18949,  18936,  18936,  18936,  18936,  18936,  18936,  18936,  18936,  18936,  18936,  18936,  18936,  18936,  18936,  18936,  18936,  18936,  18936,  18936,  18936,  18936,  18936,  18936,  18936,  18936,  18936,  18936,  18936,  18936,  18936,  18936,  18936,  18936,  18936,  18936,  18936,  18936,  18936,  18936,  18936,  18936,  18936,  18936, 
ICache misses:       411,     24,      6,      1,      0,      0,      0,      0,      0,      0,      0,      0,      0,      0,      0,      0,      0,      0,      0,      0,      0,      0,      0,      0,      0,      0,      0,      0,      0,      0,      0,      0,      0,      0,      0,      0,      0,      0,      0,      0,      0,      0,      0,      0,      0,      0,      0,      0,      0,      0, 
Result: 4d4e4b2f05e8ee672154b4d48d0fcb8392edf158c3ad8b875829a865b29bb70e
Expected result: 0x4d, 0x4e, 0x4b, 0x2f, 0x05, 0xe8, 0xee, 0x67, 0x21, 0x54, 0xb4, 0xd4, 0x8d, 0x0f, 0xcb, 0x83, 0x92, 0xed, 0xf1, 0x58, 0xc3, 0xad, 0x8b, 0x87, 0x58, 0x29, 0xa8, 0x65, 0xb2, 0x9b, 0xb7, 0x0e
[1F[0J[?25h[0;39;49mBench Clock Reset Complete
ATE0-->OK
AT+BLEINIT=0-->OK
AT+CWMODE=0-->OK
Cycle counts:          43258270, 42360312, 42279047, 42330201, 42330183, 42330183, 42330183, 42330183, 42330183, 42330183, 42330183, 42330183, 42330183, 42330183, 42330183, 42330183, 42330183, 42330183, 42330183, 42330183, 42330183, 42330183, 42330183, 42330183, 42330183, 42330183, 42330183, 42330183, 42330183, 42330183, 42330183, 42330183, 42330183, 42330183, 42330183, 42330183, 42330183, 42330183, 42330183, 42330183, 42330183, 42330183, 42330183, 42330183, 42330183, 42330183, 42330183, 42330183, 42330183, 42330183, 
Branch mispredictions:         32578,  18057,   9998,  30209,  30203,  30203,  30203,  30203,  30203,  30203,  30203,  30203,  30203,  30203,  30203,  30203,  30203,  30203,  30203,  30203,  30203,  30203,  30203,  30203,  30203,  30203,  30203,  30203,  30203,  30203,  30203,  30203,  30203,  30203,  30203,  30203,  30203,  30203,  30203,  30203,  30203,  30203,  30203,  30203,  30203,  30203,  30203,  30203,  30203,  30203, 
ICache misses:       420,     29,      4,      0,      0,      0,      0,      0,      0,      0,      0,      0,      0,      0,      0,      0,      0,      0,      0,      0,      0,      0,      0,      0,      0,      0,      0,      0,      0,      0,      0,      0,      0,      0,      0,      0,      0,      0,      0,      0,      0,      0,      0,      0,      0,      0,      0,      0,      0,      0, 
Result: a349dfa00a1d021e82697dee0040c4c04bfee73cfa5f60a58102a3149de45b45
Expected result: 0xa3, 0x49, 0xdf, 0xa0, 0x0a, 0x1d, 0x02, 0x1e, 0x82, 0x69, 0x7d, 0xee, 0x00, 0x40, 0xc4, 0xc0, 0x4b, 0xfe, 0xe7, 0x3c, 0xfa, 0x5f, 0x60, 0xa5, 0x81, 0x02, 0xa3, 0x14, 0x9d, 0xe4, 0x5b, 0x45
[1F[0J[?25h[0;39;49mBench Clock Reset Complete
ATE0-->ATE0
OK
AT+BLEINIT=0-->OK
AT+CWMODE=0-->OK
Cycle counts:          43193187, 42329856, 42344576, 42332377, 42293027, 42330261, 42271529, 42271517, 42271517, 42271517, 42271517, 42271517, 42271517, 42271517, 42271517, 42271517, 42271517, 42271517, 42271517, 42271517, 42271517, 42271517, 42271517, 42271517, 42271517, 42271517, 42271517, 42271517, 42271517, 42271517, 42271517, 42271517, 42271517, 42271517, 42271517, 42271517, 42271517, 42271517, 42271517, 42271517, 42271517, 42271517, 42271517, 42271517, 42271517, 42271517, 42271517, 42271517, 42271517, 42271517, 
Branch mispredictions:         18812,  10552,  30191,  30178,  17866,  30278,  10702,  10698,  10698,  10698,  10698,  10698,  10698,  10698,  10698,  10698,  10698,  10698,  10698,  10698,  10698,  10698,  10698,  10698,  10698,  10698,  10698,  10698,  10698,  10698,  10698,  10698,  10698,  10698,  10698,  10698,  10698,  10698,  10698,  10698,  10698,  10698,  10698,  10698,  10698,  10698,  10698,  10698,  10698,  10698, 
ICache misses:       411,     24,      6,      1,      0,      0,      0,      0,      0,      0,      0,      0,      0,      0,      0,      0,      0,      0,      0,      0,      0,      0,      0,      0,      0,      0,      0,      0,      0,      0,      0,      0,      0,      0,      0,      0,      0,      0,      0,      0,      0,      0,      0,      0,      0,      0,      0,      0,      0,      0, 
Result: 83e0013411f06a8d4d16e5a952138f594293546f952d41ea858be6b55d078773
Expected result: 0x83, 0xe0, 0x01, 0x34, 0x11, 0xf0, 0x6a, 0x8d, 0x4d, 0x16, 0xe5, 0xa9, 0x52, 0x13, 0x8f, 0x59, 0x42, 0x93, 0x54, 0x6f, 0x95, 0x2d, 0x41, 0xea, 0x85, 0x8b, 0xe6, 0xb5, 0x5d, 0x07, 0x87, 0x73
