before mainloop
before mainloop
passed mainloop
before mainloop
passed mainloop
Cycle counts:          277282429, 3987814407, 16000001, 2131488248,   6184, 2147472863,      0, 2147488129,   6336, 2147669440, 4294770687, 537000221, 1610494308, 2415941004, 4026499059, 537000503, 3773966794, 4278967295,      1, 536999064, 
Branch dir mis:        13375923, 2692206758, 2147473168, 15999744, 520999884, 3758082612, 4294852095, 16000001, 520991852, 3758090644, 2147372928, 2147479167, 2147488129, 2415947400, 1879015480, 2147483583, 2147488249, 2147594248, 4294852096, 33554560, 
Branch target mis:    8645069, 1656146825, 3758425644, 4294508800, 4294967039, 2147488129, 2163479168, 4278967552, 4294967039, 2147488129,   6384, 2147472783, 16000001, 2131488128,   6432, 4294957404, 2147482627, 16000001, 2131494576, 2181027280, 
Result: cecc1e0ca2c2ad7a6511ba7d83d93b73a71804e3d353c8aa9ec2ac0a1734106b
Expected result: cecc1e0ca2c2ad7a6511ba7d83d93b73a71804e3d353c8aa9ec2ac0a1734106b
before mainloop
passed mainloop
before mainloop
passed mainloop
Cycle counts:          277160863, 3987593229, 16000001, 2131488248,   6184, 2147472863,      0, 2147488129,   6336, 2147669440, 4294770687, 537000221, 1610494308, 2415941004, 4026499059, 537000503, 3773966794, 4278967295,      0, 536999065, 
Branch dir mis:        13396602, 2665298781, 2147473168, 15999744, 520999884, 3758082612, 4294852095, 16000001, 520991852, 3758090644, 2147372928, 2147479167, 2147488129, 2415947400, 4026499063,      0, 2147488249, 2147594248, 4294852095,      0, 
Branch target mis:    8665032, 1638823176, 3758425644, 4294508800, 4294967039, 2147488129, 2163479168, 4278967552, 4294967039, 2147488129,   6384, 2147472783, 16000001, 2131488128,   6432, 2147472735,      0, 16000001, 2131494576, 2147472719, 
Result: ca44199154d5f6e9f11ff5bb10e2f5436fc07929f1b735f22f315661e8c8d275
Expected result: bac7c1aa1a2fe07c81d019a87fb60a629f270ccf04015335ed1afd0ad7aea561
